780.14618	875.74323
780.15839	877.38196
780.17059	877.09222
780.18274	874.80267
780.19495	876.01587
780.20709	874.64886
780.2193	875.80981
780.23151	873.28943
780.24365	874.96423
780.25586	873.09875
780.26801	873.39246
780.28021	874.81506
780.29242	876.51886
780.30457	877.2804
780.31677	877.74683
780.32892	875.09393
780.34113	876.10608
780.35333	878.75732
780.36548	877.13593
780.37769	873.87122
780.38989	872.85754
780.40204	876.69672
780.41425	875.24811
780.42639	873.92963
780.4386	874.05762
780.45081	869.46667
780.46295	873.2655
780.47516	876.30219
780.4873	875.11853
780.49951	876.10889
780.51172	876.6593
780.52386	878.85443
780.53607	878.31628
780.54822	875.05957
780.56042	875.34204
780.57263	876.31256
780.58478	877.4339
780.59698	877.53943
780.60919	877.66864
780.62134	873.92236
780.63354	873.92236
780.64569	879.14313
780.6579	879.1189
780.6701	876.75745
780.68225	877.62225
780.69446	877.59589
780.7066	874.89264
780.71881	873.53619
780.73102	875.67285
780.74316	877.28503
780.75537	874.867
780.76752	872.90173
780.77972	875.99957
780.79193	876.55377
780.80408	877.89777
780.81628	876.96503
780.82843	873.46783
780.84064	875.07367
780.85284	876.58386
780.86499	875.87079
780.8772	872.63818
780.8894	872.20483
780.90155	874.5434
780.91376	874.68182
780.9259	873.98749
780.93811	873.78918
780.95032	872.05286
780.96246	877.40448
780.97467	875.12006
780.98682	876.40796
780.99902	874.9295
781.01123	874.11774
781.02338	876.66876
781.03558	878.61792
781.04773	872.39032
781.05994	874.75433
781.07214	872.12793
781.08429	869.61029
781.0965	871.49408
781.1087	876.79932
781.12085	879.10114
781.13306	874.95337
781.1452	876.41144
781.15741	873.54297
781.16962	875.87756
781.18176	875.54236
781.19397	876.46252
781.20612	874.2597
781.21832	873.20502
781.23053	875.38739
781.24268	876.04333
781.25488	874.68805
781.26703	876.06396
781.27924	876.64417
781.29144	877.42261
781.30359	876.95227
781.3158	873.35632
781.328	873.50336
781.34015	877.28546
781.35236	876.91833
781.3645	871.25995
781.37671	873.09705
781.38892	874.03857
781.40106	875.76642
781.41327	875.06897
781.42542	876.61194
781.43762	877.05963
781.44983	875.30634
781.46198	873.81757
781.47418	874.78186
781.48633	875.50745
781.49854	875.83832
781.51074	876.41071
781.52289	875.63409
781.5351	876.11707
781.54724	876.25317
781.55945	874.84167
781.57166	873.1601
781.5838	875.03436
781.59601	872.28595
781.60822	878.05255
781.62036	872.50598
781.63257	876.20856
781.64471	877.62567
781.65692	875.56354
781.66913	877.00415
781.68127	877.50281
781.69348	874.61517
781.70563	874.44995
781.71783	877.15167
781.73004	877.12207
781.74219	875.83936
781.75439	875.07111
781.76654	875.9519
781.77875	874.48755
781.79095	875.02893
781.8031	874.49359
781.81531	874.05865
781.82751	877.06219
781.83966	874.09229
781.85187	873.46362
781.86401	873.44836
781.87622	874.11084
781.88843	875.92572
781.90057	875.73267
781.91278	874.4765
781.92493	874.17932
781.93713	872.60651
781.94934	877.43243
781.96149	874.81757
781.97369	873.97491
781.98584	875.04059
781.99805	874.93274
782.01025	874.55646
782.0224	875.24164
782.03461	874.30524
782.04681	874.6496
782.05896	874.94452
782.07117	876.05591
782.08331	875.97925
782.09552	875.22205
782.10773	875.45258
782.11987	875.65948
782.13208	874.91803
782.14423	872.47827
782.15643	874.20148
782.16864	875.13153
782.18079	876.37604
782.19299	875.09283
782.20514	875.005
782.21735	874.19244
782.22955	875.1925
782.2417	874.3324
782.25391	873.24371
782.26605	873.62769
782.27826	874.29681
782.29047	874.23029
782.30261	874.43488
782.31482	875.54974
782.32703	875.45789
782.33917	874.54413
782.35138	877.00006
782.36353	875.06165
782.37573	873.38379
782.38794	876.46423
782.40009	875.52271
782.41229	874.05029
782.42444	870.58289
782.43665	875.59601
782.44885	875.85803
782.461	876.4812
782.47321	875.97534
782.48535	876.02948
782.49756	876.19397
782.50977	876.41382
782.52191	875.60168
782.53412	874.16113
782.54633	876.01544
782.55847	876.26489
782.57068	872.56769
782.58282	875.3952
782.59503	877.70428
782.60724	873.06952
782.61938	877.15851
782.63159	874.7666
782.64374	876.60425
782.65594	875.47595
782.66815	875.34399
782.6803	874.54779
782.6925	876.40631
782.70465	877.13599
782.71686	875.27374
782.72906	874.85632
782.74121	876.84985
782.75342	877.79132
782.76563	876.58618
782.77777	877.43134
782.78998	878.20905
782.80212	874.17896
782.81433	876.16968
782.82654	879.33594
782.83868	873.90118
782.85089	875.21356
782.86304	875.5
782.87524	875.875
782.88745	873.16687
782.8996	873.23596
782.9118	874.60925
782.92395	873.48267
782.93616	873.16864
782.94836	874.87006
782.96051	875.11237
782.97272	875.33044
782.98486	876.09473
782.99707	872.42828
783.00928	874
783.02142	873.91687
783.03363	873.00525
783.04584	873.95129
783.05798	873.13763
783.07019	875.08527
783.08234	876.68872
783.09454	874.0498
783.10675	873.05957
783.1189	872.37238
783.1311	874.27527
783.14325	874.11523
783.15546	872.4632
783.16766	871.85254
783.17981	871.91339
783.19202	873.42236
783.20416	872.82367
783.21637	871.85724
783.22858	874.65277
783.24072	872.64636
783.25293	874.93378
783.26514	873.99451
783.27728	875.69904
783.28949	873.39587
783.30164	873.33661
783.31384	873.75452
783.32605	873.49585
783.3382	874.57294
783.3504	874.89246
783.36255	874.22058
783.37476	873.90405
783.38696	871.88239
783.39911	870.59509
783.41132	873.38696
783.42346	874.57025
783.43567	874.70984
783.44788	875.25092
783.46002	875.44293
783.47223	871.11877
783.48438	873.7887
783.49658	872.79718
783.50879	875.22009
783.52094	875.79871
783.53314	877.35376
783.54535	874.74304
783.5575	871.59753
783.5697	869.92413
783.58185	871.87152
783.59406	872.80762
783.60626	873.547
783.61841	874.8786
783.63062	874.67389
783.64276	875.39264
783.65497	874.88837
783.66718	873.84552
783.67932	871.84778
783.69153	871.76697
783.70367	875.64539
783.71588	875.21576
783.72809	875.48694
783.74023	875.80066
783.75244	875.38757
783.76465	872.97833
783.77679	873.1391
783.789	873.85205
783.80115	872.40338
783.81335	873.10248
783.82556	874.74689
783.83771	871.85022
783.84991	868.85284
783.86206	872.6922
783.87427	874.02454
783.88647	870.23535
783.89862	873.62384
783.91083	875.28046
783.92297	873.21893
783.93518	871.27142
783.94739	874.44574
783.95953	874.97382
783.97174	874.37665
783.98395	873.5777
783.99609	871.51166
784.0083	870.10535
784.02045	871.97595
784.03265	874.75568
784.04486	873.8045
784.05701	871.33276
784.06921	873.22772
784.08136	874.90509
784.09357	874.5163
784.10577	875.5448
784.11792	874.57733
784.13013	871.55359
784.14227	874.07086
784.15448	876.00623
784.16669	875.28894
784.17883	877.64636
784.19104	875.11188
784.20319	877.05054
784.21539	874.29041
784.2276	873.7373
784.23975	874.76544
784.25195	875.96069
784.26416	875.29034
784.27631	873.18231
784.28851	873.00977
784.30066	874.47778
784.31287	874.38263
784.32507	873.35687
784.33722	872.41626
784.34943	874.18689
784.36157	874.49579
784.37378	873.14551
784.38599	873.01996
784.39813	875.15826
784.41034	873.26172
784.42249	875.67004
784.43469	874.08997
784.4469	874.27313
784.45905	872.7821
784.47125	871.76965
784.48346	873.42664
784.49561	872.93842
784.50781	871.37158
784.51996	873.50134
784.53217	872.85864
784.54437	874.97833
784.55652	876.15955
784.56873	874.46515
784.58087	873.89575
784.59308	873.34381
784.60529	872.40485
784.61743	872.64447
784.62964	875.70648
784.64178	874.3587
784.65399	874.25
784.6662	873.89136
784.67834	875.22369
784.69055	875.6922
784.70276	874.90924
784.7149	872.81195
784.72711	875.07855
784.73926	875.30023
784.75146	874.15875
784.76367	875.44647
784.77582	871.43958
784.78802	872.83643
784.80017	873.3432
784.81238	872.00439
784.82458	872.75653
784.83673	873.32343
784.84894	872.83472
784.86108	873.01483
784.87329	874.10956
784.8855	872.53217
784.89764	870.25995
784.90985	874.09991
784.922	872.53082
784.9342	874.09369
784.94641	870.76746
784.95856	872.62537
784.97076	873.8631
784.98297	872.97552
784.99512	873.77325
785.00732	874.22778
785.01947	874.19275
785.03168	871.60614
785.04388	872.08594
785.05603	873.49915
785.06824	872.5257
785.08038	872.58472
785.09259	874.37189
785.1048	874.98102
785.11694	874.37561
785.12915	873.12219
785.1413	872.07153
785.1535	870.15411
785.16571	872.41913
785.17786	875.08472
785.19006	872.65759
785.20227	872.802
785.21442	871.62659
785.22662	870.82135
785.23877	871.83264
785.25098	873.27185
785.26318	871.18579
785.27533	870.18829
785.28754	871.4964
785.29968	872.48334
785.31189	874.12207
785.3241	874.73315
785.33624	873.13397
785.34845	873.68414
785.3606	873.07574
785.3728	871.95355
785.38501	870.23694
785.39716	873.43048
785.40936	874.32343
785.42157	871.62762
785.43372	874.58533
785.44592	870.44855
785.45807	872.00934
785.47028	872.66791
785.48248	872.96088
785.49463	871.73022
785.50684	871.1275
785.51898	872.33173
785.53119	873.21399
785.5434	873.08362
785.55554	873.27515
785.56775	871.97778
785.5799	873.99268
785.5921	873.40436
785.60431	873.23706
785.61646	875.93256
785.62866	874.3183
785.64081	872.7995
785.65302	871.66815
785.66522	873.14661
785.67737	875.06348
785.68958	874.41028
785.70178	873.2301
785.71393	872.87964
785.72614	874.37225
785.73828	874.245
785.75049	872.40552
785.7627	874.55212
785.77484	876.79004
785.78705	874.0174
785.79919	871.83203
785.8114	873.10645
785.82361	873.06262
785.83575	873.83215
785.84796	873.17383
785.86011	875.13922
785.87231	871.58948
785.88452	872.29388
785.89667	872.85327
785.90887	872.29822
785.92108	874.23187
785.93323	875.31696
785.94543	873.21698
785.95758	874.5368
785.96979	874.3631
785.98199	875.20099
785.99414	873.88367
786.00635	875.11353
786.01849	874.14771
786.0307	873.49573
786.04291	872.52057
786.05505	872.46997
786.06726	873.54803
786.07941	874.25452
786.09161	874.06512
786.10382	874.67108
786.11597	874.94861
786.12817	873.22815
786.14038	873.65088
786.15253	874.14801
786.16473	873.06683
786.17688	873.48474
786.18909	873.76068
786.20129	872.76477
786.21344	871.20062
786.22565	871.98584
786.23779	873.10297
786.25	872.64886
786.26221	870.39783
786.27435	875.1665
786.28656	874.1424
786.29871	873.29218
786.31091	874.9184
786.32312	874.2381
786.33527	872.04938
786.34747	874.83124
786.35962	875.263
786.37183	873.21136
786.38403	871.71295
786.39618	873.18854
786.40839	873.11108
786.42059	873.1925
786.43274	872.32385
786.44495	873.00299
786.45709	873.2854
786.4693	872.6189
786.48151	873.10803
786.49365	873.81653
786.50586	874.23523
786.51801	873.16949
786.53021	873.24628
786.54242	871.66083
786.55457	873.63995
786.56677	874.08197
786.57892	874.58014
786.59113	871.16504
786.60333	872.35193
786.61548	874.21283
786.62769	872.52173
786.63989	875.1983
786.65204	873.37775
786.66425	873.41541
786.67639	870.99432
786.6886	871.43066
786.70081	871.30798
786.71295	872.26086
786.72516	873.19885
786.7373	872.78345
786.74951	873.8075
786.76172	873.8869
786.77386	873.00806
786.78607	873.26404
786.79822	873.42224
786.81042	873.38177
786.82263	871.36243
786.83478	871.85944
786.84698	873.45593
786.85919	874.0036
786.87134	874.09955
786.88354	873.70453
786.89569	872.88214
786.9079	870.84863
786.9201	872.29633
786.93225	874.48303
786.94446	870.72424
786.9566	872.14612
786.96881	872.1955
786.98102	871.81415
786.99316	874.07672
787.00537	872.7132
787.01752	871.73358
787.02972	872.90259
787.04193	872.87665
787.05408	873.30688
787.06628	873.13739
787.07843	872.32965
787.09064	872.91492
787.10284	872.34149
787.11499	872.97949
787.1272	872.31079
787.1394	872.80829
787.15155	870.40533
787.16376	871.48712
787.1759	871.17181
787.18811	872.77338
787.20032	872.71136
787.21246	871.28949
787.22467	871.9505
787.23682	873.81787
787.24902	872.40753
787.26123	873.33636
787.27338	871.79639
787.28558	873.30499
787.29773	872.22333
787.30994	870.98773
787.32214	869.08356
787.33429	871.45148
787.3465	873.87286
787.3587	873.00128
787.37085	872.349
787.38306	871.65002
787.3952	871.44965
787.40741	871.75781
787.41962	872.8277
787.43176	873.51031
787.44397	872.20917
787.45612	872.06964
787.46832	872.8988
787.48053	872.45001
787.49268	871.07831
787.50488	871.91235
787.51703	872.3703
787.52924	872.55188
787.54144	873.37054
787.55359	874.48364
787.5658	873.12164
787.578	871.43701
787.59015	871.70172
787.60236	871.86823
787.6145	871.84027
787.62671	871.53931
787.63892	871.25165
787.65106	872.09692
787.66327	872.81366
787.67542	872.4707
787.68762	870.68231
787.69983	871.78552
787.71198	871.06421
787.72418	871.37122
787.73633	873.08435
787.74854	874.15741
787.76074	872.65668
787.77289	871.62207
787.7851	871.47803
787.79724	871.28973
787.80945	872.67657
787.82166	873.70099
787.8338	872.10931
787.84601	870.78778
787.85822	870.24072
787.87036	871.10455
787.88257	872.15912
787.89471	872.74957
787.90692	873.69031
787.91913	872.40149
787.93127	872.49829
787.94348	874.02173
787.95563	871.65442
787.96783	874.59839
787.98004	871.37067
787.99219	873.10132
788.00439	873.83783
788.01654	872.87115
788.02875	872.66199
788.04095	873.33173
788.0531	873.28693
788.06531	871.80164
788.07751	871.43176
788.08966	872.43536
788.10187	871.96478
788.11401	873.14441
788.12622	873.50879
788.13843	871.80859
788.15057	873.1109
788.16278	871.94592
788.17493	870.89288
788.18713	871.50977
788.19934	871.30511
788.21149	873.05627
788.22369	872.89111
788.23584	870.6698
788.24805	872.92773
788.26025	871.29773
788.2724	870.57727
788.28461	871.67755
788.29681	872.19983
788.30896	871.83466
788.32117	871.07642
788.33331	870.9549
788.34552	871.9881
788.35773	872.81323
788.36987	872.72577
788.38208	871.95496
788.39423	871.99762
788.40643	871.26709
788.41864	871.74579
788.43079	872.43951
788.44299	872.69385
788.45514	870.96039
788.46735	871.51709
788.47955	872.32965
788.4917	872.03308
788.50391	871.51788
788.51605	870.9751
788.52826	870.32819
788.54047	870.63715
788.55261	871.72156
788.56482	870.21777
788.57703	871.19061
788.58917	871.65039
788.60138	870.82904
788.61353	871.84125
788.62573	870.52716
788.63794	871.70404
788.65009	870.94965
788.66229	871.97626
788.67444	871.52563
788.68665	871.39362
788.69885	872.50513
788.711	872.31573
788.72321	871.71118
788.73535	871.27271
788.74756	870.5368
788.75977	871.06982
788.77191	870.7757
788.78412	872.98041
788.79633	872.0863
788.80847	871.84827
788.82068	872.40698
788.83282	871.84814
788.84503	870.64703
788.85724	869.76495
788.86938	871.46826
788.88159	871.63153
788.89374	870.93964
788.90594	870.84393
788.91815	871.13666
788.9303	870.73999
788.9425	871.21838
788.95465	870.76678
788.96686	871.39081
788.97906	871.88867
788.99121	870.24329
789.00342	871.0094
789.01563	872.29144
789.02777	871.7558
789.03998	870.91669
789.05212	873.11823
789.06433	871.99707
789.07654	872.02606
789.08868	871.28241
789.10089	872.43951
789.11304	871.58832
789.12524	871.97607
789.13745	871.93652
789.1496	869.95959
789.1618	869.37976
789.17395	869.85303
789.18616	872.83624
789.19836	871.54852
789.21051	872.58356
789.22272	872.81134
789.23486	871.46301
789.24707	869.83282
789.25928	869.77545
789.27142	871.71246
789.28363	868.74799
789.29584	870.48456
789.30798	871.56244
789.32019	871.11926
789.33234	870.32172
789.34454	870.20715
789.35675	870.00476
789.3689	869.87915
789.3811	870.56769
789.39325	871.75134
789.40546	871.61047
789.41766	869.41144
789.42981	871.13861
789.44202	871.20538
789.45416	871.98199
789.46637	870.38611
789.47858	871.38953
789.49072	872.35242
789.50293	872.15741
789.51514	873.26764
789.52728	871.06366
789.53949	870.08618
789.55164	871.84357
789.56384	869.88629
789.57605	871.00165
789.5882	870.84521
789.6004	871.37628
789.61255	870.76721
789.62476	869.77954
789.63696	870.85645
789.64911	870.28943
789.66132	869.73895
789.67346	871.18347
789.68567	871.53473
789.69788	870.67352
789.71002	871.42236
789.72223	871.07104
789.73438	870.67407
789.74658	871.61414
789.75879	872.55273
789.77094	870.83289
789.78314	870.11896
789.79535	871.4212
789.8075	871.82776
789.8197	871.46301
789.83185	871.59131
789.84406	870.2226
789.85626	871.34656
789.86841	871.63116
789.88062	871.81097
789.89276	869.87164
789.90497	872.09711
789.91718	872.35144
789.92932	870.80908
789.94153	870.88153
789.95367	871.07129
789.96588	868.34772
789.97809	870.52087
789.99023	871.00806
790.00244	870.20801
790.01465	871.90936
790.02679	871.97833
790.039	870.70703
790.05115	870.67004
790.06335	871.02222
790.07556	872.54352
790.08771	872.04132
790.09991	870.85913
790.11206	870.74249
790.12427	871.68805
790.13647	870.68457
790.14862	871.00293
790.16083	872.33673
790.17297	870.41663
790.18518	871.91803
790.19739	871.40857
790.20953	870.73877
790.22174	871.96497
790.23395	871.41003
790.24609	871.21295
790.2583	871.59418
790.27045	870.79773
790.28265	869.75433
790.29486	871.6778
790.30701	869.90295
790.31921	871.58258
790.33136	871.40808
790.34357	872.13654
790.35577	872.35822
790.36792	871.46637
790.38013	868.59442
790.39227	869.40515
790.40448	871.13123
790.41669	869.55902
790.42883	871.07086
790.44104	872.76575
790.45319	872.73468
790.46539	870.9491
790.4776	869.94122
790.48975	871.25232
790.50195	870.39935
790.51416	870.20306
790.52631	870.07599
790.53851	868.38049
790.55066	869.29767
790.56287	870.99902
790.57507	870.97955
790.58722	870.10791
790.59943	872.3996
790.61157	873.45013
790.62378	871.60962
790.63599	872.54718
790.64813	870.47644
790.66034	871.46692
790.67249	869.4856
790.68469	871.05249
790.6969	872.0141
790.70905	870.88446
790.72125	872.50598
790.73346	872.15625
790.74561	872.15161
790.75781	871.87488
790.76996	870.7926
790.78217	871.97491
790.79437	872.56909
790.80652	871.85596
790.81873	870.30389
790.83087	869.56317
790.84308	868.88873
790.85529	870.59424
790.86743	870.96375
790.87964	870.91254
790.89178	871.47473
790.90399	871.04755
790.9162	871.28314
790.92834	872.64294
790.94055	872.67657
790.95276	871.56238
790.9649	871.7019
790.97711	872.03271
790.98926	871.09442
791.00146	870.12604
791.01367	869.43439
791.02582	874.88422
791.03802	871.31439
791.05017	870.44763
791.06238	871.99011
791.07458	873.42078
791.08673	870.44092
791.09894	870.80023
791.11108	871.85931
791.12329	872.00708
791.1355	870.26587
791.14764	870.72498
791.15985	872.44421
791.172	871.71973
791.1842	871.20099
791.19641	870.14734
791.20856	870.5755
791.22076	871.51208
791.23297	870.8844
791.24512	870.43591
791.25732	870.67017
791.26947	870.10742
791.28168	870.76428
791.29388	870.93201
791.30603	870.7829
791.31824	871.48688
791.33038	871.59705
791.34259	870.81116
791.3548	869.22284
791.36694	870.73389
791.37915	872.1723
791.3913	871.76752
791.4035	872.08167
791.41571	871.76587
791.42786	870.58417
791.44006	871.85022
791.45227	872.46497
791.46442	870.62128
791.47662	870.93237
791.48877	871.45526
791.50098	870.38849
791.51318	871.66315
791.52533	871.49274
791.53754	870.02069
791.54968	871.72272
791.56189	872.42883
791.5741	871.28009
791.58624	871.92383
791.59845	871.43671
791.6106	870.08179
791.6228	871.71594
791.63501	872.0545
791.64716	872.36102
791.65936	871.33405
791.67157	871.93555
791.68372	871.07642
791.69592	870.08154
791.70807	870.32385
791.72028	872.5921
791.73248	872.86707
791.74463	871.10907
791.75684	872.40875
791.76898	872.66089
791.78119	872.24933
791.7934	870.96405
791.80554	871.56134
791.81775	872.10883
791.8299	872.46387
791.8421	871.40173
791.85431	872.33948
791.86646	872.80481
791.87866	871.49963
791.89081	870.31873
791.90302	871.71997
791.91522	871.95337
791.92737	871.71771
791.93958	871.22876
791.95178	872.16248
791.96393	871.20502
791.97614	870.23236
791.98828	870.81104
792.00049	870.4389
792.0127	870.86115
792.02484	871.92487
792.03705	870.83722
792.04919	872.83466
792.0614	869.55518
792.07361	869.69281
792.08575	871.33972
792.09796	871.15088
792.11011	870.91571
792.12231	870.90436
792.13452	872.52222
792.14667	870.03552
792.15887	870.68903
792.17108	872.11523
792.18323	870.57886
792.19543	871.69788
792.20758	871.32422
792.21979	871.38953
792.23199	871.62341
792.24414	872.12091
792.25635	871.67871
792.26849	871.13184
792.2807	871.02032
792.29291	871.08228
792.30505	871.38629
792.31726	871.13159
792.32941	869.86511
792.34161	870.82904
792.35382	871.43292
792.36597	871.98468
792.37817	871.50604
792.39038	871.39337
792.40253	871.13513
792.41473	871.35284
792.42688	871.18646
792.43909	872.34497
792.45129	871.84229
792.46344	871.73151
792.47565	873.12622
792.48779	871.66205
792.5	871.2381
792.51221	869.77271
792.52435	870.32281
792.53656	870.55145
792.54871	872.11719
792.56091	872.34924
792.57312	871.96063
792.58527	873.44666
792.59747	870.49261
792.60962	872.21246
792.62183	869.94141
792.63403	870.05011
792.64618	870.60394
792.65839	871.53064
792.67059	872.84131
792.68274	872.4881
792.69495	870.35168
792.70709	871.2962
792.7193	871.3067
792.73151	871.85638
792.74365	872.90057
792.75586	872.79059
792.76801	871.64093
792.78021	870.38245
792.79242	870.91504
792.80457	872.14502
792.81677	871.5274
792.82892	871.64783
792.84113	870.5498
792.85333	871.09509
792.86548	870.89307
792.87769	871.19818
792.88989	872.64856
792.90204	870.45764
792.91425	873.13617
792.92639	871.49896
792.9386	872.83136
792.95081	870.75146
792.96295	872.05969
792.97516	871.74579
792.9873	871.29047
792.99951	871.96295
793.01172	870.99548
793.02386	870.71942
793.03607	872.47174
793.04822	872.79803
793.06042	871.68042
793.07263	871.90442
793.08478	871.70795
793.09698	871.73871
793.10919	871.94421
793.12134	872.15051
793.13354	872.43372
793.14569	871.63776
793.1579	870.49329
793.1701	869.20483
793.18225	870.76508
793.19446	871.59625
793.2066	872.19995
793.21881	871.84454
793.23102	872.10565
793.24316	870.30206
793.25537	869.93262
793.26752	870.54401
793.27972	871.07922
793.29193	871.86847
793.30408	871.58722
793.31628	872.94373
793.32843	871.2041
793.34064	871.99872
793.35284	872.05365
793.36499	874.35699
793.3772	872.60419
793.3894	871.36615
793.40155	872.39099
793.41376	871.27637
793.4259	872.33148
793.43811	872.11023
793.45032	871.6236
793.46246	870.30414
793.47467	872.53058
793.48682	873.54987
793.49902	872.68958
793.51123	872.58728
793.52338	872.66284
793.53558	872.65186
793.54773	871.57806
793.55994	870.55945
793.57214	870.32275
793.58429	868.99976
793.5965	871.07031
793.6087	871.08887
793.62085	870.70789
793.63306	871.51868
793.6452	871.94098
793.65741	872.86658
793.66962	872.20978
793.68176	871.96686
793.69397	872.53339
793.70612	871.63849
793.71832	870.65417
793.73053	871.76367
793.74268	872.46857
793.75488	872.12177
793.76703	872.45624
793.77924	871.71722
793.79144	872.26031
793.80359	872.71472
793.8158	871.82477
793.828	872.07825
793.84015	873.45764
793.85236	873.97638
793.8645	872.87292
793.87671	870.698
793.88892	871.97125
793.90106	872.40906
793.91327	874.32269
793.92542	872.05591
793.93762	870.55103
793.94983	872.50793
793.96198	872.27289
793.97418	871.9577
793.98633	873.25146
793.99854	871.58887
794.01074	872.42529
794.02289	871.31427
794.0351	872.74286
794.04724	873.61163
794.05945	872.82349
794.07166	871.09552
794.0838	871.11072
794.09601	871.9104
794.10822	873.50586
794.12036	873.46564
794.13257	871.84949
794.14471	872.40662
794.15692	873.19556
794.16913	872.32098
794.18127	873.14563
794.19348	873.69836
794.20563	872.41718
794.21783	871.57202
794.23004	871.43634
794.24219	871.98053
794.25439	872.57843
794.26654	872.37598
794.27875	872.70178
794.29095	872.1651
794.3031	871.23315
794.31531	871.99664
794.32751	872.30023
794.33966	872.86969
794.35187	872.46222
794.36401	872.74408
794.37622	872.10376
794.38843	873.14978
794.40057	873.03711
794.41278	871.16431
794.42493	873.1618
794.43713	874.75439
794.44934	871.67389
794.46149	873.7243
794.47369	872.17383
794.48584	871.6687
794.49805	874.88135
794.51025	873.54889
794.5224	872.552
794.53461	871.96448
794.54681	872.46674
794.55896	871.64301
794.57117	872.25439
794.58331	871.92444
794.59552	872.55786
794.60773	873.09515
794.61987	872.07703
794.63208	872.30029
794.64423	872.41351
794.65643	872.36115
794.66864	872.93658
794.68079	873.53302
794.69299	873.73358
794.70514	872.95471
794.71735	872.57648
794.72955	873.61694
794.7417	873.44318
794.75391	873.39667
794.76605	872.78552
794.77826	872.94312
794.79047	872.03131
794.80261	873.9397
794.81482	874.32019
794.82703	873.72333
794.83917	872.0191
794.85138	873.13782
794.86353	873.8233
794.87573	872.95264
794.88794	873.75934
794.90009	873.91473
794.91229	870.47736
794.92444	873.03424
794.93665	871.87695
794.94885	872.13293
794.961	872.34766
794.97321	871.79047
794.98535	870.89948
794.99756	871.46442
795.00977	872.78827
795.02191	874.42682
795.03412	874.22522
795.04633	871.43939
795.05847	873.00537
795.07068	872.1012
795.08282	873.55774
795.09503	872.50098
795.10724	871.63507
795.11938	872.21783
795.13159	872.64813
795.14374	873.62616
795.15594	873.63177
795.16815	872.25061
795.1803	871.58569
795.1925	873.19855
795.20465	872.13751
795.21686	872.86597
795.22906	872.50665
795.24121	873.01141
795.25342	874.65356
795.26563	873.98218
795.27777	872.85248
795.28998	874.64258
795.30212	873.38165
795.31433	873.15753
795.32654	872.58636
795.33868	872.83905
795.35089	872.55365
795.36304	873.42902
795.37524	870.92969
795.38745	871.28052
795.3996	874.00928
795.4118	874.90326
795.42395	874.23334
795.43616	873.7005
795.44836	872.5946
795.46051	872.27856
795.47272	872.11163
795.48486	872.38013
795.49707	872.66309
795.50928	871.7041
795.52142	872.05792
795.53363	874.01129
795.54584	874.38678
795.55798	874.24445
795.57019	875.05927
795.58234	873.15784
795.59454	872.92578
795.60675	872.92969
795.6189	874.26367
795.6311	873.61255
795.64325	873.31598
795.65546	872.32275
795.66766	872.11243
795.67981	872.4433
795.69202	872.8667
795.70416	872.66711
795.71637	872.55609
795.72858	872.10834
795.74072	871.24677
795.75293	874.39905
795.76514	872.65417
795.77728	873.69983
795.78949	873.66199
795.80164	872.67444
795.81384	870.80695
795.82605	873.37988
795.8382	875.03973
795.8504	873.82867
795.86255	874.4682
795.87476	873.02405
795.88696	872.36652
795.89911	873.38037
795.91132	873.47479
795.92346	875.24377
795.93567	874.0423
795.94788	874.34821
795.96002	873.84314
795.97223	873.88324
795.98438	873.45654
795.99658	871.89996
796.00879	872.22882
796.02094	872.46631
796.03314	874.66095
796.04535	876.11035
796.0575	875.14459
796.0697	873.41553
796.08185	872.52448
796.09406	872.52625
796.10626	873.50977
796.11841	873.30688
796.13062	873.01404
796.14276	873.05511
796.15497	874.41681
796.16718	874.0976
796.17932	873.14789
796.19153	872.5506
796.20367	874.2052
796.21588	874.27972
796.22809	874.32196
796.24023	874.16174
796.25244	873.52606
796.26465	873.68549
796.27679	874.95605
796.289	876.48566
796.30115	875.62195
796.31335	874.93323
796.32556	874.84906
796.33771	872.56744
796.34991	873.2196
796.36206	874.46918
796.37427	874.70203
796.38647	875.44031
796.39862	872.07672
796.41083	872.96661
796.42297	873.12402
796.43518	875.02216
796.44739	875.81177
796.45953	873.40002
796.47174	872.27972
796.48395	871.57861
796.49609	872.95245
796.5083	874.07837
796.52045	873.45557
796.53265	874.24036
796.54486	874.46606
796.55701	873.51605
796.56921	874.1012
796.58136	874.00647
796.59357	873.55499
796.60577	872.66504
796.61792	873.04071
796.63013	873.02472
796.64227	873.6308
796.65448	873.56525
796.66669	871.60999
796.67883	873.61877
796.69104	875.46729
796.70319	873.90857
796.71539	872.89911
796.7276	873.62268
796.73975	874.47565
796.75195	874.07513
796.76416	873.84161
796.77631	874.50867
796.78851	874.36688
796.80066	872.83765
796.81287	873.00641
796.82507	872.86951
796.83722	873.82849
796.84943	872.55524
796.86157	874.04126
796.87378	874.08142
796.88599	874.52533
796.89813	872.47919
796.91034	873.06427
796.92249	872.91608
796.93469	872.70715
796.9469	872.9361
796.95905	874.48767
796.97125	873.57544
796.98346	874.10876
796.99561	875.46289
797.00781	874.59418
797.01996	873.98804
797.03217	873.80334
797.04437	872.90631
797.05652	874.5752
797.06873	874.01447
797.08087	872.5296
797.09308	873.39581
797.10529	872.98553
797.11743	872.90784
797.12964	873.1499
797.14178	875.27771
797.15399	874.61462
797.1662	874.42773
797.17834	873.57263
797.19055	872.02655
797.20276	872.9408
797.2149	874.35016
797.22711	873.07898
797.23926	874.0257
797.25146	873.6803
797.26367	874.74072
797.27582	876.5658
797.28802	874.52966
797.30017	873.5025
797.31238	875.09894
797.32458	874.30518
797.33673	872.20087
797.34894	874.82788
797.36108	874.81366
797.37329	875.03571
797.3855	874.14093
797.39764	873.06366
797.40985	875.18427
797.422	874.56647
797.4342	873.44086
797.44641	873.78754
797.45856	874.38184
797.47076	874.09436
797.48297	874.37482
797.49512	874.79803
797.50732	873.54968
797.51947	874.43744
797.53168	874.22009
797.54388	874.53168
797.55603	873.64691
797.56824	872.95618
797.58038	873.11688
797.59259	874.51685
797.6048	873.85791
797.61694	874.47528
797.62915	875.52515
797.6413	873.88373
797.6535	875.09735
797.66571	872.90466
797.67786	871.69696
797.69006	872.54669
797.70227	873.67224
797.71442	874.44299
797.72662	875.04962
797.73877	874.086
797.75098	873.80402
797.76318	872.42346
797.77533	875.09271
797.78754	872.5722
797.79968	874.57098
797.81189	873.61853
797.8241	874.51166
797.83624	874.211
797.84845	874.87299
797.8606	873.82062
797.8728	874.36707
797.88501	874.94196
797.89716	873.64343
797.90936	873.07471
797.92157	872.85968
797.93372	872.8465
797.94592	873.62762
797.95807	872.91187
797.97028	873.13123
797.98248	874.3399
797.99463	874.13458
798.00684	873.45886
798.01898	873.22052
798.03119	874.11298
798.0434	874.21558
798.05554	874.02289
798.06775	873.63416
798.0799	872.7951
798.0921	874.15753
798.10431	873.00977
798.11646	873.99835
798.12866	873.23285
798.14081	874.06848
798.15302	872.88916
798.16522	873.42236
798.17737	874.49164
798.18958	873.4798
798.20178	873.39569
798.21393	874.02808
798.22614	873.91748
798.23828	874.55432
798.25049	872.56586
798.2627	873.04852
798.27484	873.1532
798.28705	873.41858
798.29919	872.68732
798.3114	873.74731
798.32361	876.25513
798.33575	876.14301
798.34796	873.68671
798.36011	874.72144
798.37231	876.06494
798.38452	873.15826
798.39667	872.65686
798.40887	872.47803
798.42108	872.56708
798.43323	873.70367
798.44543	873.16443
798.45758	873.68402
798.46979	874.61707
798.48199	873.07379
798.49414	872.47186
798.50635	874.35327
798.51849	873.46667
798.5307	873.32977
798.54291	873.69537
798.55505	873.83923
798.56726	873.30554
798.57941	874.54724
798.59161	874.73334
798.60382	874.50299
798.61597	874.07458
798.62817	872.8819
798.64038	872.89105
798.65253	874.14288
798.66473	874.65741
798.67688	873.01727
798.68909	873.33356
798.70129	873.3089
798.71344	873.21161
798.72565	873.82178
798.73779	873.94977
798.75	874.6637
798.76221	875.62793
798.77435	873.87805
798.78656	874.12982
798.79871	872.97095
798.81091	872.54041
798.82312	874.29865
798.83527	874.841
798.84747	874.31903
798.85962	874.27185
798.87183	875.23505
798.88403	873.69147
798.89618	874.22412
798.90839	873.95532
798.92059	873.51678
798.93274	873.6543
798.94495	875.11377
798.95709	875.4259
798.9693	875.99683
798.98151	874.80786
798.99365	874.59698
799.00586	874.83386
799.01801	872.2973
799.03021	872.80475
799.04242	874.65704
799.05457	875.4259
799.06677	874.6311
799.07892	874.33777
799.09113	874.80743
799.10333	873.94891
799.11548	874.11865
799.12769	874.10333
799.13989	873.87347
799.15204	874.08441
799.16425	873.90717
799.17639	872.68829
799.1886	872.41125
799.20081	871.9325
799.21295	873.06213
799.22516	873.80737
799.2373	873.87085
799.24951	874.69366
799.26172	873.80017
799.27386	874.55157
799.28607	875.8941
799.29822	873.74078
799.31042	873.42328
799.32263	875.0733
799.33478	875.09418
799.34698	874.05627
799.35919	873.38519
799.37134	873.93634
799.38354	874.35846
799.39569	874.75494
799.4079	875.20905
799.4201	875.40466
799.43225	874.55096
799.44446	874.85815
799.4566	873.9563
799.46881	873.98145
799.48102	873.42267
799.49316	874.22803
799.50537	874.04053
799.51752	873.90161
799.52972	873.29193
799.54193	874.36804
799.55408	872.94
799.56628	872.36591
799.57843	873.78192
799.59064	875.09656
799.60284	874.8136
799.61499	873.20917
799.6272	874.02734
799.6394	872.91479
799.65155	872.6189
799.66376	873.28949
799.6759	873.31232
799.68811	874.06537
799.70032	874.42114
799.71246	872.84918
799.72467	873.79547
799.73682	872.92889
799.74902	876.31641
799.76123	873.8938
799.77338	874.74738
799.78558	876.52209
799.79773	873.24945
799.80994	873.31085
799.82214	874.39703
799.83429	873.31256
799.8465	875.06104
799.8587	875.26703
799.87085	873.32739
799.88306	875.12103
799.8952	872.39539
799.90741	875.47595
799.91962	877.6499
799.93176	874.70105
799.94397	873.30316
799.95612	873.39667
799.96832	875.36627
799.98053	873.52594
799.99268	872.26965
800.00488	872.54053
800.01703	874.01239
800.02924	873.91339
800.04144	874.13202
800.05359	873.63708
800.0658	873.47858
800.078	874.47223
800.09015	871.89801
800.10236	872.90216
800.1145	874.52991
800.12671	872.70837
800.13892	874.3111
800.15106	875.36517
800.16327	876.93518
800.17542	873.84991
800.18762	873.60242
800.19983	873.06879
800.21198	874.7395
800.22418	874.36823
800.23633	874.55426
800.24854	873.73297
800.26074	873.90808
800.27289	874.85712
800.2851	873.4881
800.29724	873.90057
800.30945	874.60291
800.32166	874.33057
800.3338	874.6012
800.34601	873.927
800.35822	872.60626
800.37036	872.72211
800.38257	873.73199
800.39471	876.41406
800.40692	875.27594
800.41913	874.04266
800.43127	875.05133
800.44348	874.73401
800.45563	874.26489
800.46783	874.55615
800.48004	873.78766
800.49219	873.9328
800.50439	874.37982
800.51654	874.30499
800.52875	873.69727
800.54095	873.63293
800.5531	873.98676
800.56531	874.90326
800.57751	873.83875
800.58966	873.35034
800.60187	874.42706
800.61401	874.53717
800.62622	874.19604
800.63843	872.75238
800.65057	872.25134
800.66278	875.08038
800.67493	874.91333
800.68713	873.32819
800.69934	872.52252
800.71149	872.99738
800.72369	873.25427
800.73584	873.61261
800.74805	873.6756
800.76025	873.03595
800.7724	874.48981
800.78461	873.13464
800.79681	874.64545
800.80896	871.66168
800.82117	873.21497
800.83331	874.44305
800.84552	873.73785
800.85773	874.26819
800.86987	874.45721
800.88208	875.35889
800.89423	874.43909
800.90643	873.52472
800.91864	873.578
800.93079	873.78589
800.94299	873.96198
800.95514	874.94012
800.96735	875.71472
800.97955	873.57208
800.9917	874.54517
801.00391	874.67181
801.01605	874.18396
801.02826	874.82477
801.04047	873.26563
801.05261	874.17725
801.06482	872.9931
801.07703	875.08093
801.08917	874.30933
801.10138	873.50031
801.11353	874.13538
801.12573	871.88092
801.13794	874.10986
801.15009	874.60791
801.16229	876.20441
801.17444	872.87482
801.18665	872.17584
801.19885	873.8717
801.211	874.55743
801.22321	873.51111
801.23535	873.61804
801.24756	873.96368
801.25977	873.74042
801.27191	874.16699
801.28412	873.81982
801.29633	873.74762
801.30847	874.81586
801.32068	873.19208
801.33282	873.4223
801.34503	872.4964
801.35724	873.25171
801.36938	873.28326
801.38159	872.45197
801.39374	872.99084
801.40594	873.93573
801.41815	874.71918
801.4303	873.70624
801.4425	873.84045
801.45465	875.5022
801.46686	874.97607
801.47906	873.75604
801.49121	874.71265
801.50342	875.1261
801.51563	874.58215
801.52777	874.0108
801.53998	873.55682
801.55212	872.86267
801.56433	873.26941
801.57654	873.91516
801.58868	875.14673
801.60089	876.15442
801.61304	875.32422
801.62524	874.98279
801.63745	874.73798
801.6496	873.34222
801.6618	874.47406
801.67395	873.34619
801.68616	872.59967
801.69836	875.05042
801.71051	872.3006
801.72272	874.74316
801.73486	873.7207
801.74707	872.30182
801.75928	873.85828
801.77142	875.31024
801.78363	875.63025
801.79584	874.77417
801.80798	874.43921
801.82019	874.70197
801.83234	875.9187
801.84454	874.4538
801.85675	874.22418
801.8689	875.52069
801.8811	875.01672
801.89325	874.16205
801.90546	875.47949
801.91766	874.87921
801.92981	873.37543
801.94202	874.40894
801.95416	875.13837
801.96637	874.76544
801.97858	874.59094
801.99072	874.49072
802.00293	874.27246
802.01514	873.84857
802.02728	874.4657
802.03949	873.9953
802.05164	873.78168
802.06384	873.83862
802.07605	874.27069
802.0882	872.57971
802.1004	873.32996
802.11255	875.00903
802.12476	874.73346
802.13696	873.79224
802.14911	874.3924
802.16132	875.18524
802.17346	874.68921
802.18567	874.13721
802.19788	873.88965
802.21002	874.06445
802.22223	874.49976
802.23438	874.34125
802.24658	875.27618
802.25879	874.05414
802.27094	873.38031
802.28314	874.66357
802.29535	874.54541
802.3075	874.59338
802.3197	873.73798
802.33185	873.38147
802.34406	873.86316
802.35626	872.69928
802.36841	873.14331
802.38062	875.12292
802.39276	874.22241
802.40497	874.36432
802.41718	875.23926
802.42932	874.90894
802.44153	874.72656
802.45367	874.02869
802.46588	874.86639
802.47809	874.78894
802.49023	874.448
802.50244	872.81287
802.51465	874.75488
802.52679	874.96686
802.539	874.52014
802.55115	874.38989
802.56335	873.28821
802.57556	873.49481
802.58771	873.0788
802.59991	875.84845
802.61206	873.56903
802.62427	874.78436
802.63647	873.52338
802.64862	873.62848
802.66083	874.54938
802.67297	875.60065
802.68518	874.49054
802.69739	874.4624
802.70953	874.80334
802.72174	876.81421
802.73395	874.18335
802.74609	874.74994
802.7583	873.90863
802.77045	873.98096
802.78265	874.13226
802.79486	873.88019
802.80701	874.15088
802.81921	875.69342
802.83136	875.17993
802.84357	875.8222
802.85577	874.42346
802.86792	874.51245
802.88013	874.33215
802.89227	875.70435
802.90448	874.85406
802.91669	874.87744
802.92883	875.35059
802.94104	873.87933
802.95319	876.0304
802.96539	874.74463
802.9776	874.96863
802.98975	875.71259
803.00195	875.2511
803.01416	875.46906
803.02631	874.229
803.03851	873.63672
803.05066	873.4043
803.06287	876.30804
803.07507	874.24097
803.08722	875.22565
803.09943	875.37476
803.11157	875.96265
803.12378	875.80096
803.13599	875.59259
803.14813	875.51587
803.16034	874.4848
803.17249	875.00031
803.18469	875.85986
803.1969	875.12488
803.20905	875.97089
803.22125	875.32788
803.23346	874.61688
803.24561	875.35284
803.25781	876.07361
803.26996	874.76276
803.28217	874.55383
803.29437	873.91016
803.30652	874.13135
803.31873	875.76355
803.33087	873.3927
803.34308	872.97308
803.35529	874.33875
803.36743	874.89215
803.37964	875.51459
803.39178	874.31635
803.40399	875.00226
803.4162	874.87048
803.42834	873.83209
803.44055	873.89935
803.45276	874.83917
803.4649	874.83728
803.47711	874.96252
803.48926	874.17859
803.50146	873.63403
803.51367	875.14697
803.52582	877.49744
803.53802	875.30231
803.55017	875.01123
803.56238	875.75739
803.57458	875.30975
803.58673	875.7981
803.59894	874.65674
803.61108	874.26782
803.62329	873.70099
803.6355	874.25043
803.64764	875.3772
803.65985	874.74371
803.672	874.40747
803.6842	873.77478
803.69641	875.16986
803.70856	873.71875
803.72076	873.92029
803.73297	874.80579
803.74512	874.13232
803.75732	873.74066
803.76947	873.70221
803.78168	874.54169
803.79388	875.6178
803.80603	875.58002
803.81824	874.81824
803.83038	875.25751
803.84259	874.83868
803.8548	874.32794
803.86694	875.82178
803.87915	875.38782
803.8913	875.58691
803.9035	875.86945
803.91571	875.8927
803.92786	874.98236
803.94006	874.57837
803.95227	874.27289
803.96442	875.71338
803.97662	874.91284
803.98877	874.52911
804.00098	874.54724
804.01318	875.36926
804.02533	874.66504
804.03754	874.25647
804.04968	874.0376
804.06189	874.77374
804.0741	875.48535
804.08624	875.72675
804.09845	873.49866
804.1106	874.75037
804.1228	873.9176
804.13501	872.32379
804.14716	874.11359
804.15936	875.29462
804.17157	874.42255
804.18372	872.8374
804.19592	875.36169
804.20807	875.06055
804.22028	874.89819
804.23248	875.86523
804.24463	875.37909
804.25684	875.01196
804.26898	875.78613
804.28119	874.74243
804.2934	875.18176
804.30554	876.25488
804.31775	875.85748
804.3299	876.25763
804.3421	875.6192
804.35431	875.78015
804.36646	874.83899
804.37866	874.00177
804.39081	873.79242
804.40302	874.54749
804.41522	876.22406
804.42737	874.42249
804.43958	875.35455
804.45178	874.57288
804.46393	874.68439
804.47614	875.96466
804.48828	874.625
804.50049	874.37152
804.5127	873.98962
804.52484	874.93262
804.53705	875.52319
804.54919	876.22144
804.5614	874.94751
804.57361	875.30255
804.58575	873.88538
804.59796	877.08411
804.61011	876.3371
804.62231	875.90363
804.63452	874.88379
804.64667	874.41565
804.65887	875.36646
804.67108	875.24237
804.68323	874.74188
804.69543	874.92859
804.70758	875.25134
804.71979	874.81262
804.73199	874.43298
804.74414	874.33014
804.75635	874.61877
804.76849	875.13165
804.7807	875.02924
804.79291	875.68066
804.80505	874.95197
804.81726	875.52075
804.82941	874.83826
804.84161	873.5849
804.85382	874.51917
804.86597	876.03107
804.87817	876.31464
804.89038	874.93298
804.90253	872.89502
804.91473	874.08539
804.92688	877.09033
804.93909	876.96655
804.95129	875.21442
804.96344	875.98828
804.97565	875.69739
804.98779	876.42706
805	876.17401
805.01221	876.75476
805.02435	875.77081
805.03656	874.32068
805.04871	875.47839
805.06091	876.67242
805.07312	876.76422
805.08527	876.78137
805.09747	876.69763
805.10962	876.07135
805.12183	876.90179
805.13403	874.8855
805.14618	875.43585
805.15839	875.24829
805.17059	874.41858
805.18274	875.90698
805.19495	874.8208
805.20709	875.23846
805.2193	874.3042
805.23151	875.9389
805.24365	874.81946
805.25586	876.24182
805.26801	877.28503
805.28021	877.69257
805.29242	875.85699
805.30457	876.30908
805.31677	874.97668
805.32892	875.85034
805.34113	876.75598
805.35333	875.60309
805.36548	876.16351
805.37769	874.31274
805.38989	874.9696
805.40204	875.89856
805.41425	876.34833
805.42639	876.80029
805.4386	876.17712
805.45081	875.72955
805.46295	875.1087
805.47516	875.20673
805.4873	875.79449
805.49951	875.0824
805.51172	874.2337
805.52386	876.3205
805.53607	875.41046
805.54822	875.50555
805.56042	877.03479
805.57263	874.73138
805.58478	875.28412
805.59698	874.67224
805.60919	876.6723
805.62134	877.2395
805.63354	876.54871
805.64569	875.6546
805.6579	875.01904
805.6701	875.94299
805.68225	876.85895
805.69446	876.93671
805.7066	875.89819
805.71881	874.36938
805.73102	876.06665
805.74316	876.29767
805.75537	877.13574
805.76752	877.06366
805.77972	875.64655
805.79193	875.008
805.80408	874.83344
805.81628	873.87317
805.82843	875.63568
805.84064	876.12524
805.85284	877.13684
805.86499	877.37866
805.8772	875.31854
805.8894	875.4787
805.90155	875.75012
805.91376	875.40027
805.9259	876.49841
805.93811	874.92828
805.95032	874.54712
805.96246	876.76727
805.97467	875.98694
805.98682	875.87769
805.99902	875.92493
806.01123	875.95038
806.02338	874.88849
806.03558	876.05536
806.04773	876.43695
806.05994	875.75482
806.07214	875.77765
806.08429	877.27832
806.0965	878.08069
806.1087	876.95117
806.12085	876.38507
806.13306	876.84943
806.1452	877.16156
806.15741	877.25275
806.16962	877.05792
806.18176	876.34253
806.19397	876.65295
806.20612	876.0235
806.21832	876.28625
806.23053	877.67841
806.24268	876.1264
806.25488	876.16382
806.26703	876.28833
806.27924	877.4519
806.29144	877.31256
806.30359	877.13843
806.3158	876.10632
806.328	876.27148
806.34015	878.37646
806.35236	877.30963
806.3645	876.30267
806.37671	873.60547
806.38892	875.31244
806.40106	875.5993
806.41327	875.63293
806.42542	875.97681
806.43762	876.84839
806.44983	877.04901
806.46198	876.99036
806.47418	875.15503
806.48633	875.33228
806.49854	876.62402
806.51074	877.10095
806.52289	877.23053
806.5351	875.6994
806.54724	877.53113
806.55945	877.09534
806.57166	878.13373
806.5838	877.63873
806.59601	876.62628
806.60822	875.14258
806.62036	877.19092
806.63257	876.76434
806.64471	877.06189
806.65692	876.82587
806.66913	876.11133
806.68127	878.0127
806.69348	876.80341
806.70563	877.07953
806.71783	876.37646
806.73004	876.98834
806.74219	877.55048
806.75439	877.28748
806.76654	877.7926
806.77875	876.91669
806.79095	877.71411
806.8031	877.23877
806.81531	876.64282
806.82751	876.77167
806.83966	878.66388
806.85187	878.4234
806.86401	876.16046
806.87622	877.73022
806.88843	877.401
806.90057	877.94336
806.91278	877.38562
806.92493	878.05908
806.93713	877.89905
806.94934	877.19043
806.96149	877.62567
806.97369	876.58881
806.98584	877.18579
806.99805	877.63403
807.01025	877.53705
807.0224	876.52686
807.03461	876.5993
807.04681	879.64618
807.05896	878.44598
807.07117	874.6366
807.08331	877.6037
807.09552	877.8009
807.10773	876.71069
807.11987	875.03442
807.13208	875.09656
807.14423	877.24658
807.15643	876.40851
807.16864	876.59937
807.18079	876.20636
807.19299	877.13806
807.20514	874.42609
807.21735	877.60492
807.22955	877.13342
807.2417	878.87714
807.25391	876.39709
807.26605	876.24158
807.27826	874.89148
807.29047	878.11859
807.30261	876.68463
807.31482	877.58893
807.32703	877.13501
807.33917	876.90173
807.35138	876.18665
807.36353	874.2049
807.37573	878.18005
807.38794	877.30078
807.40009	876.13367
807.41229	878.1734
807.42444	878.4621
807.43665	878.32001
807.44885	878.24219
807.461	878.71271
807.47321	878.10229
807.48535	877.38074
807.49756	877.39325
807.50977	876.42261
807.52191	877.33984
807.53412	878.19659
807.54633	877.02802
807.55847	878.60413
807.57068	877.34119
807.58282	877.46881
807.59503	875.89502
807.60724	876.80756
807.61938	878.02124
807.63159	877.36536
807.64374	877.53973
807.65594	879.67688
807.66815	878.31824
807.6803	877.41693
807.6925	875.95856
807.70465	879.14252
807.71686	878.27881
807.72906	875.65344
807.74121	879.66003
807.75342	878.84143
807.76563	878.65143
807.77777	879.70734
807.78998	879.14368
807.80212	877.94086
807.81433	878.91467
807.82654	877.60693
807.83868	879.28802
807.85089	879.72589
807.86304	879.99054
807.87524	877.56128
807.88745	878.60663
807.8996	877.65472
807.9118	875.74207
807.92395	876.09583
807.93616	878.14099
807.94836	878.7207
807.96051	880.2594
807.97272	877.99213
807.98486	877.64398
807.99707	879.17584
808.00928	878.68237
808.02142	877.47723
808.03363	880.07776
808.04584	877.92615
808.05798	879.32147
808.07019	881.02942
808.08234	877.70428
808.09454	878.62793
808.10675	879.86835
808.1189	878.20587
808.1311	878.97974
808.14325	878.01318
808.15546	880.66742
808.16766	879.24011
808.17981	881.12396
808.19202	878.9151
808.20416	878.60974
808.21637	876.45532
808.22858	876.52808
808.24072	878.30896
808.25293	877.84021
808.26514	876.2804
808.27728	876.9552
808.28949	880.30829
808.30164	879.13531
808.31384	878.16211
808.32605	879.87
808.3382	878.24121
808.3504	877.95801
808.36255	879.59497
808.37476	879.09943
808.38696	880.7655
808.39911	881.30487
808.41132	880.07526
808.42346	879.92676
808.43567	878.62524
808.44788	879.99377
808.46002	878.37726
808.47223	881.20135
808.48438	877.3609
808.49658	880.71191
808.50879	877.82227
808.52094	880.94275
808.53314	881.53473
808.54535	879.19061
808.5575	879.4483
808.5697	878.04205
808.58185	878.013
808.59406	879.45331
808.60626	877.04999
808.61841	879.20258
808.63062	878.73853
808.64276	882.84918
808.65497	881.53369
808.66718	880.15375
808.67932	878.54382
808.69153	879.64117
808.70367	878.80341
808.71588	881.6842
808.72809	878.55878
808.74023	879.49658
808.75244	879.41614
808.76465	878.64478
808.77679	879.65417
808.789	881.33063
808.80115	882.33472
808.81335	883.39136
808.82556	882.13544
808.83771	879.93121
808.84991	881.84088
808.86206	878.58301
808.87427	880.97339
808.88647	880.85028
808.89862	881.09375
808.91083	881.03687
808.92297	880.76172
808.93518	881.73651
808.94739	882.69641
808.95953	882.16089
808.97174	882.30884
808.98395	881.32599
808.99609	880.67761
809.0083	881.33173
809.02045	879.98566
809.03265	881.58795
809.04486	881.41785
809.05701	881.78613
809.06921	883.47864
809.08136	880.58258
809.09357	880.74609
809.10577	881.62738
809.11792	882.19452
809.13013	881.94165
809.14227	880.7475
809.15448	880.2489
809.16669	881.65662
809.17883	882.776
809.19104	883.11816
809.20319	881.9527
809.21539	880.1651
809.2276	880.23218
809.23975	882.82733
809.25195	881.78992
809.26416	881.59906
809.27631	882.5246
809.28851	884.65961
809.30066	883.961
809.31287	882.39282
809.32507	882.08948
809.33722	881.46143
809.34943	879.89764
809.36157	881.70068
809.37378	881.79486
809.38599	881.28589
809.39813	882.35199
809.41034	882.74481
809.42249	882.71594
809.43469	883.77173
809.4469	882.84833
809.45905	880.43323
809.47125	882.14764
809.48346	882.32288
809.49561	882.69995
809.50781	882.29791
809.51996	881.22504
809.53217	881.62909
809.54437	882.15808
809.55652	882.62158
809.56873	882.61011
809.58087	881.62311
809.59308	882.2619
809.60529	882.18585
809.61743	881.67767
809.62964	881.95044
809.64178	882.28271
809.65399	883.90399
809.6662	883.51385
809.67834	884.4259
809.69055	884.93561
809.70276	882.73505
809.7149	882.67542
809.72711	883.63824
809.73926	883.31696
809.75146	884.56122
809.76367	886.03271
809.77582	886.14832
809.78802	884.97882
809.80017	883.69794
809.81238	884.82916
809.82458	885.25439
809.83673	884.55518
809.84894	885.29742
809.86108	882.79095
809.87329	886.07458
809.8855	885.83136
809.89764	886.46082
809.90985	885.96405
809.922	884.67242
809.9342	886.00378
809.94641	884.87872
809.95856	885.88995
809.97076	886.50458
809.98297	886.24933
809.99512	886.54504
810.00732	886.03668
810.01947	888.68988
810.03168	885.10291
810.04388	886.8642
810.05603	887.92267
810.06824	887.43756
810.08038	887.34906
810.09259	889.75757
810.1048	887.79303
810.11694	890.63306
810.12915	890.19818
810.1413	887.5498
810.1535	885.97522
810.16571	888.84644
810.17786	889.95361
810.19006	888.86249
810.20227	887.88763
810.21442	889.85413
810.22662	891.97382
810.23877	889.00177
810.25098	890.51392
810.26318	891.21289
810.27533	891.32825
810.28754	893.45746
810.29968	892.14587
810.31189	891.88989
810.3241	890.50238
810.33624	891.99487
810.34845	893.94586
810.3606	894.08801
810.3728	894.29736
810.38501	894.5368
810.39716	897.03375
810.40936	896.78351
810.42157	892.79974
810.43372	896.60748
810.44592	898.6955
810.45807	896.22687
810.47028	896.04755
810.48248	896.10754
810.49463	894.30737
810.50684	894.59717
810.51898	899.63263
810.53119	899.68451
810.5434	899.02057
810.55554	897.10352
810.56775	900.54431
810.5799	902.2998
810.5921	903.91852
810.60431	905.69806
810.61646	903.99286
810.62866	906.96094
810.64081	906.56671
810.65302	907.60242
810.66522	909.32874
810.67737	906.94336
810.68958	909.72742
810.70178	913.79718
810.71393	907.50793
810.72614	909.51685
810.73828	911.77325
810.75049	917.15637
810.7627	916.36304
810.77484	915.28168
810.78705	915.58942
810.79919	917.97137
810.8114	922.59705
810.82361	922.26721
810.83575	920.42395
810.84796	925.03259
810.86011	924.34326
810.87231	925.21674
810.88452	929.26587
810.89667	927.16675
810.90887	926.91748
810.92108	924.50507
810.93323	930.72418
810.94543	928.90735
810.95758	926.95367
810.96979	926.39514
810.98199	931.13281
810.99414	928.81445
811.00635	930.00555
811.01849	925.79083
811.0307	926.65393
811.04291	930.73846
811.05505	927.07617
811.06726	925.14679
811.07941	927.24731
811.09161	927.97186
811.10382	925.61377
811.11597	927.34723
811.12817	922.02014
811.14038	916.24677
811.15253	922.85938
811.16473	918.64233
811.17688	919.31921
811.18909	914.90588
811.20129	914.40527
811.21344	918.16339
811.22565	918.32233
811.23779	917.60669
811.25	916.76147
811.26221	914.45203
811.27435	912.784
811.28656	915.48071
811.29871	912.18646
811.31091	916.82428
811.32312	915.11786
811.33527	910.01459
811.34747	909.68872
811.35962	909.3988
811.37183	909.02264
811.38403	909.44324
811.39618	910.70593
811.40839	909.17419
811.42059	907.36078
811.43274	909.75635
811.44495	908.90326
811.45709	907.40613
811.4693	908.03223
811.48151	907.85547
811.49365	907.02185
811.50586	908.61243
811.51801	906.07135
811.53021	906.85809
811.54242	907.94684
811.55457	907.26221
811.56677	906.17627
811.57892	906.99933
811.59113	907.44507
811.60333	904.5976
811.61548	904.77185
811.62769	903.12756
811.63989	905.98419
811.65204	903.93683
811.66425	904.64685
811.67639	906.23181
811.6886	903.47302
811.70081	902.88983
811.71295	904.17206
811.72516	902.17645
811.7373	901.38922
811.74951	903.42871
811.76172	900.74664
811.77386	901.97174
811.78607	899.85229
811.79822	901.76312
811.81042	905.35236
811.82263	905.53833
811.83478	904.22119
811.84698	903.46338
811.85919	902.45374
811.87134	902.6756
811.88354	902.34949
811.89569	901.67352
811.9079	902.43347
811.9201	904.02747
811.93225	900.047
811.94446	902.44379
811.9566	899.8866
811.96881	901.08331
811.98102	900.54907
811.99316	902.79755
812.00537	902.51959
812.01752	903.87244
812.02972	905.65955
812.04193	906.375
812.05408	904.26361
812.06628	901.80719
812.07843	902.48914
812.09064	901.87524
812.10284	903.16296
812.11499	901.97522
812.1272	903.93939
812.1394	901.43689
812.15155	900.57257
812.16376	900.96136
812.1759	901.05853
812.18811	904.61334
812.20032	904.72931
812.21246	902.87775
812.22467	904.8952
812.23682	905.14551
812.24902	902.52985
812.26123	901.62506
812.27338	905.61475
812.28558	906.47552
812.29773	905.72455
812.30994	900.03613
812.32214	906.80963
812.33429	907.01434
812.3465	904.6991
812.3587	908.86786
812.37085	905.38098
812.38306	904.62512
812.3952	910.11285
812.40741	908.62787
812.41962	907.82172
812.43176	909.79199
812.44397	906.48181
812.45612	914.90173
812.46832	913.79144
812.48053	908.60443
812.49268	910.21381
812.50488	912.85083
812.51703	914.62341
812.52924	914.33093
812.54144	911.05164
812.55359	913.76129
812.5658	913.22321
812.578	912.77979
812.59015	916.92108
812.60236	918.7998
812.6145	916.93219
812.62671	921.58356
812.63892	921.24341
812.65106	923.36115
812.66327	922.40326
812.67542	920.65594
812.68762	923.84528
812.69983	924.24286
812.71198	922.72064
812.72418	924.56622
812.73633	927.97174
812.74854	929.79175
812.76074	928.08722
812.77289	931.9986
812.7851	931.97455
812.79724	929.68665
812.80945	929.23041
812.82166	933.88446
812.8338	936.24017
812.84601	940.2616
812.85822	942.74823
812.87036	943.38135
812.88257	944.94495
812.89471	949.80603
812.90692	953.65363
812.91913	949.67188
812.93127	953.74377
812.94348	954.48767
812.95563	954.24591
812.96783	952.6427
812.98004	957.50659
812.99219	955.55804
813.00439	963.46643
813.01654	962.8642
813.02875	968.30353
813.04095	966.88135
813.0531	965.17535
813.06531	975.10083
813.07751	980.68573
813.08966	978.35846
813.10187	988.37164
813.11401	987.56006
813.12622	992.35242
813.13843	992.42261
813.15057	1003.9523
813.16278	1006.8865
813.17493	1007.7767
813.18713	1013.6385
813.19934	1016.3307
813.21149	1018.3358
813.22369	1024.4319
813.23584	1031.6005
813.24805	1038.4757
813.26025	1040.7307
813.2724	1047.6178
813.28461	1047.5258
813.29681	1051.3597
813.30896	1062.3788
813.32117	1065.3195
813.33331	1072.5272
813.34552	1075.5367
813.35773	1085.0259
813.36987	1093.1581
813.38208	1102.1439
813.39423	1104.6055
813.40643	1101.5574
813.41864	1108.9608
813.43079	1124.4497
813.44299	1130.694
813.45514	1135.0792
813.46735	1138.4701
813.47955	1147.7716
813.4917	1153.6505
813.50391	1156.1924
813.51605	1172.1146
813.52826	1169.4121
813.54047	1167.403
813.55261	1167.5668
813.56482	1195.1171
813.57703	1194.6613
813.58917	1194.1191
813.60138	1188.8274
813.61353	1194.7389
813.62573	1188.1747
813.63794	1201.8398
813.65009	1194.4877
813.66229	1190.4894
813.67444	1196.6677
813.68665	1198.6553
813.69885	1183.2236
813.711	1196.9954
813.72321	1197.9512
813.73535	1195.5424
813.74756	1183.0189
813.75977	1179.957
813.77191	1171.1849
813.78412	1168.0526
813.79633	1164.3877
813.80847	1162.7858
813.82068	1152.6949
813.83282	1151.3956
813.84503	1142.7957
813.85724	1142.0853
813.86938	1138.8657
813.88159	1122.4969
813.89374	1111.2487
813.90594	1111.8934
813.91815	1101.6222
813.9303	1095.8923
813.9425	1094.9406
813.95465	1085.854
813.96686	1080.2328
813.97906	1081.5101
813.99121	1070.2855
814.00342	1055.6573
814.01563	1049.0952
814.02777	1050.1724
814.03998	1046.5432
814.05212	1044.4199
814.06433	1044.0831
814.07654	1037.9637
814.08868	1029.5516
814.10089	1025.1218
814.11304	1018.0731
814.12524	1014.1491
814.13745	1009.2526
814.1496	1004.0184
814.1618	998.71759
814.17395	993.336
814.18616	996.58673
814.19836	991.46088
814.21051	983.30554
814.22272	986.2868
814.23486	987.57861
814.24707	981.74579
814.25928	984.1676
814.27142	979.71405
814.28363	978.50433
814.29584	976.70435
814.30798	966.65149
814.32019	971.92505
814.33234	966.15204
814.34454	972.18292
814.35675	966.19403
814.3689	968.73596
814.3811	962.91583
814.39325	964.64014
814.40546	968.7677
814.41766	964.02386
814.42981	960.64697
814.44202	962.22009
814.45416	963.48846
814.46637	956.14673
814.47858	953.6095
814.49072	954.14734
814.50293	951.12787
814.51514	957.17322
814.52728	955.42401
814.53949	956.32098
814.55164	957.91455
814.56384	957.4834
814.57605	948.1994
814.5882	948.26715
814.6004	944.04712
814.61255	945.03113
814.62476	948.25848
814.63696	944.03827
814.64911	946.06805
814.66132	945.15472
814.67346	943.83203
814.68567	943.0116
814.69788	944.41949
814.71002	945.49622
814.72223	943.90759
814.73438	942.0047
814.74658	943.43201
814.75879	942.54413
814.77094	942.01776
814.78314	944.59802
814.79535	938.1955
814.8075	934.12665
814.8197	934.27502
814.83185	939.51123
814.84406	938.91046
814.85626	933.96265
814.86841	935.6441
814.88062	935.67883
814.89276	933.60315
814.90497	932.79565
814.91718	932.07062
814.92932	932.56305
814.94153	933.48804
814.95367	930.06561
814.96588	929.36102
814.97809	931.79175
814.99023	930.40692
815.00244	931.53546
815.01465	929.88251
815.02679	925.39697
815.039	926.07898
815.05115	928.09912
815.06335	928.48029
815.07556	925.9101
815.08771	923.28009
815.09991	923.90747
815.11206	923.651
815.12427	920.10254
815.13647	923.45374
815.14862	920.15753
815.16083	922.41406
815.17297	922.93951
815.18518	920.05396
815.19739	922.42297
815.20953	921.78418
815.22174	921.10822
815.23395	915.53284
815.24609	914.65668
815.2583	912.67004
815.27045	913.98071
815.28265	914.69629
815.29486	915.96143
815.30701	918.29114
815.31921	914.36938
815.33136	911.89026
815.34357	911.63104
815.35577	913.82172
815.36792	911.16315
815.38013	911.37683
815.39227	907.72546
815.40448	909.28571
815.41669	910.56592
815.42883	914.12775
815.44104	911.27875
815.45319	913.85223
815.46539	907.17834
815.4776	907.53973
815.48975	912.90393
815.50195	913.16217
815.51416	909.20587
815.52631	906.25342
815.53851	909.50964
815.55066	909.04413
815.56287	904.21552
815.57507	907.79156
815.58722	905.44781
815.59943	905.6673
815.61157	902.45911
815.62378	903.32947
815.63599	907.89142
815.64813	899.875
815.66034	905.2088
815.67249	903.315
815.68469	905.59546
815.6969	903.59833
815.70905	904.9386
815.72125	903.39435
815.73346	902.53619
815.74561	902.12006
815.75781	905.4826
815.76996	902.4101
815.78217	899.31342
815.79437	901.59521
815.80652	901.81836
815.81873	901.2832
815.83087	901.45184
815.84308	901.25916
815.85529	900.62012
815.86743	899.90906
815.87964	899.25946
815.89178	897.04126
815.90399	896.91565
815.9162	898.23132
815.92834	897.78583
815.94055	899.46808
815.95276	898.55963
815.9649	898.3963
815.97711	898.76788
815.98926	899.13214
816.00146	898.05188
816.01367	898.56647
816.02582	897.40088
816.03802	895.50635
816.05017	895.58673
816.06238	898.93481
816.07458	897.39893
816.08673	894.44476
816.09894	896.10345
816.11108	898.21136
816.12329	895.67151
816.1355	896.38068
816.14764	897.97101
816.15985	893.82831
816.172	898.60596
816.1842	896.00732
816.19641	892.74103
816.20856	896.14825
816.22076	893.66461
816.23297	892.81061
816.24512	896.67621
816.25732	893.81958
816.26947	892.86877
816.28168	898.82507
816.29388	895.42035
816.30603	893.86066
816.31824	894.33154
816.33038	893.83307
816.34259	893.57428
816.3548	890.04889
816.36694	890.6983
816.37915	890.16144
816.3913	894.31622
816.4035	893.99115
816.41571	892.70337
816.42786	892.33759
816.44006	892.08057
816.45227	891.34448
816.46442	892.65552
816.47662	895.83813
816.48877	894.58826
816.50098	892.09058
816.51318	892.45483
816.52533	892.94507
816.53754	891.96729
816.54968	890.54254
816.56189	893.75494
816.5741	890.6369
816.58624	892.64191
816.59845	891.08148
816.6106	891.31781
816.6228	891.36237
816.63501	890.0271
816.64716	890.43695
816.65936	889.40613
816.67157	888.77917
816.68372	889.47595
816.69592	889.43317
816.70807	891.01031
816.72028	891.50195
816.73248	888.92139
816.74463	887.74304
816.75684	890.85052
816.76898	890.84149
816.78119	890.66711
816.7934	889.81982
816.80554	889.56793
816.81775	889.69598
816.8299	891.70575
816.8421	889.94971
816.85431	891.38287
816.86646	890.51007
816.87866	888.88043
816.89081	888.74768
816.90302	887.05652
816.91522	886.97284
816.92737	889.54993
816.93958	889.05524
816.95178	889.51862
816.96393	885.51666
816.97614	887.26892
816.98828	885.85968
817.00049	887.63922
817.0127	889.69495
817.02484	882.50616
817.03705	888.33911
817.04919	889.76373
817.0614	888.57697
817.07361	889.18945
817.08575	889.7547
817.09796	888.2384
817.11011	890.63739
817.12231	887.46814
817.13452	886.90808
817.14667	888.52881
817.15887	886.62158
817.17108	887.42633
817.18323	885.90149
817.19543	887.74768
817.20758	887.79468
817.21979	885.33148
817.23199	884.52643
817.24414	887.02869
817.25635	888.06213
817.26849	887.62787
817.2807	886.6875
817.29291	886.16992
817.30505	887.14697
817.31726	886.74146
817.32941	888.88074
817.34161	887.75574
817.35382	885.4082
817.36597	886.40118
817.37817	888.9798
817.39038	885.99976
817.40253	886.25525
817.41473	889.23456
817.42688	889.80719
817.43909	887.42456
817.45129	886.74139
817.46344	887.24884
817.47565	887.60999
817.48779	886.8916
817.5	887.09662
817.51221	887.55853
817.52435	886.13361
817.53656	885.27808
817.54871	886.64117
817.56091	887.75684
817.57312	885.48694
817.58527	890.09723
817.59747	888.21655
817.60962	886.09637
817.62183	886.54437
817.63403	890.7395
817.64618	888.95752
817.65839	885.11566
817.67059	889.95856
817.68274	885.75964
817.69495	888.27374
817.70709	889.51727
817.7193	888.61987
817.73151	887.77643
817.74365	883.78601
817.75586	887.04779
817.76801	887.02673
817.78021	885.68994
817.79242	888.02643
817.80457	888.43341
817.81677	887.64728
817.82892	889.34558
817.84113	888.19476
817.85333	887.61578
817.86548	888.8266
817.87769	891.68909
817.88989	890.32831
817.90204	888.81458
817.91425	887.8725
817.92639	888.3606
817.9386	889.71893
817.95081	889.48846
817.96295	889.07782
817.97516	889.01318
817.9873	890.4469
817.99951	892.1264
818.01172	889.61829
818.02386	890.32867
818.03607	892.22394
818.04822	887.18353
818.06042	890.14246
818.07263	889.02295
818.08478	891.05316
818.09698	889.36096
818.10919	889.69684
818.12134	889.58331
818.13354	888.96936
818.14569	889.633
818.1579	891.87921
818.1701	892.01971
818.18225	890.10474
818.19446	889.70563
818.2066	889.55731
818.21881	889.76422
818.23102	892.25348
818.24316	891.87775
818.25537	892.78436
818.26752	891.08289
818.27972	890.59735
818.29193	891.26019
818.30408	889.12561
818.31628	890.17096
818.32843	888.09277
818.34064	888.9986
818.35284	891.72034
818.36499	892.64142
818.3772	894.5257
818.3894	892.99689
818.40155	895.3147
818.41376	889.83368
818.4259	893.89105
818.43811	893.19403
818.45032	891.71014
818.46246	893.20624
818.47467	892.95313
818.48682	894.52167
818.49902	895.77521
818.51123	894.04547
818.52338	891.78564
818.53558	893.32617
818.54773	892.72589
818.55994	893.21729
818.57214	895.41266
818.58429	895.07983
818.5965	894.45276
818.6087	894.23212
818.62085	894.32782
818.63306	894.28131
818.6452	894.31177
818.65741	895.7536
818.66962	894.83466
818.68176	892.86865
818.69397	895.19269
818.70612	898.74896
818.71832	896.57092
818.73053	896.17139
818.74268	896.15442
818.75488	896.88116
818.76703	896.21796
818.77924	895.06866
818.79144	898.53802
818.80359	899.36334
818.8158	899.42078
818.828	896.6825
818.84015	898.32745
818.85236	900.85638
818.8645	901.06714
818.87671	899.19818
818.88892	901.8598
818.90106	904.86322
818.91327	898.20386
818.92542	903.3775
818.93762	904.12744
818.94983	898.97382
818.96198	904.21954
818.97418	903.79077
818.98633	903.32947
818.99854	905.79346
819.01074	906.58344
819.02289	903.18469
819.0351	902.47418
819.04724	904.00464
819.05945	907.15222
819.07166	907.88348
819.0838	910.32275
819.09601	909.61877
819.10822	907.65161
819.12036	907.83698
819.13257	910.02765
819.14471	914.29974
819.15692	911.00391
819.16913	909.60437
819.18127	908.94238
819.19348	909.01019
819.20563	909.75647
819.21783	911.99255
819.23004	913.89575
819.24219	913.48969
819.25439	914.32373
819.26654	918.43347
819.27875	912.36304
819.29095	914.72064
819.3031	922.09985
819.31531	922.1734
819.32751	925.34229
819.33966	921.02875
819.35187	927.26935
819.36401	928.27527
819.37622	926.76678
819.38843	925.9317
819.40057	933.76923
819.41278	934.11438
819.42493	931.58417
819.43713	932.61072
819.44934	932.18738
819.46149	935.54431
819.47369	940.0083
819.48584	939.49701
819.49805	940.6391
819.51025	942.78357
819.5224	943.81879
819.53461	942.97742
819.54681	951.39764
819.55896	951.69025
819.57117	951.45532
819.58331	958.62811
819.59552	958.29797
819.60773	960.84851
819.61987	969.17523
819.63208	967.55157
819.64423	971.88434
819.65643	973.05878
819.66864	977.12091
819.68079	977.1004
819.69299	979.55316
819.70514	986.49622
819.71735	990.57062
819.72955	993.78217
819.7417	1004.3983
819.75391	1002.67
819.76605	1008.3856
819.77826	1013.7461
819.79047	1019.2206
819.80261	1030.7727
819.81482	1035.1315
819.82703	1038.174
819.83917	1043.264
819.85138	1055.8754
819.86353	1063.813
819.87573	1072.7019
819.88794	1078.9789
819.90009	1089.4863
819.91229	1110.3971
819.92444	1125.4519
819.93665	1134.027
819.94885	1161.0271
819.961	1176.8928
819.97321	1195.1886
819.98535	1215.2487
819.99756	1237.9448
820.00977	1274.1204
820.02191	1294.2225
820.03412	1340.4797
820.04633	1380.0265
820.05847	1437.6165
820.07068	1489.1042
820.08282	1561.0964
820.09503	1640.8241
820.10724	1746.4114
820.11938	1847.5614
820.13159	1993.8942
820.14374	2177.4888
820.15594	2426.8789
820.16815	2729.5442
820.1803	3120.2473
820.1925	3669.4438
820.20465	4423.4004
820.21686	5414.5547
820.22906	6726.5669
820.24121	8489.124
820.25342	10611.196
820.26563	13147.718
820.27777	15964.974
820.28998	18685.369
820.30212	21134.174
820.31433	23265.438
820.32654	25073.07
820.33868	26418.627
820.35089	26865.551
820.36304	26284.381
820.37524	24871.445
820.38745	22734.771
820.3996	20328.443
820.4118	17955.24
820.42395	15367.879
820.43616	12884.489
820.44836	10521.295
820.46051	8541.0098
820.47272	6938.6592
820.48486	5646.8042
820.49707	4644.5815
820.50928	3852.2249
820.52142	3297.0627
820.53363	2844.8147
820.54584	2495.1963
820.55798	2205.2754
820.57019	2011.0803
820.58234	1853.0555
820.59454	1715.9331
820.60675	1604.8422
820.6189	1504.1948
820.6311	1438.2195
820.64325	1382.5155
820.65546	1331.7394
820.66766	1290.2216
820.67981	1244.8395
820.69202	1202.6127
820.70416	1181.9633
820.71637	1163.0759
820.72858	1136.8688
820.74072	1130.0254
820.75293	1112.9114
820.76514	1089.2809
820.77728	1075.7313
820.78949	1064.4075
820.80164	1053.5054
820.81384	1039.786
820.82605	1036.4867
820.8382	1022.1987
820.8504	1013.0191
820.86255	1012.3994
820.87476	1003.9492
820.88696	990.24432
820.89911	989.59302
820.91132	982.19189
820.92346	975.73077
820.93567	973.1947
820.94788	966.34521
820.96002	961.34119
820.97223	961.11163
820.98438	956.83423
820.99658	953.24805
821.00879	952.78271
821.02094	948.10162
821.03314	942.0675
821.04535	944.56555
821.0575	936.15784
821.0697	933.47302
821.08185	931.64758
821.09406	927.61273
821.10626	930.7301
821.11841	926.81586
821.13062	924.56628
821.14276	921.77924
821.15497	922.92584
821.16718	922.28351
821.17932	918.85358
821.19153	915.42926
821.20367	914.05292
821.21588	915.75128
821.22809	915.95343
821.24023	914.32007
821.25244	910.28613
821.26465	910.70245
821.27679	905.00433
821.289	908.02026
821.30115	907.24921
821.31335	903.14069
821.32556	901.49316
821.33771	901.84351
821.34991	900.73865
821.36206	901.13275
821.37427	901.13416
821.38647	903.38538
821.39862	900.5072
821.41083	897.50348
821.42297	899.06317
821.43518	895.8808
821.44739	898.73828
821.45953	896.35522
821.47174	895.93024
821.48395	895.836
821.49609	897.513
821.5083	897.19049
821.52045	893.88477
821.53265	893.46271
821.54486	893.6582
821.55701	893.37146
821.56921	895.17682
821.58136	892.10608
821.59357	891.24597
821.60577	892.62415
821.61792	892.37073
821.63013	891.77582
821.64227	890.33228
821.65448	889.66833
821.66669	886.02722
821.67883	889.40002
821.69104	890.34845
821.70319	888.92303
821.71539	888.67102
821.7276	887.8515
821.73975	887.42426
821.75195	886.94232
821.76416	886.5282
821.77631	887.07043
821.78851	884.98956
821.80066	886.51349
821.81287	885.29193
821.82507	885.94849
821.83722	885.77588
821.84943	885.95892
821.86157	886.74689
821.87378	886.17657
821.88599	887.97192
821.89813	880.75012
821.91034	885.39142
821.92249	881.19464
821.93469	883.24347
821.9469	884.53094
821.95905	883.86084
821.97125	885.50677
821.98346	884.52087
821.99561	886.01447
822.00781	884.10999
822.01996	882.19745
822.03217	882.2572
822.04437	880.24652
822.05652	881.69971
822.06873	883.10242
822.08087	881.49213
822.09308	880.54248
822.10529	881.51471
822.11743	881.98688
822.12964	883.64166
822.14178	880.98889
822.15399	880.19147
822.1662	878.79303
822.17834	881.8446
822.19055	879.04913
822.20276	879.96124
822.2149	880.18042
822.22711	880.57153
822.23926	883.84576
822.25146	879.71802
822.26367	879.88507
822.27582	879.43207
822.28802	878.60931
822.30017	883.61334
822.31238	879.66638
822.32458	876.75232
822.33673	880.62543
822.34894	880.57135
822.36108	877.4657
822.37329	877.61493
822.3855	878.53497
822.39764	881.12378
822.40985	880.1239
822.422	880.01965
822.4342	880.6189
822.44641	880.66443
822.45856	879.55432
822.47076	875.52399
822.48297	876.44836
822.49512	878.27148
822.50732	879.18787
822.51947	879.38287
822.53168	877.90839
822.54388	879.09625
822.55603	878.73822
822.56824	876.89728
822.58038	876.36914
822.59259	877.9118
822.6048	877.53815
822.61694	877.79889
822.62915	879.94122
822.6413	878.60974
822.6535	877.55865
822.66571	877.70538
822.67786	876.3717
822.69006	878.60657
822.70227	877.34747
822.71442	878.46863
822.72662	877.03271
822.73877	878.2536
822.75098	876.42987
822.76318	878.63171
822.77533	880.112
822.78754	877.28693
822.79968	877.50067
822.81189	875.51105
822.8241	876.19281
822.83624	877.28149
822.84845	878.41974
822.8606	880.39386
822.8728	878.37793
822.88501	877.27393
822.89716	876.466
822.90936	876.72974
822.92157	877.19684
822.93372	877.01813
822.94592	876.82257
822.95807	875.68567
822.97028	877.00964
822.98248	876.32013
822.99463	877.34479
823.00684	877.7724
823.01898	875.25183
823.03119	874.95197
823.0434	876.92786
823.05554	875.7077
823.06775	876.02045
823.0799	875.58478
823.0921	876.65747
823.10431	875.5965
823.11646	877.12103
823.12866	876.03937
823.14081	875.71088
823.15302	877.51221
823.16522	876.22455
823.17737	876.05859
823.18958	875.53284
823.20178	876.71332
823.21393	876.8692
823.22614	875.94031
823.23828	877.23566
823.25049	876.55908
823.2627	876.37012
823.27484	875.21277
823.28705	875.88971
823.29919	876.20544
823.3114	876.44183
823.32361	875.87781
823.33575	876.52112
823.34796	877.44061
823.36011	876.47156
823.37231	876.50592
823.38452	874.45874
823.39667	877.5672
823.40887	874.09137
823.42108	876.13281
823.43323	875.82056
823.44543	877.26599
823.45758	876.7923
823.46979	876.65717
823.48199	875.37347
823.49414	875.34985
823.50635	875.21228
823.51849	874.92609
823.5307	874.69324
823.54291	875.17664
823.55505	876.11578
823.56726	876.29895
823.57941	876.52588
823.59161	875.59283
823.60382	875.34711
823.61597	874.22369
823.62817	873.9765
823.64038	876.07172
823.65253	875.89667
823.66473	875.57715
823.67688	875.41992
823.68909	875.97125
823.70129	877.07306
823.71344	874.36157
823.72565	874.71619
823.73779	873.22357
823.75	875.29089
823.76221	875.73096
823.77435	875.79663
823.78656	875.87952
823.79871	875.96887
823.81091	874.99286
823.82312	876.97296
823.83527	876.4223
823.84747	875.30566
823.85962	875.54956
823.87183	873.23047
823.88403	873.59827
823.89618	876.87561
823.90839	875.28363
823.92059	874.57526
823.93274	873.08832
823.94495	873.94647
823.95709	874.20337
823.9693	874.55237
823.98151	874.94159
823.99365	875.4881
824.00586	870.87158
824.01801	874.47156
824.03021	873.69464
824.04242	873.74207
824.05457	874.84955
824.06677	876.50739
824.07892	874.96564
824.09113	874.25928
824.10333	874.9328
824.11548	872.96375
824.12769	872.96088
824.13989	873.9787
824.15204	875.1684
824.16425	874.47992
824.17639	871.67792
824.1886	872.83984
824.20081	874.43909
824.21295	875.75464
824.22516	874.83978
824.2373	874.0459
824.24951	873.05481
824.26172	874.07288
824.27386	875.32001
824.28607	876.67108
824.29822	875.29791
824.31042	875.09589
824.32263	875.99579
824.33478	873.98309
824.34698	871.55078
824.35919	876.35101
824.37134	874.1958
824.38354	875.43347
824.39569	873.66132
824.4079	874.53094
824.4201	873.14441
824.43225	875.21759
824.44446	876.08789
824.4566	872.02069
824.46881	872.81189
824.48102	874.78979
824.49316	875.362
824.50537	875.13953
824.51752	875.75977
824.52972	874.38922
824.54193	874.95062
824.55408	874.81946
824.56628	874.12817
824.57843	875.30072
824.59064	873.80951
824.60284	874.88971
824.61499	875.20355
824.6272	872.06323
824.6394	874.83923
824.65155	875.28577
824.66376	872.94867
824.6759	874.93213
824.68811	874.71246
824.70032	874.51123
824.71246	873.59552
824.72467	873.68658
824.73682	874.01331
824.74902	875.3587
824.76123	875.90253
824.77338	876.75677
824.78558	874.69537
824.79773	873.62097
824.80994	875.91479
824.82214	874.00183
824.83429	873.26489
824.8465	874.44244
824.8587	874.47943
824.87085	874.82153
824.88306	872.86298
824.8952	873.58972
824.90741	872.26263
824.91962	873.66064
824.93176	873.27277
824.94397	875.21484
824.95612	874.89124
824.96832	875.82202
824.98053	874.29303
824.99268	872.33533
825.00488	875.14093
825.01703	874.7262
825.02924	876.96075
825.04144	874.53473
825.05359	874.41101
825.0658	874.44617
825.078	875.44647
825.09015	875.54785
825.10236	873.6864
825.1145	874.91504
825.12671	874.72412
825.13892	873.81506
825.15106	873.74438
825.16327	872.76337
825.17542	871.27863
825.18762	873.71259
825.19983	874.67621
825.21198	876.5788
825.22418	875.23682
825.23633	875.34454
825.24854	873.57123
825.26074	875.03302
825.27289	874.349
825.2851	875.37909
825.29724	873.41376
825.30945	874.67175
825.32166	873.38043
825.3338	874.12714
825.34601	873.67212
825.35822	876.32434
825.37036	874.69031
825.38257	875.13525
825.39471	876.52942
825.40692	875.49994
825.41913	872.9151
825.43127	873.13934
825.44348	873.573
825.45563	874.44727
825.46783	874.96747
825.48004	873.98645
825.49219	873.49194
825.50439	872.9848
825.51654	872.95831
825.52875	874.84528
825.54095	873.18951
825.5531	873.27631
825.56531	876.58142
825.57751	874.82056
825.58966	873.29565
825.60187	873.90759
825.61401	876.75513
825.62622	873.53168
825.63843	872.87518
825.65057	873.65607
825.66278	875.04352
825.67493	873.32623
825.68713	875.85986
825.69934	873.65186
825.71149	875.20667
825.72369	874.86633
825.73584	874.62042
825.74805	873.25214
825.76025	874.42554
825.7724	873.38831
825.78461	873.44324
825.79681	874.23254
825.80896	873.5119
825.82117	875.35803
825.83331	873.53595
825.84552	872.78473
825.85773	874.3761
825.86987	872.73456
825.88208	871.16602
825.89423	872.53162
825.90643	872.59991
825.91864	873.63361
825.93079	873.23438
825.94299	870.62494
825.95514	872.15497
825.96735	872.47705
825.97955	874.0965
825.9917	874.9032
826.00391	874.64111
826.01605	875.16064
826.02826	874.57343
826.04047	874.19104
826.05261	875.1521
826.06482	874.83807
826.07703	873.78174
826.08917	874.53394
826.10138	874.96594
826.11353	874.04132
826.12573	875.58948
826.13794	873.75702
826.15009	873.37006
826.16229	873.7265
826.17444	875.17749
826.18665	874.32379
826.19885	873.68829
826.211	871.6485
826.22321	873.11023
826.23535	873.57983
826.24756	873.04504
826.25977	872.20886
826.27191	872.30524
826.28412	872.67749
826.29633	873.84442
826.30847	873.7066
826.32068	874.86133
826.33282	874.74457
826.34503	871.96942
826.35724	872.54333
826.36938	874.2876
826.38159	872.18292
826.39374	875.41504
826.40594	874.71991
826.41815	875.70966
826.4303	875.71399
826.4425	873.74469
826.45465	870.9433
826.46686	872.66583
826.47906	872.76776
826.49121	873.60132
826.50342	873.53064
826.51563	874.32782
826.52777	872.95453
826.53998	874.49689
826.55212	873.1236
826.56433	872.86182
826.57654	874.45331
826.58868	873.36163
826.60089	874.867
826.61304	877.37054
826.62524	873.18188
826.63745	872.62024
826.6496	873.75928
826.6618	870.96399
826.67395	873.55444
826.68616	873.49133
826.69836	873.23932
826.71051	874.52374
826.72272	873.16943
826.73486	872.29559
826.74707	871.84772
826.75928	870.78894
826.77142	870.7832
826.78363	873.23926
826.79584	873.12073
826.80798	871.18976
826.82019	873.92981
826.83234	875.07391
826.84454	872.23022
826.85675	873.26337
826.8689	874.83887
826.8811	874.41687
826.89325	872.20367
826.90546	873.72418
826.91766	874.34467
826.92981	873.60413
826.94202	872.85382
826.95416	874.55835
826.96637	873.39978
826.97858	872.43597
826.99072	871.70923
827.00293	873.43304
827.01514	874.31909
827.02728	873.88635
827.03949	874.86682
827.05164	874.25549
827.06384	873.72467
827.07605	873.33667
827.0882	872.58392
827.1004	873.36407
827.11255	871.77704
827.12476	873.27972
827.13696	873.58862
827.14911	872.30707
827.16132	871.20654
827.17346	876.14764
827.18567	875.34894
827.19788	875.30182
827.21002	874.30396
827.22223	873.45459
827.23438	872.72687
827.24658	872.1438
827.25879	874.30402
827.27094	871.38416
827.28314	874.47644
827.29535	874.01471
827.3075	870.29541
827.3197	867.36975
827.33185	873.82355
827.34406	873.25092
827.35626	874.69598
827.36841	875.88513
827.38062	873.61285
827.39276	874.32141
827.40497	872.68561
827.41718	871.27142
827.42932	873.59558
827.44153	874.89319
827.45367	873.5976
827.46588	872.59625
827.47809	873.25806
827.49023	874.88501
827.50244	874.33875
827.51465	871.81927
827.52679	872.24176
827.539	873.44598
827.55115	875.04248
827.56335	874.69025
827.57556	873.52563
827.58771	872.65985
827.59991	872.54315
827.61206	874.81488
827.62427	872.28351
827.63647	873.12671
827.64862	873.57312
827.66083	871.70221
827.67297	872.995
827.68518	873.4549
827.69739	873.72131
827.70953	872.71216
827.72174	874.11292
827.73395	875.60297
827.74609	871.92029
827.7583	873.29657
827.77045	871.12207
827.78265	872.5257
827.79486	871.16669
827.80701	872.98022
827.81921	873.0694
827.83136	872.79901
827.84357	873.64929
827.85577	871.71466
827.86792	871.73639
827.88013	871.82837
827.89227	873.20978
827.90448	872.52881
827.91669	873.55103
827.92883	874.14429
827.94104	874.67297
827.95319	874.89752
827.96539	874.06964
827.9776	872.25531
827.98975	871.2179
828.00195	875.41541
828.01416	872.78839
828.02631	874.77374
828.03851	872.62421
828.05066	873.73169
828.06287	873.30396
828.07507	874.01147
828.08722	875.35663
828.09943	874.30768
828.11157	872.9895
828.12378	873.2691
828.13599	873.83246
828.14813	875.35822
828.16034	875.01324
828.17249	875.39594
828.18469	871.48169
828.1969	874.41595
828.20905	873.46527
828.22125	873.33502
828.23346	872.08209
828.24561	874.17957
828.25781	873.88959
828.26996	871.96503
828.28217	871.35437
828.29437	871.62799
828.30652	871.02222
828.31873	873.74213
828.33087	874.29053
828.34308	870.67926
828.35529	874.29462
828.36743	869.7984
828.37964	872.99115
828.39178	872.49268
828.40399	872.25757
828.4162	874.54828
828.42834	872.42377
828.44055	870.97864
828.45276	872.78894
828.4649	873.72028
828.47711	870.60822
828.48926	871.29865
828.50146	872.79193
828.51367	872.81726
828.52582	872.8161
828.53802	869.9447
828.55017	871.12036
828.56238	872.54968
828.57458	872.862
828.58673	876.24042
828.59894	873.71954
828.61108	871.8465
828.62329	872.75049
828.6355	870.43201
828.64764	873.02698
828.65985	874.15613
828.672	874.58282
828.6842	874.76538
828.69641	871.83118
828.70856	874.38434
828.72076	874.72076
828.73297	873.35077
828.74512	871.16046
828.75732	874.46979
828.76947	870.26001
828.78168	872.44531
828.79388	871.98627
828.80603	873.96326
828.81824	872.21826
828.83038	871.61426
828.84259	873.01147
828.8548	870.59314
828.86694	871.27106
828.87915	872.1814
828.8913	874.35425
828.9035	874.53937
828.91571	876.42926
828.92786	875.56348
828.94006	873.6792
828.95227	873.00153
828.96442	874.17297
828.97662	871.38403
828.98877	873.52924
829.00098	870.28253
829.01318	869.60553
829.02533	870.85291
829.03754	872.19989
829.04968	871.36151
829.06189	872.60852
829.0741	871.22565
829.08624	872.25684
829.09845	873.44598
829.1106	874.20337
829.1228	872.96045
829.13501	872.70154
829.14716	873.26617
829.15936	873.10297
829.17157	878.12439
829.18372	873.74951
829.19592	872.95697
829.20807	866.86694
829.22028	873.43457
829.23248	873.04218
829.24463	871.51184
829.25684	871.73114
829.26898	872.15521
829.28119	872.67853
829.2934	872.93695
829.30554	874.57806
829.31775	871.49792
829.3299	874.00232
829.3421	877.14069
829.35431	874.53601
829.36646	873.44336
829.37866	872.86511
829.39081	870.57245
829.40302	875.98499
829.41522	874.07855
829.42737	872.95978
829.43958	870.49768
829.45178	872.19836
829.46393	871.41534
829.47614	870.87604
829.48828	872.23346
829.50049	871.60663
829.5127	868.70313
829.52484	871.41132
829.53705	873.47113
829.54919	875.31403
829.5614	871.45605
829.57361	872.737
829.58575	875.80084
829.59796	873.27094
829.61011	873.2522
829.62231	871.67249
829.63452	869.66144
829.64667	873.80664
829.65887	871.03076
829.67108	873.81323
829.68323	869.23639
829.69543	876.42194
829.70758	874.27002
829.71979	870.54144
829.73199	871.30237
829.74414	870.45605
829.75635	871.6004
829.76849	873.24231
829.7807	873.55658
829.79291	874.71625
829.80505	871.54108
829.81726	869.81171
829.82941	870.16974
829.84161	870.45605
829.85382	874.72571
829.86597	873.60345
829.87817	871.46777
829.89038	872.52295
829.90253	873.05084
829.91473	871.49731
829.92688	874.5838
829.93909	873.07886
829.95129	873.19568
829.96344	871.94623
829.97565	871.32935
829.98779	871.08923
830	871.45605
