790.14417	874.42053
790.15619	875.47736
790.16821	877.27191
790.18024	877.30463
790.19226	878.03741
790.20428	878.96265
790.21631	877.73798
790.22833	877.32715
790.2403	879.57184
790.25232	875.30872
790.26434	877.70721
790.27637	876.83783
790.28839	875.90045
790.30042	879.73181
790.31244	876.42236
790.32446	877.45081
790.33643	877.82495
790.34845	875.78693
790.36047	877.245
790.3725	876.38239
790.38452	874.38092
790.39655	873.7149
790.40857	874.61322
790.42053	877.28229
790.43256	875.71661
790.44458	875.1828
790.4566	877.9776
790.46863	877.76654
790.48065	877.08032
790.49268	874.95953
790.5047	873.9353
790.51666	878.88892
790.52869	876.87659
790.54071	875.64777
790.55273	876.78241
790.56476	876.97681
790.57678	878.04901
790.58881	879.31213
790.60083	877.70496
790.61279	876.62323
790.62482	879.20886
790.63684	878.33893
790.64886	873.4021
790.66089	878.92572
790.67291	877.99994
790.68494	873.99554
790.6969	877.90985
790.70892	878.7348
790.72095	875.69983
790.73297	874.80469
790.745	876.82062
790.75702	876.51074
790.76904	876.80804
790.78107	877.37054
790.79303	877.53748
790.80505	877.94623
790.81708	876.29279
790.8291	875.66309
790.84113	877.211
790.85315	875.95563
790.86517	879.42047
790.8772	878.07928
790.88916	879.94684
790.90118	879.19922
790.91321	878.25726
790.92523	877.11328
790.93726	878.68622
790.94928	876.66858
790.9613	873.18121
790.97333	875.99774
790.98529	879.18909
790.99731	877.62268
791.00934	877.63495
791.02136	878.95789
791.03339	876.73639
791.04541	876.5
791.05743	876.45416
791.0694	876.11255
791.08142	876.79547
791.09344	874.26917
791.10547	877.05908
791.11749	878.56097
791.12952	878.57458
791.14154	877.15887
791.15356	877.36127
791.16553	876.64813
791.17755	877.65796
791.18958	878.92059
791.2016	876.13837
791.21362	873.1488
791.22565	874.11255
791.23767	875.79303
791.24969	878.659
791.26166	877.04187
791.27368	872.96649
791.28571	875.79236
791.29773	874.86682
791.30975	877.95117
791.32178	879.77411
791.3338	877.57758
791.34576	876.64343
791.35779	877.37567
791.36981	877.80463
791.38184	877.26831
791.39386	876.41974
791.40588	874.23657
791.41791	873.50574
791.42993	875.37567
791.44189	874.21375
791.45392	878.5
791.46594	878.63495
791.47797	879.19824
791.48999	875.65161
791.50201	879.41949
791.51404	878.03833
791.52606	879.15515
791.53802	878.1333
791.55005	876.33777
791.56207	877.00696
791.5741	877.83984
791.58612	878.45398
791.59814	878.29614
791.61017	877.44031
791.62219	877.15039
791.63416	877.52429
791.64618	877.23761
791.6582	875.3537
791.67023	874.34235
791.68225	877.09192
791.69427	877.79181
791.7063	877.58142
791.71826	879.28137
791.73029	874.94659
791.74231	876.56207
791.75433	874.52185
791.76636	876.88434
791.77838	877.89581
791.79041	877.66547
791.80243	876.59656
791.81439	877.29669
791.82642	877.92126
791.83844	877.96124
791.85046	879.06482
791.86249	877.91669
791.87451	877.48358
791.88654	873.00299
791.89856	874.37927
791.91052	877.5274
791.92255	878
791.93457	878
791.94659	878.06775
791.95862	877.6601
791.97064	876.79846
791.98267	875.07263
791.99469	874.83374
792.00665	873.65564
792.01868	876.1579
792.0307	877.79401
792.04272	874.81531
792.05475	873.83502
792.06677	878.09045
792.0788	880.71063
792.09076	878.03705
792.10278	879.66095
792.11481	878.37042
792.12683	873.87238
792.13885	874.80853
792.15088	875.06549
792.1629	876.64429
792.17493	875.95105
792.18689	876.3584
792.19891	877.89526
792.21094	877.29596
792.22296	874.90027
792.23499	874.38593
792.24701	876.38812
792.25903	878.88202
792.27106	878.69958
792.28302	876.46533
792.29504	876.17072
792.30707	876.9856
792.31909	877.14948
792.33112	875.91125
792.34314	876.30054
792.35516	874.54626
792.36713	875.49274
792.37915	878.31769
792.39117	876.99841
792.4032	878.11639
792.41522	877.3056
792.42725	875.82581
792.43927	877.14856
792.45129	876.48999
792.46326	875.24805
792.47528	875.41522
792.4873	876.72961
792.49933	877.50677
792.51135	878.12048
792.52338	878.40631
792.5354	875.20386
792.54742	875.86627
792.55939	874.09717
792.57141	875.89789
792.58344	876.76404
792.59546	875.88959
792.60748	877.68353
792.61951	873.36591
792.63153	877.81354
792.64355	876.46082
792.65552	874.04059
792.66754	875.02307
792.67957	878.04187
792.69159	876.86249
792.70361	876.08661
792.71564	876.60632
792.72766	875.44855
792.73962	875.05585
792.75165	875.56519
792.76367	875.70886
792.7757	877.48627
792.78772	875.45337
792.79974	875.02417
792.81177	876.80469
792.82379	876.82556
792.83575	879.44873
792.84778	878.14996
792.8598	878.91669
792.87183	876.4519
792.88385	877.74518
792.89587	876.76544
792.9079	875.62384
792.91992	876.83203
792.93188	877.80469
792.94391	877.30817
792.95593	878.67218
792.96796	878.85107
792.97998	874.96393
792.992	874.91162
793.00403	876.16461
793.01599	873.22034
793.02802	878.32837
793.04004	874.17639
793.05206	877.83862
793.06409	878.57239
793.07611	878.10541
793.08813	875.15686
793.10016	875.64807
793.11212	875.80469
793.12415	875.63513
793.13617	876.42603
793.14819	874.8761
793.16022	876.22559
793.17224	877.26758
793.18427	876.58948
793.19629	875.23956
793.20825	875.36353
793.22028	877.14301
793.2323	875.10022
793.24432	874.91675
793.25635	878.07312
793.26837	875.95392
793.2804	876.2121
793.29242	876.50378
793.30438	880.22852
793.31641	874.84515
793.32843	876.58923
793.34045	876.88617
793.35248	876.85052
793.3645	877.33234
793.37653	877.19025
793.38849	876.78577
793.40051	877.43005
793.41254	875.51294
793.42456	875.87531
793.43658	876.78687
793.44861	875.37805
793.46063	875.68768
793.47266	876.30225
793.48462	875.33508
793.49664	875.22723
793.50867	877.32135
793.52069	875.02142
793.53271	876.17413
793.54474	876.47723
793.55676	875.35913
793.56879	876.48065
793.58075	875.58789
793.59277	873.93622
793.6048	874.50885
793.61682	874.53369
793.62885	874.84906
793.64087	874.66919
793.65289	875.3399
793.66492	874.41504
793.67688	875.09991
793.6889	877.40265
793.70093	877.4491
793.71295	877.63226
793.72498	879.00543
793.737	877.59723
793.74902	875.96869
793.76099	876.46387
793.77301	875.62799
793.78503	878.33612
793.79706	878.19177
793.80908	876.35028
793.82111	875.92877
793.83313	874.08484
793.84515	876.05566
793.85712	879.00366
793.86914	876.98187
793.88116	876.49518
793.89319	874.33685
793.90521	874.50049
793.91724	875.33313
793.92926	873.61383
793.94128	874.00958
793.95325	876.21777
793.96527	876.95251
793.97729	876.22638
793.98932	875.35126
794.00134	875.49512
794.01337	875.90326
794.02539	874.49902
794.03735	878.0188
794.04938	877.66534
794.0614	875.72681
794.07343	874.89001
794.08545	875.92694
794.09747	875.29016
794.1095	875.97797
794.12152	875.76385
794.13348	875.34357
794.14551	875.41864
794.15753	875.32776
794.16956	875.4751
794.18158	875.42072
794.1936	875.77313
794.20563	877.17828
794.21765	876.45911
794.22961	876.47668
794.24164	878.22644
794.25366	876.42719
794.26569	876.39691
794.27771	875.15961
794.28973	877.84692
794.30176	876.42914
794.31378	875.13574
794.32574	876.01703
794.33777	876.83679
794.34979	876.27966
794.36182	875.70233
794.37384	875.40234
794.38586	875.34973
794.39789	875.09943
794.40985	875.97198
794.42188	876.42609
794.4339	876.21686
794.44592	874.9259
794.45795	871.89178
794.46997	873.25934
794.48199	872.77228
794.49402	873.57153
794.50598	874.20361
794.51801	875.15729
794.53003	874.85773
794.54205	875.18243
794.55408	877.62848
794.5661	876.52081
794.57813	874.76447
794.59015	874.46301
794.60211	871.20288
794.61414	875.91394
794.62616	876.422
794.63818	876.33429
794.65021	875.56476
794.66223	874.22284
794.67426	874.08026
794.68622	875.70764
794.69824	876.64783
794.71027	875.98059
794.72229	873.50909
794.73431	873.92035
794.74634	874.96246
794.75836	875.29382
794.77039	876.64728
794.78235	877.32861
794.79437	876.5827
794.8064	875.68274
794.81842	873.44073
794.83044	873.96667
794.84247	874.24976
794.85449	874.83582
794.86652	875.60071
794.87848	875.68091
794.8905	877.49536
794.90253	873.05988
794.91455	876.17157
794.92657	876.13605
794.9386	875.63763
794.95062	874.54523
794.96265	874.60248
794.97461	874.27289
794.98663	876.24347
794.99866	875.94006
795.01068	874.46082
795.02271	874.98035
795.03473	875.97113
795.04675	875.104
795.05872	874.89276
795.07074	874.57648
795.08276	874.49512
795.09479	876.22534
795.10681	875.16821
795.11884	873.92267
795.13086	875.87531
795.14288	874.87946
795.15485	874.55762
795.16687	876.93256
795.17889	875.03418
795.19092	875.85333
795.20294	873.76062
795.21497	874.68176
795.22699	874.21307
795.23901	874.89557
795.25098	874.68909
795.263	875.35089
795.27502	875.91351
795.28705	876.41498
795.29907	877.39948
795.3111	877.36353
795.32312	875.71851
795.33508	875.04034
795.34711	876.24426
795.35913	876.06854
795.37115	874.46417
795.38318	875.0802
795.3952	875.38184
795.40723	875.23334
795.41925	877.61407
795.43121	875.51129
795.44324	876.7796
795.45526	875.34619
795.46729	877.41174
795.47931	876.95905
795.49133	873.76062
795.50336	876.94348
795.51538	877.64001
795.52734	876.61475
795.53937	874.1748
795.55139	875.30493
795.56342	874.57623
795.57544	872.25842
795.58746	873.86121
795.59949	875.32135
795.61151	873.28473
795.62347	872.46222
795.6355	872.93964
795.64752	873.50708
795.65955	875.79865
795.67157	875.6582
795.68359	875.90198
795.69562	876.29724
795.70758	875.88123
795.7196	875.83551
795.73163	876.48248
795.74365	874.5213
795.75568	874.22009
795.7677	876.69922
795.77972	878.43866
795.79175	876.19202
795.80371	872.42804
795.81573	873.37146
795.82776	874.64197
795.83978	876.92096
795.85181	874.8277
795.86383	875.62793
795.87585	874.1145
795.88788	875.00781
795.89984	877.34149
795.91187	874.91412
795.92389	875.6665
795.93591	874.60614
795.94794	874.09802
795.95996	874.95721
795.97198	874.63708
795.98401	875.91583
795.99597	876.71625
796.008	875.96527
796.02002	875.44
796.03204	874.11053
796.04407	875.987
796.05609	874.18945
796.06812	874.8233
796.08008	876.23352
796.0921	876.89026
796.10413	874.13031
796.11615	875.75476
796.12817	877.63074
796.1402	875.41296
796.15222	876.85736
796.16425	874.34698
796.17621	874.49475
796.18823	873.09027
796.20026	873.00323
796.21228	875.33759
796.2243	876.35889
796.23633	878.46704
796.24835	877.06628
796.26038	874.54913
796.27234	875.17426
796.28436	875.10162
796.29639	874.77344
796.30841	874.52411
796.32043	875.11926
796.33246	875.66852
796.34448	875.32288
796.35645	874.58704
796.36847	875.07532
796.38049	873.37164
796.39252	875.23187
796.40454	875.56049
796.41656	876.26373
796.42859	875.80939
796.44061	875.35675
796.45258	874.65332
796.4646	873.77393
796.47662	872.72015
796.48865	873.61279
796.50067	873.79346
796.5127	873.10229
796.52472	874.80725
796.53674	873.14764
796.54871	874.12225
796.56073	875.69434
796.57275	877.91693
796.58478	877.53235
796.5968	876.68024
796.60883	875.80017
796.62085	874.12195
796.63287	874.49951
796.64484	875.67438
796.65686	874.81903
796.66888	874.07465
796.68091	874.24738
796.69293	875.2998
796.70496	875.1792
796.71698	875.02917
796.72894	875.21698
796.74097	874.50616
796.75299	875.85626
796.76501	874.40405
796.77704	876.37518
796.78906	874.63354
796.80109	875.90784
796.81311	875.02649
796.82507	874.02563
796.8371	871.8941
796.84912	874.58398
796.86115	875.54224
796.87317	876.92847
796.88519	875.78796
796.89722	874.24695
796.90924	875.91223
796.9212	874.92896
796.93323	873.69684
796.94525	874.15894
796.95728	874.87885
796.9693	875.3869
796.98132	874.67847
796.99335	874.47418
797.00531	875.48938
797.01733	874.06836
797.02936	873.76788
797.04138	875.1037
797.05341	873.987
797.06543	874.53418
797.07745	875.66815
797.08948	875.89008
797.10144	874.84906
797.11346	874.92487
797.12549	874.9364
797.13751	875.27985
797.14954	875.67255
797.16156	875.04468
797.17358	877.92328
797.18561	874.97192
797.19757	871.26294
797.20959	874.22186
797.22162	874.91016
797.23364	876.85504
797.24567	874.11157
797.25769	876.22589
797.26971	874.24292
797.28174	873.11182
797.2937	873.86426
797.30573	874.86511
797.31775	875.31696
797.32977	875.61743
797.3418	875.95251
797.35382	875.7558
797.36584	876.56281
797.37781	876.72009
797.38983	875.01013
797.40186	874.73102
797.41388	875.13031
797.4259	875.30249
797.43793	875.34424
797.44995	876.52521
797.46198	876.02777
797.47394	874.6145
797.48596	875.77356
797.49799	874.80981
797.51001	874.9317
797.52203	873.32483
797.53406	873.78845
797.54608	873.38135
797.55811	873.48608
797.57007	872.70087
797.58209	875.27533
797.59412	875.75977
797.60614	873.53467
797.61816	874.17188
797.63019	875.81866
797.64221	874.8822
797.65424	873.04297
797.6662	875.47052
797.67822	873.88507
797.69025	873.94299
797.70227	872.15863
797.71429	873.81146
797.72632	874.79169
797.73834	874.09631
797.75031	873.98303
797.76233	874.89044
797.77435	874.35352
797.78638	875.172
797.7984	875.04401
797.81042	874.99951
797.82245	875.5968
797.83447	874.46344
797.84644	874.51984
797.85846	874.25934
797.87048	873.65631
797.88251	873.34467
797.89453	873.05798
797.90656	873.50946
797.91858	874.1803
797.9306	873.45105
797.94257	873.69861
797.95459	873.37689
797.96661	873.82831
797.97864	875.35529
797.99066	874.79376
798.00269	875.13263
798.01471	875.36719
798.02667	875.07501
798.0387	873.01941
798.05072	875.98242
798.06274	872.79993
798.07477	873.32343
798.08679	875.13696
798.09882	873.81897
798.11084	873.87054
798.1228	875.14795
798.13483	874.00641
798.14685	874.11572
798.15887	874.34149
798.1709	874.81696
798.18292	874.87439
798.19495	874.16443
798.20697	874.94318
798.21893	875.73743
798.23096	873.59601
798.24298	873.96564
798.255	874.73401
798.26703	873.53992
798.27905	875.65204
798.29108	876.17999
798.3031	875.52673
798.31506	875.6651
798.32709	873.87408
798.33911	875.31036
798.35114	874.44867
798.36316	873.23541
798.37518	874.76208
798.38721	875.09479
798.39917	875.44385
798.41119	873.68774
798.42322	874.43408
798.43524	874.17157
798.44727	873.25
798.45929	873.78113
798.47131	874.72894
798.48334	871.49084
798.4953	872.68268
798.50732	873.49561
798.51935	875.04498
798.53137	875.21613
798.5434	873.3941
798.55542	874.2652
798.56744	873.5434
798.57947	873.35724
798.59143	874.70361
798.60345	871.86169
798.61548	872.1983
798.6275	873.95831
798.63953	874.71539
798.65155	873.435
798.66357	874.98151
798.67554	874.93396
798.68756	872.01257
798.69958	872.19525
798.71161	874.43018
798.72363	875.07288
798.73566	874.0885
798.74768	874.18884
798.7597	871.86719
798.77167	872.90955
798.78369	874.07501
798.79572	874.09454
798.80774	874.01672
798.81976	874.28528
798.83179	874.37219
798.84381	874.6618
798.85583	873.33087
798.8678	871.68933
798.87982	872.58838
798.89185	873.97595
798.90387	872.08887
798.91589	873.44019
798.92792	875.0351
798.93994	874.72778
798.95197	873.88513
798.96393	874.34076
798.97595	875.52533
798.98798	873.21851
799	873.28198
799.01202	872.85242
799.02405	873.60956
799.03607	874.7345
799.04803	873.47803
799.06006	873.49902
799.07208	873.54681
799.08411	875.20404
799.09613	875.04498
799.10815	873.96674
799.12018	872.44788
799.1322	873.69775
799.14417	874.54114
799.15619	874.70734
799.16821	872.03082
799.18024	873.26691
799.19226	872.79449
799.20428	874.82813
799.21631	873.94672
799.22833	874.09747
799.2403	872.41541
799.25232	872.71472
799.26434	872.51178
799.27637	873.59735
799.28839	874.72144
799.30042	874.29572
799.31244	874.3905
799.32446	875.17169
799.33643	873.68762
799.34845	873.24731
799.36047	874.03625
799.3725	872.63873
799.38452	873.14807
799.39655	873.93744
799.40857	874.95825
799.42053	875.00873
799.43256	873.76178
799.44458	874.73016
799.4566	874.15137
799.46863	874.5423
799.48065	873.41412
799.49268	874.42401
799.5047	873.71198
799.51666	871.60468
799.52869	874.80725
799.54071	875.01129
799.55273	874.99304
799.56476	873.98767
799.57678	875.52173
799.58881	874.29132
799.60083	875.46802
799.61279	873.96832
799.62482	872.98157
799.63684	874.21106
799.64886	874.59021
799.66089	875.26569
799.67291	874.12708
799.68494	873.4892
799.6969	875.35565
799.70892	875.57379
799.72095	874.73889
799.73297	874.86761
799.745	875.13763
799.75702	874.90991
799.76904	875.33502
799.78107	876.29352
799.79303	874.81415
799.80505	874.3194
799.81708	872.70135
799.8291	874.79614
799.84113	872.88867
799.85315	874.08887
799.86517	873.93475
799.8772	874.08282
799.88916	873.60419
799.90118	875.28198
799.91321	873.18384
799.92523	875.13727
799.93726	873.81262
799.94928	872.5603
799.9613	875.71558
799.97333	874.66083
799.98529	875.35065
799.99731	872.6734
800.00934	874.00458
800.02136	873.18585
800.03339	874.26343
800.04541	873.6958
800.05743	874.51801
800.0694	875.05377
800.08142	873.76501
800.09344	873.04749
800.10547	873.92499
800.11749	874.42542
800.12952	874.65802
800.14154	874.10852
800.15356	874.68817
800.16553	874.53601
800.17755	874.18976
800.18958	875.26392
800.2016	873.24091
800.21362	873.75104
800.22565	873.50403
800.23767	874.11279
800.24969	874.24164
800.26166	872.97278
800.27368	872.73492
800.28571	873.06201
800.29773	873.42114
800.30975	875.08856
800.32178	873.98035
800.3338	873.60779
800.34576	872.94775
800.35779	874.10272
800.36981	874.60278
800.38184	874.94635
800.39386	874.25049
800.40588	874.6626
800.41791	872.37372
800.42993	873.62646
800.44189	875.22723
800.45392	874.49414
800.46594	874.31598
800.47797	873.17542
800.48999	874.4809
800.50201	875.01941
800.51404	876.75012
800.52606	876.09247
800.53802	873.41351
800.55005	874.35901
800.56207	875.32019
800.5741	874.46527
800.58612	873.65826
800.59814	874.08368
800.61017	873.33832
800.62219	872.53381
800.63416	873.93146
800.64618	873.8736
800.6582	873.99231
800.67023	876.0509
800.68225	874.0426
800.69427	872.65454
800.7063	873.80548
800.71826	873.41974
800.73029	873.3291
800.74231	873.06207
800.75433	874.04919
800.76636	874.34961
800.77838	875.39685
800.79041	874.55426
800.80243	873.74329
800.81439	873.51178
800.82642	872.87042
800.83844	873.30206
800.85046	873.89337
800.86249	874.60272
800.87451	873.88263
800.88654	874.04236
800.89856	872.05255
800.91052	872.39056
800.92255	872.27844
800.93457	876.02173
800.94659	872.88513
800.95862	874.41235
800.97064	874.31952
800.98267	873.39929
800.99469	872.74487
801.00665	873.09802
801.01868	874.01514
801.0307	872.68427
801.04272	874.74731
801.05475	874.63672
801.06677	874.13068
801.0788	873.38983
801.09076	873.17017
801.10278	874.78217
801.11481	874.52795
801.12683	873.87915
801.13885	873.5896
801.15088	872.82361
801.1629	873.73749
801.17493	874.38751
801.18689	873.64355
801.19891	874.18579
801.21094	874.93152
801.22296	874.03125
801.23499	873.44702
801.24701	873.71106
801.25903	873.30396
801.27106	872.2099
801.28302	873.0896
801.29504	873.52631
801.30707	874.32184
801.31909	874.15967
801.33112	873.18323
801.34314	872.88757
801.35516	874.64722
801.36713	874.2287
801.37915	873.31561
801.39117	871.42645
801.4032	874.68579
801.41522	874.79291
801.42725	873.41443
801.43927	874.63446
801.45129	874.25574
801.46326	873.69299
801.47528	873.87915
801.4873	874.59442
801.49933	873.87958
801.51135	874.56555
801.52338	874.82507
801.5354	874.36682
801.54742	873.86444
801.55939	872.6684
801.57141	872.81573
801.58344	874.23108
801.59546	874.60852
801.60748	873.75085
801.61951	874.20581
801.63153	874.38055
801.64355	872.78229
801.65552	873.61212
801.66754	873.3692
801.67957	873.4671
801.69159	874.04279
801.70361	874.30493
801.71564	873.58392
801.72766	874.28467
801.73962	873.573
801.75165	872.96204
801.76367	873.83105
801.7757	874.90729
801.78772	872.78485
801.79974	873.13617
801.81177	872.94952
801.82379	874.11401
801.83575	874.29028
801.84778	874.16357
801.8598	874.2713
801.87183	873.77728
801.88385	873.81744
801.89587	873.75928
801.9079	872.03485
801.91992	873.44855
801.93188	874.20166
801.94391	873.19641
801.95593	872.11102
801.96796	874.20135
801.97998	874.73694
801.992	873.56152
802.00403	872.37958
802.01599	874.03522
802.02802	874.19843
802.04004	872.91486
802.05206	872.39911
802.06409	874.64545
802.07611	874.2464
802.08813	874.4928
802.10016	873.63629
802.11212	874.61139
802.12415	873.70721
802.13617	873.48962
802.14819	872.83044
802.16022	873.91296
802.17224	875.12683
802.18427	873.63568
802.19629	873.87561
802.20825	874.04895
802.22028	874.86584
802.2323	874.04657
802.24432	874.35754
802.25635	873.10706
802.26837	874.67413
802.2804	874.04639
802.29242	874.9032
802.30438	873.53625
802.31641	874.39569
802.32843	873.82288
802.34045	874.99445
802.35248	874.76404
802.3645	873.39648
802.37653	875.77826
802.38849	874.79181
802.40051	873.92432
802.41254	873.42688
802.42456	873.31854
802.43658	874.05182
802.44861	875.05853
802.46063	873.66101
802.47266	873.90472
802.48462	874.89398
802.49664	874.20831
802.50867	874.37152
802.52069	873.95496
802.53271	873.95715
802.54474	874.67493
802.55676	875.4834
802.56879	875.25
802.58075	873.77435
802.59277	873.16119
802.6048	872.68396
802.61682	873.1571
802.62885	875.05231
802.64087	874.18213
802.65289	873.92072
802.66492	874.20135
802.67688	874.61316
802.6889	874.17969
802.70093	873.80341
802.71295	873.21906
802.72498	873.0058
802.737	873.91235
802.74902	875.79181
802.76099	873.67584
802.77301	874.59778
802.78503	873.57495
802.79706	875.51105
802.80908	873.37463
802.82111	874.76288
802.83313	873.84253
802.84515	871.18597
802.85712	874.82361
802.86914	873.57208
802.88116	873.09021
802.89319	873.4386
802.90521	874.19812
802.91724	873.25336
802.92926	874.01404
802.94128	874.12256
802.95325	874.50537
802.96527	874.67096
802.97729	874.62732
802.98932	874.42871
803.00134	872.89948
803.01337	874.46045
803.02539	873.56073
803.03735	872.04846
803.04938	873.82477
803.0614	874.21466
803.07343	872.97284
803.08545	874.05249
803.09747	874.54272
803.1095	872.75879
803.12152	873.00122
803.13348	874.11938
803.14551	872.70117
803.15753	874.73401
803.16956	873.64703
803.18158	874.03589
803.1936	874.47571
803.20563	874.7334
803.21765	874.03156
803.22961	874.48584
803.24164	873.42334
803.25366	873.54089
803.26569	874.19031
803.27771	873.73859
803.28973	873.02344
803.30176	873.23694
803.31378	872.86749
803.32574	873.69806
803.33777	874.22699
803.34979	874.70624
803.36182	874.08844
803.37384	872.5675
803.38586	872.31622
803.39789	871.83673
803.40985	873.98785
803.42188	872.72589
803.4339	873.80011
803.44592	874.64294
803.45795	874.06824
803.46997	873.62915
803.48199	873.45758
803.49402	872.78564
803.50598	872.6189
803.51801	874.70935
803.53003	873.86249
803.54205	871.64001
803.55408	872.02155
803.5661	873.32996
803.57813	874.81067
803.59015	874.30011
803.60211	874.03802
803.61414	875.02979
803.62616	874.32599
803.63818	873.76581
803.65021	872.74854
803.66223	872.76959
803.67426	872.92456
803.68622	875.14679
803.69824	875.84277
803.71027	874.84558
803.72229	874.63086
803.73431	873.62537
803.74634	872.24408
803.75836	871.54999
803.77039	872.75873
803.78235	874.30634
803.79437	874.69653
803.8064	874.09991
803.81842	875.40692
803.83044	875.37726
803.84247	873.87848
803.85449	874.12946
803.86652	873.883
803.87848	875.00739
803.8905	874.67212
803.90253	873.14862
803.91455	873.7547
803.92657	874.1347
803.9386	873.50269
803.95062	874.38037
803.96265	875.61798
803.97461	874.39099
803.98663	873.58502
803.99866	874.54718
804.01068	873.83307
804.02271	872.9671
804.03473	874.13666
804.04675	873.66217
804.05872	873.01648
804.07074	874.29041
804.08276	873.63824
804.09479	872.37054
804.10681	874.07581
804.11884	874.9527
804.13086	875.30005
804.14288	875.68298
804.15485	873.77991
804.16687	874.70209
804.17889	874.42792
804.19092	873.19397
804.20294	873.47266
804.21497	874.00763
804.22699	873.53882
804.23901	874.64838
804.25098	876.17102
804.263	874.79449
804.27502	874.60486
804.28705	873.16498
804.29907	873.94861
804.3111	872.15619
804.32312	871.83459
804.33508	873.13733
804.34711	873.92462
804.35913	874.31012
804.37115	874.31708
804.38318	874.27747
804.3952	874.34717
804.40723	872.95978
804.41925	874.22559
804.43121	875.48541
804.44324	875.14911
804.45526	875.20422
804.46729	872.48505
804.47931	872.82471
804.49133	872.70026
804.50336	874.03571
804.51538	875.25818
804.52734	874.98114
804.53937	873.35663
804.55139	873.39307
804.56342	874.38818
804.57544	874.56146
804.58746	873.82721
804.59949	873.44269
804.61151	872.44513
804.62347	873.59149
804.6355	874.37415
804.64752	875.01819
804.65955	874.11981
804.67157	874.06049
804.68359	875.00385
804.69562	874.96045
804.70758	873.39935
804.7196	873.28833
804.73163	873.4856
804.74365	874.04578
804.75568	872.64551
804.7677	873.89142
804.77972	873.44763
804.79175	873.49512
804.80371	873.82489
804.81573	873.76337
804.82776	873.27667
804.83978	875.97363
804.85181	875.65869
804.86383	875.19989
804.87585	874.0293
804.88788	874.58734
804.89984	874.6524
804.91187	874.58057
804.92389	873.60504
804.93591	872.99738
804.94794	872.61285
804.95996	874.35223
804.97198	874.37512
804.98401	873.98663
804.99597	873.59705
805.008	872.40546
805.02002	872.37805
805.03204	874.75256
805.04407	872.5979
805.05609	873.32623
805.06812	874.98236
805.08008	875.05286
805.0921	872.89935
805.10413	873.69147
805.11615	874.78381
805.12817	874.04114
805.1402	874.70752
805.15222	875.48108
805.16425	874.43036
805.17621	875.7431
805.18823	875.26508
805.20026	874.63165
805.21228	874.14764
805.2243	873.93195
805.23633	874.5459
805.24835	875.36469
805.26038	876.14746
805.27234	876.35962
805.28436	874.43994
805.29639	874.0697
805.30841	873.59546
805.32043	873.7464
805.33246	873.89703
805.34448	873.60968
805.35645	874.15869
805.36847	875.15808
805.38049	876.43555
805.39252	875.86395
805.40454	874.56537
805.41656	874.31268
805.42859	873.62994
805.44061	873.60144
805.45258	872.70142
805.4646	874.75909
805.47662	874.88416
805.48865	877.03607
805.50067	874.66986
805.5127	875.11548
805.52472	873.50385
805.53674	873.96527
805.54871	874.72858
805.56073	873.78406
805.57275	874.1355
805.58478	876.03705
805.5968	874.22473
805.60883	875.40765
805.62085	875.71771
805.63287	873.84009
805.64484	872.15674
805.65686	872.14941
805.66888	872.89362
805.68091	874.92615
805.69293	875.1593
805.70496	873.85217
805.71698	875.27783
805.72894	876.21594
805.74097	873.06567
805.75299	873.82043
805.76501	874.79352
805.77704	876.44739
805.78906	876.1264
805.80109	874.11731
805.81311	873.35687
805.82507	873.7536
805.8371	874.0733
805.84912	873.54327
805.86115	874.4903
805.87317	875.14307
805.88519	874.92065
805.89722	872.28271
805.90924	872.8833
805.9212	874.46356
805.93323	872.62726
805.94525	872.68335
805.95728	873.58264
805.9693	873.47058
805.98132	873.93146
805.99335	875.3299
806.00531	875.22125
806.01733	874.02271
806.02936	875.57147
806.04138	873.96509
806.05341	872.8598
806.06543	872.60211
806.07745	873.71039
806.08948	874.07904
806.10144	873.69965
806.11346	872.60156
806.12549	872.40259
806.13751	873.01697
806.14954	874.3078
806.16156	873.76801
806.17358	873.24976
806.18561	875.13123
806.19757	874.17761
806.20959	874.19922
806.22162	875.39398
806.23364	874.79388
806.24567	874.54059
806.25769	874.11218
806.26971	874.72052
806.28174	876.28693
806.2937	874.81665
806.30573	875.3869
806.31775	874.72443
806.32977	873.74786
806.3418	876.27551
806.35382	874.91754
806.36584	873.79999
806.37781	873.12396
806.38983	874.13141
806.40186	874.96606
806.41388	874.2597
806.4259	874.66858
806.43793	873.59149
806.44995	874.29767
806.46198	873.82611
806.47394	875.05737
806.48596	874.63403
806.49799	875.38416
806.51001	873.76587
806.52203	873.73376
806.53406	873.58313
806.54608	875.20776
806.55811	873.74664
806.57007	875.39648
806.58209	874.4256
806.59412	875.40656
806.60614	875.02008
806.61816	873.75763
806.63019	872.84839
806.64221	876.21014
806.65424	876.30157
806.6662	875.03729
806.67822	873.78363
806.69025	874.42505
806.70227	873.95795
806.71429	875.11597
806.72632	875.28082
806.73834	875.03546
806.75031	875.39386
806.76233	876.85687
806.77435	874.90338
806.78638	874.94965
806.7984	874.84534
806.81042	874.89734
806.82245	875.93958
806.83447	876.23621
806.84644	875.88654
806.85846	875.07996
806.87048	874.82886
806.88251	875.79352
806.89453	875.60474
806.90656	877.29877
806.91858	876.45184
806.9306	874.4657
806.94257	873.7616
806.95459	874.30896
806.96661	875.67926
806.97864	875.44049
806.99066	874.30835
807.00269	874.66669
807.01471	874.47394
807.02667	874.80878
807.0387	874.01263
807.05072	873.40613
807.06274	875.02368
807.07477	875.46393
807.08679	875.68506
807.09882	874.59766
807.11084	873.55341
807.1228	875.86676
807.13483	874.52075
807.14685	875.41626
807.15887	876.35034
807.1709	875.44116
807.18292	876.7984
807.19495	874.33984
807.20697	875.26788
807.21893	876.16772
807.23096	875.94611
807.24298	876.26324
807.255	874.97229
807.26703	875.8092
807.27905	873.90717
807.29108	874.79266
807.3031	875.37341
807.31506	874.94879
807.32709	875.87036
807.33911	874.0144
807.35114	873.42828
807.36316	874.40778
807.37518	875.59955
807.38721	875.71167
807.39917	876.28333
807.41119	874.86273
807.42322	875.33612
807.43524	875.36505
807.44727	875.4906
807.45929	875.06348
807.47131	876.02423
807.48334	875.59064
807.4953	875.75946
807.50732	875.72876
807.51935	874.65411
807.53137	875.13672
807.5434	874.73907
807.55542	875.33362
807.56744	875.44342
807.57947	874.45398
807.59143	875.8056
807.60345	875.23254
807.61548	875.64056
807.6275	875.4494
807.63953	875.71222
807.65155	876.58936
807.66357	874.98242
807.67554	874.66791
807.68756	876.19141
807.69958	874.10706
807.71161	874.12439
807.72363	874.17389
807.73566	877.08759
807.74768	875.06427
807.7597	876.3844
807.77167	876.57129
807.78369	876.51636
807.79572	875.10541
807.80774	877.45349
807.81976	877.02563
807.83179	877.38184
807.84381	875.20123
807.85583	876.05103
807.8678	876.97083
807.87982	876.54633
807.89185	876.28894
807.90387	875.62091
807.91589	877.25372
807.92792	877.15369
807.93994	876.41748
807.95197	877.1214
807.96393	877.27332
807.97595	877.39343
807.98798	876.17474
808	877.27655
808.01202	875.50781
808.02405	876.08734
808.03607	875.63116
808.04803	875.61688
808.06006	876.95941
808.07208	874.56976
808.08411	876.49487
808.09613	877.71277
808.10815	878.11041
808.12018	877.97626
808.1322	877.09442
808.14417	877.12463
808.15619	876.97998
808.16821	875.98706
808.18024	877.18158
808.19226	874.52429
808.20428	876.53937
808.21631	877.06708
808.22833	877.13403
808.2403	877.97943
808.25232	877.63202
808.26434	878.14252
808.27637	875.37518
808.28839	876.25848
808.30042	876.65137
808.31244	877.34766
808.32446	877.49805
808.33643	876.30817
808.34845	877.04382
808.36047	877.18616
808.3725	877.96045
808.38452	878.86835
808.39655	877.646
808.40857	875.36011
808.42053	877.09576
808.43256	878.72449
808.44458	876.79944
808.4566	875.63745
808.46863	876.25604
808.48065	876.83728
808.49268	875.87506
808.5047	876.59448
808.51666	877.37598
808.52869	877.89227
808.54071	878.31268
808.55273	876.50092
808.56476	875.85791
808.57678	876.48212
808.58881	875.89856
808.60083	877.62885
808.61279	877.14313
808.62482	877.36536
808.63684	875.11163
808.64886	875.20398
808.66089	878.0777
808.67291	877.76379
808.68494	877.6629
808.6969	877.64935
808.70892	876.12799
808.72095	877.94495
808.73297	877.15802
808.745	875.10718
808.75702	879.41937
808.76904	878.50879
808.78107	879.52948
808.79303	879.25842
808.80505	877.17236
808.81708	879.06653
808.8291	876.86969
808.84113	877.65381
808.85315	876.99408
808.86517	878.513
808.8772	878.16327
808.88916	877.39801
808.90118	876.31506
808.91321	875.94025
808.92523	878.92761
808.93726	879.49756
808.94928	877.17017
808.9613	878.29773
808.97333	876.75403
808.98529	878.15979
808.99731	878.18921
809.00934	875.80994
809.02136	876.88843
809.03339	877.8418
809.04541	877.74487
809.05743	877.99097
809.0694	878.04254
809.08142	880.42896
809.09344	878.07532
809.10547	880.36365
809.11749	879.11139
809.12952	876.90283
809.14154	881.23895
809.15356	878.59204
809.16553	879.53009
809.17755	876.75995
809.18958	879.58832
809.2016	880.76038
809.21362	877.89496
809.22565	878.15094
809.23767	879.71747
809.24969	878.93872
809.26166	878.96631
809.27368	879.17542
809.28571	879.52173
809.29773	876.96405
809.30975	878.12042
809.32178	878.60229
809.3338	879.63519
809.34576	879.92792
809.35779	876.86041
809.36981	877.73438
809.38184	878.04242
809.39386	878.57837
809.40588	880.43341
809.41791	880.53595
809.42993	879.20166
809.44189	878.70416
809.45392	879.21582
809.46594	879.85938
809.47797	878.8689
809.48999	879.71191
809.50201	878.59882
809.51404	878.06897
809.52606	878.2337
809.53802	879.2915
809.55005	880.49469
809.56207	881.00134
809.5741	880.01239
809.58612	878.78461
809.59814	878.60413
809.61017	880.12457
809.62219	878.77246
809.63416	879.54803
809.64618	879.36731
809.6582	879.6662
809.67023	880.22876
809.68225	879.25165
809.69427	879.38855
809.7063	879.24359
809.71826	879.96948
809.73029	879.59656
809.74231	878.36261
809.75433	879.14301
809.76636	881.51318
809.77838	881.84229
809.79041	879.48444
809.80243	879.88977
809.81439	880.57068
809.82642	882.75226
809.83844	882.45306
809.85046	882.76984
809.86249	881.25745
809.87451	879.90442
809.88654	880.19635
809.89856	880.93994
809.91052	880.39978
809.92255	881.97473
809.93457	881.79608
809.94659	880.59631
809.95862	880.83539
809.97064	880.33264
809.98267	880.57727
809.99469	881.79388
810.00665	881.42023
810.01868	880.89752
810.0307	881.08051
810.04272	881.27002
810.05475	881.92395
810.06677	883.30609
810.0788	883.44922
810.09076	884.24078
810.10278	883.09796
810.11481	882.05487
810.12683	883.40625
810.13885	883.08685
810.15088	882.90015
810.1629	883.36029
810.17493	883.17126
810.18689	880.68085
810.19891	881.83551
810.21094	883.73724
810.22296	883.18085
810.23499	882.85034
810.24701	882.12994
810.25903	881.18744
810.27106	884.09186
810.28302	882.66199
810.29504	882.46313
810.30707	882.3269
810.31909	881.65765
810.33112	885.00781
810.34314	886.04565
810.35516	885.07623
810.36713	880.5246
810.37915	882.16888
810.39117	885.26764
810.4032	883.4021
810.41522	885.64508
810.42725	882.34747
810.43927	884.29309
810.45129	886.79523
810.46326	885.33417
810.47528	884.99298
810.4873	886.91827
810.49933	886.69592
810.51135	883.55188
810.52338	887.67145
810.5354	885.77393
810.54742	886.42688
810.55939	887.93335
810.57141	886.32361
810.58344	886.72223
810.59546	887.04865
810.60748	886.94434
810.61951	886.53796
810.63153	888.79724
810.64355	889.08728
810.65552	888.13019
810.66754	889.94983
810.67957	888.47186
810.69159	889.15906
810.70361	889.21252
810.71564	889.27423
810.72766	891.28748
810.73962	893.42682
810.75165	891.89008
810.76367	891.63245
810.7757	890.75897
810.78772	893.16016
810.79974	893.29565
810.81177	891.59888
810.82379	891.69141
810.83575	891.45685
810.84778	891.06427
810.8598	893.5105
810.87183	894.9696
810.88385	895.93719
810.89587	896.93164
810.9079	898.21674
810.91992	895.75336
810.93188	896.60321
810.94391	897.99664
810.95593	901.08893
810.96796	899.43188
810.97998	899.97742
810.992	901.14075
811.00403	900.81274
811.01599	899.92743
811.02802	901.93152
811.04004	902.88495
811.05206	902.40857
811.06409	902.81537
811.07611	904.65234
811.08813	905.08838
811.10016	903.01495
811.11212	900.06903
811.12415	903.8515
811.13617	909.23682
811.14819	906.26056
811.16022	904.57147
811.17224	902.72601
811.18427	906.6861
811.19629	909.43988
811.20825	907.64642
811.22028	904.34973
811.2323	902.82556
811.24432	902.32281
811.25635	903.99359
811.26837	906.5722
811.2804	904.26495
811.29242	905.83075
811.30438	907.75232
811.31641	905.12347
811.32843	905.54181
811.34045	904.66321
811.35248	904.10516
811.3645	904.84943
811.37653	903.14795
811.38849	902.96722
811.40051	906.78033
811.41254	904.11462
811.42456	901.91785
811.43658	900.91193
811.44861	901.09064
811.46063	900.05267
811.47266	895.90747
811.48462	897.44983
811.49664	897.63922
811.50867	897.46942
811.52069	899.43201
811.53271	901.11597
811.54474	900.65387
811.55676	898.56946
811.56879	898.22382
811.58075	895.25989
811.59277	897.92871
811.6048	898.54785
811.61682	898.38153
811.62885	897.64526
811.64087	898.11572
811.65289	896.1911
811.66492	898.13947
811.67688	896.04547
811.6889	893.85797
811.70093	894.35254
811.71295	898.28601
811.72498	896.18915
811.737	895.63641
811.74902	898.37128
811.76099	896.27771
811.77301	895.0025
811.78503	892.97528
811.79706	896.09357
811.80908	897.29291
811.82111	893.6615
811.83313	893.71802
811.84515	891.14777
811.85712	893.25964
811.86914	894.53278
811.88116	894.66162
811.89319	894.61517
811.90521	894.40863
811.91724	893.7243
811.92926	892.75891
811.94128	894.40411
811.95325	895.70453
811.96527	893.43188
811.97729	896.29272
811.98932	893.1604
812.00134	891.45215
812.01337	893.70917
812.02539	896.56329
812.03735	891.58099
812.04938	894.3125
812.0614	894.42181
812.07343	893.46289
812.08545	891.98505
812.09747	892.19135
812.1095	891.40454
812.12152	893.01453
812.13348	890.29083
812.14551	889.09186
812.15753	894.30817
812.16956	893.78528
812.18158	896.4657
812.1936	892.45007
812.20563	892.17487
812.21765	890.44678
812.22961	892.65674
812.24164	893.39886
812.25366	891.45135
812.26569	892.52643
812.27771	886.28564
812.28973	891.90466
812.30176	890.98962
812.31378	891.5509
812.32574	895.60638
812.33777	894.07495
812.34979	895.15735
812.36182	893.06165
812.37384	894.10913
812.38586	893.7558
812.39789	894.77954
812.40985	893.17487
812.42188	892.99786
812.4339	894.44751
812.44592	892.26544
812.45795	894.8092
812.46997	896.0152
812.48199	893.88184
812.49402	896.20972
812.50598	895.72351
812.51801	892.3678
812.53003	892.4057
812.54205	895.1521
812.55408	890.63354
812.5661	893.90112
812.57813	895.97278
812.59015	896.36707
812.60211	896.29205
812.61414	896.03113
812.62616	892.47821
812.63818	894.33472
812.65021	895.53638
812.66223	895.65875
812.67426	895.65149
812.68622	898.07275
812.69824	895.66431
812.71027	896.84778
812.72229	896.85254
812.73431	899.73956
812.74634	899.4563
812.75836	898.79858
812.77039	898.44818
812.78235	897.99377
812.79437	896.46918
812.8064	900.38837
812.81842	901.67908
812.83044	898.73315
812.84247	896.54639
812.85449	897.99091
812.86652	896.35419
812.87848	901.52814
812.8905	899.81915
812.90253	902.49701
812.91455	902.42944
812.92657	905.1582
812.9386	904.24463
812.95062	904.29913
812.96265	902.73511
812.97461	899.88928
812.98663	903.83069
812.99866	904.14905
813.01068	904.34473
813.02271	900.93005
813.03473	908.36743
813.04675	908.78101
813.05872	906.80707
813.07074	909.26898
813.08276	908.13873
813.09479	909.96533
813.10681	911.93652
813.11884	909.54987
813.13086	909.19952
813.14288	911.56378
813.15485	912.48309
813.16687	912.56488
813.17889	914.76648
813.19092	918.48145
813.20294	917.94757
813.21497	916.97791
813.22699	917.32599
813.23901	920.12067
813.25098	922.29608
813.263	914.39648
813.27502	921.81152
813.28705	923.0957
813.29907	922.54187
813.3111	921.48822
813.32312	923.74652
813.33508	925.58063
813.34711	932.01227
813.35913	935.68408
813.37115	937.42554
813.38318	930.47418
813.3952	931.89868
813.40723	930.362
813.41925	934.83441
813.43121	938.65808
813.44324	939.1192
813.45526	945.15625
813.46729	934.62579
813.47931	937.40613
813.49133	948.98602
813.50336	953.75421
813.51538	947.90961
813.52734	955.98889
813.53937	957.64526
813.55139	952.80725
813.56342	964.69757
813.57544	961.50928
813.58746	964.09515
813.59949	963.01672
813.61151	971.20551
813.62347	971.83325
813.6355	977.77484
813.64752	976.9494
813.65955	982.33514
813.67157	982.42889
813.68359	983.52454
813.69562	979.94122
813.70758	990.97894
813.7196	999.66211
813.73163	1001.7023
813.74365	995.63348
813.75568	1000.4604
813.7677	1008.148
813.77972	1010.6707
813.79175	1010.5512
813.80371	1018.7871
813.81573	1015.172
813.82776	1016.0084
813.83978	1014.9931
813.85181	1020.8636
813.86383	1024.6888
813.87585	1021.9509
813.88788	1024.8014
813.89984	1018.9709
813.91187	1031.3206
813.92389	1032.0004
813.93591	1028.5771
813.94794	1029.2065
813.95996	1034.2281
813.97198	1031.3683
813.98401	1028.3129
813.99597	1029.6768
814.008	1031.2328
814.02002	1034.152
814.03204	1023.2327
814.04407	1016.702
814.05609	1014.6485
814.06812	1016.3007
814.08008	1019.4532
814.0921	1019.3624
814.10413	1018.5931
814.11615	1011.9144
814.12817	1010.6901
814.1402	1007.6229
814.15222	1002.6547
814.16425	1006.1921
814.17621	1005.0457
814.18823	992.52197
814.20026	992.63446
814.21228	999.71564
814.2243	997.98669
814.23633	988.1629
814.24835	984.58398
814.26038	980.83569
814.27234	977.62183
814.28436	975.27814
814.29639	971.73499
814.30841	975.8877
814.32043	974.10492
814.33246	971.55994
814.34448	968.99542
814.35645	966.19763
814.36847	961.87091
814.38049	962.48456
814.39252	958.94806
814.40454	960.39294
814.41656	961.13239
814.42859	953.65466
814.44061	950.35968
814.45258	948.03235
814.4646	949.68884
814.47662	946.08807
814.48865	944.31812
814.50067	946.37677
814.5127	941.26282
814.52472	939.54236
814.53674	936.26984
814.54871	941.74261
814.56073	938.49927
814.57275	935.9248
814.58478	936.27008
814.5968	939.36823
814.60883	938.18427
814.62085	928.8045
814.63287	936.02228
814.64484	930.7934
814.65686	932.66565
814.66888	923.23871
814.68091	926.10779
814.69293	925.76196
814.70496	930.00958
814.71698	927.17761
814.72894	924.72034
814.74097	927.31641
814.75299	922.80005
814.76501	922.35272
814.77704	928.52905
814.78906	924.62976
814.80109	917.59021
814.81311	921.73187
814.82507	917.28046
814.8371	921.8526
814.84912	917.33759
814.86115	921.5556
814.87317	921.74066
814.88519	918.42017
814.89722	914.95001
814.90924	911.73883
814.9212	917.84924
814.93323	915.75317
814.94525	916.76843
814.95728	911.61548
814.9693	910.86798
814.98132	914.28192
814.99335	911.92889
815.00531	915.42694
815.01733	914.19604
815.02936	914.5791
815.04138	909.17059
815.05341	909.98999
815.06543	911.68976
815.07745	909.40619
815.08948	909.75885
815.10144	907.65662
815.11346	911.7041
815.12549	907.45508
815.13751	906.71362
815.14954	907.72809
815.16156	909.56567
815.17358	904.90442
815.18561	907.98969
815.19757	904.54846
815.20959	900.92676
815.22162	904.86896
815.23364	904.30377
815.24567	904.47034
815.25769	902.67859
815.26971	898.39734
815.28174	903.03937
815.2937	899.71326
815.30573	902.6286
815.31775	898.00824
815.32977	899.10895
815.3418	897.82184
815.35382	901.49811
815.36584	894.27808
815.37781	898.30164
815.38983	898.89063
815.40186	899.6554
815.41388	898.21704
815.4259	897.22003
815.43793	897.22156
815.44995	897.06061
815.46198	893.8819
815.47394	898.90186
815.48596	897.70477
815.49799	898.23761
815.51001	896.95331
815.52203	892.72327
815.53406	895.54053
815.54608	894.01929
815.55811	893.05176
815.57007	895.48914
815.58209	892.95374
815.59412	892.7038
815.60614	893.42609
815.61816	893.57581
815.63019	894.10199
815.64221	891.50818
815.65424	890.16705
815.6662	890.93036
815.67822	888.18829
815.69025	889.02545
815.70227	890.82886
815.71429	888.53815
815.72632	887.67346
815.73834	889.94861
815.75031	891.04779
815.76233	891.2464
815.77435	890.16803
815.78638	888.18781
815.7984	889.32629
815.81042	890.41272
815.82245	890.16443
815.83447	888.0799
815.84644	885.31366
815.85846	886.35236
815.87048	888.87567
815.88251	888.1698
815.89453	887.22961
815.90656	887.30872
815.91858	887.83728
815.9306	886.56256
815.94257	884.61584
815.95459	886.7666
815.96661	888.82532
815.97864	889.61627
815.99066	887.55927
816.00269	886.6701
816.01471	886.00885
816.02667	885.84552
816.0387	887.3775
816.05072	884.13715
816.06274	884.39807
816.07477	884.10895
816.08679	883.87433
816.09882	885.12451
816.11084	886.59637
816.1228	884.92596
816.13483	883.75836
816.14685	885.44
816.15887	886.34631
816.1709	885.49823
816.18292	883.99817
816.19495	884.89307
816.20697	883.68488
816.21893	881.67108
816.23096	881.87549
816.24298	883.20367
816.255	884.58795
816.26703	885.85339
816.27905	885.04163
816.29108	883.75128
816.3031	883.00684
816.31506	882.99951
816.32709	883.39813
816.33911	882.33063
816.35114	882.52277
816.36316	883.24957
816.37518	883.41266
816.38721	883.91241
816.39917	884.14069
816.41119	882.22705
816.42322	880.66632
816.43524	883.04639
816.44727	882.79156
816.45929	882.63861
816.47131	883.15845
816.48334	880.80408
816.4953	880.27563
816.50732	880.89642
816.51935	880.95007
816.53137	881.56982
816.5434	882.03033
816.55542	881.47253
816.56744	881.04688
816.57947	881.2832
816.59143	881.11151
816.60345	881.13556
816.61548	881.13538
816.6275	881.13745
816.63953	881.34503
816.65155	881.09991
816.66357	881.71442
816.67554	881.24243
816.68756	881.26605
816.69958	879.98676
816.71161	878.82483
816.72363	879.1073
816.73566	879.54669
816.74768	877.66998
816.7597	878.38971
816.77167	880.55389
816.78369	879.89081
816.79572	879.80774
816.80774	880.25885
816.81976	879.13538
816.83179	878.34119
816.84381	879.1897
816.85583	878.58099
816.8678	877.29932
816.87982	878.66974
816.89185	879.51007
816.90387	878.54346
816.91589	877.95612
816.92792	877.37323
816.93994	878.18402
816.95197	878.01898
816.96393	880.18671
816.97595	880.13873
816.98798	880.02991
817	878.96393
817.01202	879.56775
817.02405	879.0127
817.03607	878.41528
817.04803	878.06061
817.06006	879.2052
817.07208	878.4519
817.08411	881.01855
817.09613	879.68903
817.10815	879.55804
817.12018	876.88818
817.1322	877.94543
817.14417	876.72778
817.15619	877.52936
817.16821	879.62177
817.18024	879.57587
817.19226	879.05646
817.20428	878.67432
817.21631	879.88202
817.22833	878.12256
817.2403	878.09546
817.25232	878.83868
817.26434	877.76978
817.27637	879.41406
817.28839	878.36133
817.30042	879.01678
817.31244	877.58276
817.32446	879.6579
817.33643	880.50519
817.34845	877.09406
817.36047	876.74445
817.3725	876.91229
817.38452	878.88153
817.39655	879.17365
817.40857	879.85907
817.42053	878.43842
817.43256	876.15912
817.44458	878.34662
817.4566	878.87323
817.46863	876.83832
817.48065	876.84277
817.49268	877.82074
817.5047	878.69684
817.51666	879.48199
817.52869	877.52686
817.54071	875.96448
817.55273	875.6637
817.56476	877.24512
817.57678	877.65167
817.58881	876.87421
817.60083	878.14124
817.61279	877.78442
817.62482	880.05951
817.63684	877.14203
817.64886	877.00482
817.66089	876.43842
817.67291	876.19366
817.68494	876.35303
817.6969	876.49744
817.70892	876.776
817.72095	876.55579
817.73297	876.62549
817.745	876.69586
817.75702	877.04266
817.76904	878.09619
817.78107	879.44702
817.79303	878.82471
817.80505	877.30304
817.81708	877.55579
817.8291	875.8833
817.84113	875.80615
817.85315	877.57245
817.86517	877.27991
817.8772	877.42816
817.88916	876.5744
817.90118	876.88989
817.91321	877.98718
817.92523	876.79407
817.93726	876.91339
817.94928	876.46527
817.9613	876.46521
817.97333	877.01642
817.98529	877.02588
817.99731	876.07196
818.00934	876.8515
818.02136	877.74847
818.03339	876.69006
818.04541	876.95648
818.05743	876.59576
818.0694	876.94391
818.08142	877.91388
818.09344	879.26624
818.10547	878.61499
818.11749	878.39758
818.12952	876.39868
818.14154	876.64758
818.15356	877.46106
818.16553	876.08875
818.17755	874.91772
818.18958	874.72382
818.2016	875.89117
818.21362	877.15686
818.22565	877.87238
818.23767	876.13324
818.24969	875.27948
818.26166	876.74902
818.27368	877.38629
818.28571	877.20367
818.29773	878.53912
818.30975	877.75549
818.32178	876.30756
818.3338	876.0788
818.34576	877.60144
818.35779	877.21503
818.36981	875.76898
818.38184	876.38318
818.39386	876.64441
818.40588	876.43707
818.41791	876.92944
818.42993	876.96283
818.44189	876.51276
818.45392	876.69788
818.46594	875.33594
818.47797	876.4054
818.48999	875.81946
818.50201	877.75311
818.51404	876.82001
818.52606	877.96967
818.53802	876.43066
818.55005	876.89954
818.56207	876.55865
818.5741	877.12744
818.58612	876.67572
818.59814	875.67114
818.61017	877.07721
818.62219	876.67725
818.63416	875.95166
818.64618	874.79974
818.6582	876.90173
818.67023	876.97272
818.68225	877.4906
818.69427	875.53796
818.7063	876.78802
818.71826	876.04297
818.73029	876.37738
818.74231	876.3927
818.75433	875.01123
818.76636	876.8642
818.77838	877.34222
818.79041	877.35699
818.80243	876.66272
818.81439	876.8501
818.82642	876.94415
818.83844	875.29694
818.85046	875.73291
818.86249	876.74554
818.87451	875.81702
818.88654	875.40912
818.89856	875.92841
818.91052	875.50665
818.92255	874.1308
818.93457	876.08875
818.94659	875.59259
818.95862	875.65405
818.97064	877.37762
818.98267	875.61005
818.99469	877.05444
819.00665	877.1452
819.01868	877.34198
819.0307	878.33765
819.04272	877.25726
819.05475	876.75836
819.06677	876.87079
819.0788	876.14301
819.09076	874.19067
819.10278	875.02075
819.11481	876.24414
819.12683	876.1698
819.13885	876.5108
819.15088	876.73798
819.1629	875.87488
819.17493	875.7243
819.18689	875.87915
819.19891	874.63647
819.21094	876.77295
819.22296	875.07574
819.23499	874.82343
819.24701	876.08447
819.25903	875.93805
819.27106	876.51569
819.28302	876.83862
819.29504	876.29803
819.30707	876.64679
819.31909	877.43262
819.33112	875.9281
819.34314	874.92596
819.35516	878.57458
819.36713	877.0556
819.37915	877.28278
819.39117	877.89374
819.4032	877.41229
819.41522	874.77069
819.42725	877.92987
819.43927	877.69086
819.45129	876.14667
819.46326	875.89606
819.47528	876.75635
819.4873	873.60846
819.49933	878.04749
819.51135	876.42401
819.52338	877.36548
819.5354	878.07104
819.54742	877.40149
819.55939	875.75439
819.57141	875.9422
819.58344	877.32605
819.59546	878.49011
819.60748	877.87585
819.61951	877.74774
819.63153	876.37994
819.64355	877.34869
819.65552	877.79443
819.66754	876.78479
819.67957	876.08649
819.69159	876.93781
819.70361	875.67914
819.71564	875.69745
819.72766	877.12946
819.73962	876.65833
819.75165	876.72162
819.76367	877.57373
819.7757	876.96667
819.78772	876.27838
819.79974	876.42841
819.81177	878.27521
819.82379	876.44952
819.83575	876.67181
819.84778	875.91071
819.8598	875.30634
819.87183	876.87073
819.88385	877.36804
819.89587	878.46844
819.9079	878.14307
819.91992	874.92413
819.93188	875.72894
819.94391	877.30817
819.95593	876.76996
819.96796	877.90704
819.97998	875.64105
819.992	875.73517
820.00403	874.93951
820.01599	875.01434
820.02802	875.63885
820.04004	876.67584
820.05206	876.4115
820.06409	877.49689
820.07611	876.63934
820.08813	876.90961
820.10016	877.51691
820.11212	877.94116
820.12415	876.75024
820.13617	876.01709
820.14819	875.0451
820.16022	876.28729
820.17224	878.48999
820.18427	878.65778
820.19629	878.47046
820.20825	877.38947
820.22028	876.77081
820.2323	877.78802
820.24432	877.974
820.25635	877.49347
820.26837	876.49213
820.2804	877.13196
820.29242	876.37628
820.30438	876.76001
820.31641	877.13568
820.32843	876.67633
820.34045	875.52625
820.35248	876.49225
820.3645	876.46313
820.37653	877.20984
820.38849	876.57562
820.40051	876.04309
820.41254	876.77264
820.42456	875.53082
820.43658	875.14453
820.44861	878.18774
820.46063	873.9884
820.47266	877.24567
820.48462	877.57538
820.49664	874.3175
820.50867	874.72852
820.52069	874.85968
820.53271	878.61932
820.54474	876.83832
820.55676	875.7392
820.56879	877.30231
820.58075	878.89807
820.59277	875.71167
820.6048	876.68958
820.61682	876.01074
820.62885	876.30371
820.64087	877.96344
820.65289	878.47437
820.66492	877.64246
820.67688	878.11163
820.6889	875.77441
820.70093	875.33356
820.71295	874.47308
820.72498	875.92999
820.737	878.10138
820.74902	878.16528
820.76099	877.68213
820.77301	877.48901
820.78503	876.38538
820.79706	877.1842
820.80908	876.58405
820.82111	877.08447
820.83313	877.90594
820.84515	877.38269
820.85712	877.31384
820.86914	877.85352
820.88116	876.97015
820.89319	877.31421
820.90521	876.89423
820.91724	874.47504
820.92926	875.55579
820.94128	877.54211
820.95325	878.2439
820.96527	878.48688
820.97729	878.31622
820.98932	877.63123
821.00134	877.00409
821.01337	876.80396
821.02539	877.7489
821.03735	876.54492
821.04938	876.98743
821.0614	875.79071
821.07343	876.49957
821.08545	878.10883
821.09747	878.6311
821.1095	877.68018
821.12152	875.82111
821.13348	878.12952
821.14551	877.47992
821.15753	877.40991
821.16956	878.40729
821.18158	876.52899
821.1936	878.78046
821.20563	878.17035
821.21765	876.37573
821.22961	876.90204
821.24164	877.59967
821.25366	876.68768
821.26569	876.94727
821.27771	874.92975
821.28973	877.21942
821.30176	874.84399
821.31378	877.79236
821.32574	876.94257
821.33777	876.88019
821.34979	875.42755
821.36182	876.90186
821.37384	876.43402
821.38586	877.65265
821.39789	876.87994
821.40985	877.06036
821.42188	877.18481
821.4339	877.323
821.44592	877.73102
821.45795	877.24951
821.46997	878.78949
821.48199	880.94501
821.49402	876.9718
821.50598	876.41626
821.51801	878.01489
821.53003	877.77985
821.54205	876.6828
821.55408	877.03058
821.5661	875.82214
821.57813	877.25153
821.59015	877.05188
821.60211	877.79999
821.61414	877.36603
821.62616	876.81421
821.63818	877.14618
821.65021	879.00726
821.66223	877.64954
821.67426	877.09692
821.68622	876.91376
821.69824	875.98145
821.71027	875.9328
821.72229	878.66248
821.73431	878.56561
821.74634	880.30072
821.75836	876.86761
821.77039	875.92053
821.78235	877.60986
821.79437	878.62177
821.8064	878.5542
821.81842	874.6828
821.83044	878.52167
821.84247	877.74762
821.85449	876.14392
821.86652	878.39117
821.87848	878.84308
821.8905	878.84186
821.90253	878.67029
821.91455	877.88983
821.92657	877.31946
821.9386	878.69037
821.95062	877.6438
821.96265	877.19867
821.97461	876.12054
821.98663	879.06512
821.99866	878.73322
822.01068	879.13403
822.02271	876.84241
822.03473	876.4469
822.04675	876.90698
822.05872	878.05316
822.07074	877.58691
822.08276	875.84924
822.09479	876.22528
822.10681	875.67316
822.11884	876.63477
822.13086	879.10223
822.14288	877.18103
822.15485	876.69177
822.16687	877.81665
822.17889	877.98157
822.19092	877.76508
822.20294	877.44714
822.21497	876.62543
822.22699	878.36389
822.23901	875.80798
822.25098	879.35791
822.263	880.22333
822.27502	879.71466
822.28705	879.53571
822.29907	877.92651
822.3111	880.55322
822.32312	876.14886
822.33508	879.15155
822.34711	877.75647
822.35913	877.70087
822.37115	877.71838
822.38318	877.64636
822.3952	878.6701
822.40723	878.26068
822.41925	877.80273
822.43121	880.81342
822.44324	879.44617
822.45526	877.27155
822.46729	877.83643
822.47931	879.05103
822.49133	879.35339
822.50336	881.60315
822.51538	877.58374
822.52734	877.46765
822.53937	879.54437
822.55139	877.93585
822.56342	878.46393
822.57544	878.56543
822.58746	879.49792
822.59949	879.6925
822.61151	879.84412
822.62347	877.5976
822.6355	878.92047
822.64752	878.93176
822.65955	879.93677
822.67157	880.58533
822.68359	878.22644
822.69562	878.60181
822.70758	878.7749
822.7196	878.18317
822.73163	878.96173
822.74365	879.92859
822.75568	880.66345
822.7677	878.68268
822.77972	879.54132
822.79175	876.09723
822.80371	879.78333
822.81573	879.05847
822.82776	876.65454
822.83978	879.09204
822.85181	878.27527
822.86383	877.64301
822.87585	880.1933
822.88788	879.40106
822.89984	878.84808
822.91187	880.45001
822.92389	880.72089
822.93591	878.93042
822.94794	878.02478
822.95996	878.69263
822.97198	880.99963
822.98401	880.86163
822.99597	879.30762
823.008	877.92603
823.02002	878.69409
823.03204	881.36786
823.04407	881.74908
823.05609	880.92755
823.06812	879.53473
823.08008	880.7854
823.0921	881.55817
823.10413	882.84906
823.11615	881.89648
823.12817	882.1759
823.1402	879.63068
823.15222	880.31067
823.16425	880.22736
823.17621	882.88464
823.18823	880.4024
823.20026	881.34235
823.21228	880.79285
823.2243	882.27753
823.23633	878.33954
823.24835	879.11969
823.26038	881.87274
823.27234	881.38519
823.28436	882.40637
823.29639	882.87854
823.30841	882.12274
823.32043	880.38934
823.33246	884.07837
823.34448	882.38879
823.35645	882.12988
823.36847	882.54071
823.38049	883.55817
823.39252	882.6051
823.40454	882.90955
823.41656	883.85486
823.42859	884.22565
823.44061	882.0752
823.45258	882.49323
823.4646	881.96307
823.47662	882.66132
823.48865	882.44067
823.50067	884.70343
823.5127	883.36047
823.52472	880.96216
823.53674	884.2074
823.54871	884.16974
823.56073	883.9516
823.57275	885.35675
823.58478	885.55847
823.5968	885.04675
823.60883	883.10657
823.62085	885.42102
823.63287	884.71906
823.64484	885.54681
823.65686	885.53009
823.66888	885.28009
823.68091	889.17358
823.69293	885.0993
823.70496	886.34894
823.71698	883.82477
823.72894	883.60645
823.74097	887.61731
823.75299	887.93152
823.76501	887.37311
823.77704	888.07556
823.78906	889.49341
823.80109	888.21527
823.81311	889.24823
823.82507	885.5694
823.8371	886.23541
823.84912	887.91174
823.86115	889.87598
823.87317	887.83905
823.88519	889.16772
823.89722	886.47546
823.90924	887.5304
823.9212	891.28217
823.93323	892.77356
823.94525	890.12262
823.95728	888.69806
823.9693	888.22961
823.98132	888.13947
823.99335	888.38165
824.00531	891.17004
824.01733	891.93042
824.02936	893.22107
824.04138	887.85938
824.05341	890.63281
824.06543	893.4549
824.07745	892.14642
824.08948	890.61902
824.10144	891.32153
824.11346	894.01874
824.12549	897.0675
824.13751	896.89203
824.14954	894.4447
824.16156	893.56354
824.17358	892.90784
824.18561	897.11548
824.19757	894.38824
824.20959	896.97296
824.22162	897.01147
824.23364	896.15686
824.24567	896.20496
824.25769	896.49384
824.26971	892.69141
824.28174	896.87213
824.2937	901.24841
824.30573	899.05725
824.31775	901.25037
824.32977	904.55231
824.3418	901.08228
824.35382	898.25024
824.36584	901.86023
824.37781	902.07874
824.38983	905.99469
824.40186	905.41748
824.41388	907.33356
824.4259	905.90363
824.43793	908.2005
824.44995	908.3764
824.46198	905.03827
824.47394	909.48346
824.48596	909.43103
824.49799	911.44843
824.51001	907.13336
824.52203	913.76318
824.53406	913.11255
824.54608	914.57855
824.55811	915.63721
824.57007	915.81641
824.58209	913.06049
824.59412	916.21954
824.60614	916.56592
824.61816	917.45105
824.63019	921.32678
824.64221	920.44177
824.65424	926.75409
824.6662	925.26031
824.67822	929.43658
824.69025	930.68341
824.70227	932.4812
824.71429	938.41913
824.72632	935.92377
824.73834	936.72351
824.75031	940.87866
824.76233	942.98267
824.77435	943.62549
824.78638	948.55499
824.7984	958.02985
824.81042	962.63153
824.82245	963.41693
824.83447	962.39502
824.84644	965.03571
824.85846	971.63727
824.87048	977.18738
824.88251	974.13995
824.89453	976.50488
824.90656	985.23114
824.91858	993.74054
824.9306	998.49872
824.94257	1006.5529
824.95459	1013.5701
824.96661	1013.6923
824.97864	1024.1665
824.99066	1037.1221
825.00269	1048.0352
825.01471	1058.3169
825.02667	1052.3912
825.0387	1060.1277
825.05072	1082.2546
825.06274	1100.7551
825.07477	1110.9357
825.08679	1121.9534
825.09882	1146.6434
825.11084	1162.0801
825.1228	1195.8463
825.13483	1214.2202
825.14685	1247.7603
825.15887	1283.1964
825.1709	1319.4639
825.18292	1371.147
825.19495	1426.9891
825.20697	1480.0796
825.21893	1573.7885
825.23096	1667.5199
825.24298	1775.6371
825.255	1925.0192
825.26703	2111.3401
825.27905	2340.1091
825.29108	2639.2046
825.3031	3033.4175
825.31506	3509.7173
825.32709	4110.3423
825.33911	4926.3867
825.35114	5985.8711
825.36316	7360.7783
825.37518	8939.9189
825.38721	10835.292
825.39917	12922.232
825.41119	15187.456
825.42322	17674.506
825.43524	19933.939
825.44727	21894.336
825.45929	23379.313
825.47131	24137.895
825.48334	24404.744
825.4953	24146.578
825.50732	23202.455
825.51935	21719.279
825.53137	19974.867
825.5434	17957.707
825.55542	15914.645
825.56744	13902.378
825.57947	11853.653
825.59143	10003.326
825.60345	8349.1221
825.61548	6824.207
825.6275	5630.7124
825.63953	4689.8833
825.65155	3945.9146
825.66357	3380.5242
825.67554	2945.8831
825.68756	2604.7834
825.69958	2339.1655
825.71161	2115.7339
825.72363	1936.8429
825.73566	1802.1721
825.74768	1691.2925
825.7597	1573.7698
825.77167	1490.8688
825.78369	1424.7284
825.79572	1369.6627
825.80774	1324.641
825.81976	1280.1875
825.83179	1243.9867
825.84381	1215.4454
825.85583	1195.7601
825.8678	1173.8029
825.87982	1151.9066
825.89185	1136.0503
825.90387	1119.6869
825.91589	1100.3508
825.92792	1079.1268
825.93994	1072.657
825.95197	1062.986
825.96393	1047.0779
825.97595	1042.8876
825.98798	1033.3676
826	1022.6896
826.01202	1014.0421
826.02405	1008.3838
826.03607	1006.5685
826.04803	1006.2121
826.06006	1002.7734
826.07208	995.76086
826.08411	992.2959
826.09613	983.85352
826.10815	982.42627
826.12018	980.53833
826.1322	974.78998
826.14417	971.34949
826.15619	968.83167
826.16821	963.84247
826.18024	960.66357
826.19226	958.07269
826.20428	954.91107
826.21631	953.0152
826.22833	944.79205
826.2403	938.20325
826.25232	936.18402
826.26434	943.00494
826.27637	940.32495
826.28839	935.19177
826.30042	933.32935
826.31244	933.42841
826.32446	931.21515
826.33643	933.2262
826.34845	928.62885
826.36047	926.83868
826.3725	926.56244
826.38452	925.58295
826.39655	921.16064
826.40857	919.20587
826.42053	914.4978
826.43256	917.66302
826.44458	921.72375
826.4566	919.80231
826.46863	917.60791
826.48065	913.20056
826.49268	914.15057
826.5047	913.76917
826.51666	915.06018
826.52869	918.61865
826.54071	910.49756
826.55273	907.76392
826.56476	909.56866
826.57678	907.46069
826.58881	907.99756
826.60083	907.49927
826.61279	908.61444
826.62482	905.54724
826.63684	902.71637
826.64886	904.14606
826.66089	904.19147
826.67291	902.5036
826.68494	901.36987
826.6969	902.73944
826.70892	900.57538
826.72095	896.52173
826.73297	898.88635
826.745	898.98004
826.75702	900.27997
826.76904	899.06561
826.78107	897.76471
826.79303	896.68347
826.80505	894.43451
826.81708	895.17065
826.8291	894.7276
826.84113	894.93134
826.85315	894.38129
826.86517	896.95856
826.8772	893.9422
826.88916	898.526
826.90118	896.23987
826.91321	891.60651
826.92523	889.68695
826.93726	890.08966
826.94928	892.20581
826.9613	894.76782
826.97333	894.08441
826.98529	888.4942
826.99731	889.87836
827.00934	890.90857
827.02136	894.26404
827.03339	893.01392
827.04541	894.591
827.05743	890.62781
827.0694	890.58661
827.08142	890.29675
827.09344	889.48505
827.10547	889.03113
827.11749	888.66748
827.12952	888.27771
827.14154	888.27521
827.15356	885.49323
827.16553	887.27466
827.17755	886.84894
827.18958	888.14038
827.2016	887.83533
827.21362	887.98187
827.22565	887.21826
827.23767	885.87305
827.24969	884.96198
827.26166	886.85815
827.27368	882.52679
827.28571	883.52625
827.29773	885.61194
827.30975	884.52838
827.32178	886.67389
827.3338	886.00085
827.34576	888.32751
827.35779	884.07904
827.36981	885.20551
827.38184	885.66309
827.39386	886.26392
827.40588	883.68402
827.41791	883.39563
827.42993	882.48907
827.44189	881.36176
827.45392	883.39246
827.46594	881.38965
827.47797	884.11206
827.48999	885.0824
827.50201	884.06409
827.51404	885.06348
827.52606	882.74219
827.53802	884.22437
827.55005	881.98456
827.56207	881.42346
827.5741	883.4021
827.58612	882.16626
827.59814	882.19055
827.61017	884.22675
827.62219	881.76764
827.63416	881.74799
827.64618	879.48706
827.6582	880.91187
827.67023	880.24481
827.68225	884.42444
827.69427	879.4967
827.7063	880.30414
827.71826	882.05292
827.73029	881.66022
827.74231	884.34216
827.75433	881.60602
827.76636	881.78131
827.77838	881.57825
827.79041	880.97742
827.80243	880.73993
827.81439	881.50458
827.82642	882.75238
827.83844	880.64941
827.85046	880.68317
827.86249	881.10394
827.87451	880.89862
827.88654	879.14227
827.89856	881.67023
827.91052	880.98138
827.92255	881.57684
827.93457	882.02448
827.94659	879.36365
827.95862	883.48871
827.97064	881.97711
827.98267	878.33929
827.99469	882.51172
828.00665	879.58344
828.01868	879.83612
828.0307	879.87897
828.04272	880.08398
828.05475	878.37714
828.06677	878.47302
828.0788	878.57574
828.09076	879.63208
828.10278	880.09277
828.11481	880.46124
828.12683	880.33551
828.13885	882.05493
828.15088	881.04309
828.1629	881.09882
828.17493	879.21265
828.18689	878.90076
828.19891	879.16235
828.21094	880.64551
828.22296	878.88263
828.23499	880.8847
828.24701	879.72693
828.25903	879.04266
828.27106	877.81683
828.28302	876.1955
828.29504	880.04364
828.30707	880.83325
828.31909	880.96344
828.33112	879.93921
828.34314	879.24469
828.35516	880.14301
828.36713	878.23792
828.37915	878.3584
828.39117	881.19562
828.4032	880.36499
828.41522	878.90552
828.42725	877.88989
828.43927	877.11371
828.45129	878.01318
828.46326	876.99799
828.47528	879.36395
828.4873	878.58923
828.49933	875.61053
828.51135	879.12805
828.52338	878.7326
828.5354	878.13025
828.54742	878.59546
828.55939	877.49823
828.57141	877.99261
828.58344	877.55927
828.59546	876.43762
828.60748	878.48901
828.61951	879.2713
828.63153	880.04712
828.64355	879.64966
828.65552	879.40649
828.66754	877.37396
828.67957	877.35669
828.69159	877.90021
828.70361	875.8302
828.71564	876.59351
828.72766	878.4726
828.73962	877.30347
828.75165	877.00061
828.76367	877.24023
828.7757	875.21735
828.78772	874.95154
828.79974	879.54297
828.81177	878.51849
828.82379	879.03741
828.83575	876.2995
828.84778	875.57593
828.8598	878.12946
828.87183	877.10345
828.88385	878.46246
828.89587	878.30084
828.9079	879.86969
828.91992	878.45862
828.93188	875.16144
828.94391	876.41614
828.95593	878.08069
828.96796	877.81744
828.97998	875.83582
828.992	875.6886
829.00403	875.11017
829.01599	878.09583
829.02802	877.56635
829.04004	876.68304
829.05206	877.20557
829.06409	877.15765
829.07611	876.6452
829.08813	875.61902
829.10016	877.55988
829.11212	876.98932
829.12415	876.56403
829.13617	875.52972
829.14819	876.87769
829.16022	876.28638
829.17224	877.06647
829.18427	875.97296
829.19629	875.84845
829.20825	877.87885
829.22028	875.31567
829.2323	875.63757
829.24432	875.72925
829.25635	877.87054
829.26837	875.67883
829.2804	877.07361
829.29242	875.27393
829.30438	875.98663
829.31641	876.63898
829.32843	876.10919
829.34045	876.77161
829.35248	876.78973
829.3645	876.46814
829.37653	874.42987
829.38849	873.92889
829.40051	874.91711
829.41254	877.4093
829.42456	876.02911
829.43658	875.1922
829.44861	875.69336
829.46063	875.33112
829.47266	876.7746
829.48462	877.1579
829.49664	877.65283
829.50867	876.27722
829.52069	876.39667
829.53271	878.08459
829.54474	878.9082
829.55676	876.30359
829.56879	875.992
829.58075	876.09387
829.59277	876.61615
829.6048	878.22223
829.61682	875.55133
829.62885	875.08978
829.64087	874.72485
829.65289	876.7345
829.66492	877.74335
829.67688	874.8775
829.6889	875.81354
829.70093	875.54773
829.71295	875.94971
829.72498	876.05151
829.737	874.75049
829.74902	875.20258
829.76099	875.10022
829.77301	873.75873
829.78503	876.43738
829.79706	876.37781
829.80908	875.01392
829.82111	874.49316
829.83313	875.35858
829.84515	874.77094
829.85712	876.68011
829.86914	878.23627
829.88116	876.32617
829.89319	878.23602
829.90521	875.7962
829.91724	873.61389
829.92926	871.36798
829.94128	876.54169
829.95325	877.24878
829.96527	875.38275
829.97729	876.164
829.98932	875.54126
830.00134	873.36749
830.01337	873.83093
830.02539	874.47491
830.03735	875.59845
830.04938	874.85571
830.0614	875.21204
830.07343	874.5899
830.08545	874.8479
830.09747	875.35071
830.1095	876.75903
830.12152	875.03314
830.13348	874.1601
830.14551	873.47949
830.15753	872.83051
830.16956	875.41748
830.18158	876.24432
830.1936	877.29224
830.20563	875.01257
830.21765	874.1214
830.22961	873.78784
830.24164	875.02521
830.25366	875.79358
830.26569	875.28442
830.27771	875.24902
830.28973	875.67523
830.30176	875.85663
830.31378	874.08887
830.32574	876.05554
830.33777	876.42926
830.34979	875.67169
830.36182	875.32074
830.37384	873.02692
830.38586	874.66205
830.39789	875.87927
830.40985	875.9245
830.42188	877.88477
830.4339	875.42914
830.44592	876.20984
830.45795	873.43207
830.46997	877.25555
830.48199	875.03424
830.49402	876.91016
830.50598	875.34576
830.51801	875.25787
830.53003	873.1217
830.54205	874.82764
830.55408	874.28778
830.5661	874.52136
830.57813	873.5332
830.59015	875.27057
830.60211	877.61053
830.61414	876.62604
830.62616	873.83783
830.63818	875.54651
830.65021	876.80573
830.66223	874.97839
830.67426	874.54059
830.68622	877.34717
830.69824	875.25616
830.71027	874.81226
830.72229	874.15387
830.73431	872.39441
830.74634	875.58826
830.75836	874.80634
830.77039	874.60083
830.78235	874.24646
830.79437	872.37512
830.8064	877.05865
830.81842	874.15295
830.83044	874.82336
830.84247	875.70599
830.85449	871.62622
830.86652	872.94672
830.87848	876.22937
830.8905	876.21198
830.90253	875.2995
830.91455	873.65411
830.92657	875.46436
830.9386	876.27765
830.95062	876.5697
830.96265	875.42535
830.97461	876.77368
830.98663	876.42517
830.99866	877.71973
831.01068	872.74799
831.02271	874.54633
831.03473	877.99762
831.04675	872.5365
831.05872	872.17529
831.07074	873.23743
831.08276	875.26642
831.09479	874.49963
831.10681	875.4054
831.11884	874.89471
831.13086	875.21295
831.14288	875.90863
831.15485	875.87982
831.16687	875.81396
831.17889	874.38116
831.19092	874.26123
831.20294	877.21814
831.21497	875.02472
831.22699	875.63409
831.23901	874.40887
831.25098	876.12939
831.263	875.8844
831.27502	876.11127
831.28705	872.78491
831.29907	875.05475
831.3111	875.79785
831.32312	873.92303
831.33508	873.98944
831.34711	875.15973
831.35913	875.8537
831.37115	875.85986
831.38318	875.39447
831.3952	876.33441
831.40723	876.89783
831.41925	875.9411
831.43121	876.6073
831.44324	878.00085
831.45526	875.7052
831.46729	875.68298
831.47931	873.07965
831.49133	876.54419
831.50336	875.20392
831.51538	874.11176
831.52734	873.88727
831.53937	874.96979
831.55139	876.4906
831.56342	874.18854
831.57544	875.29346
831.58746	876.6391
831.59949	874.63641
831.61151	875.85522
831.62347	875.67609
831.6355	875.64294
831.64752	874.55518
831.65955	871.89624
831.67157	875.39984
831.68359	871.80298
831.69562	873.66357
831.70758	876.18268
831.7196	874.37744
831.73163	876.85187
831.74365	875.27686
831.75568	875.99969
831.7677	875.66791
831.77972	878.56549
831.79175	876.23816
831.80371	875.3869
831.81573	873.95685
831.82776	874.0351
831.83978	874.00806
831.85181	874.466
831.86383	873.53406
831.87585	874.17065
831.88788	876.68658
831.89984	877.12769
831.91187	876.93304
831.92389	876.14691
831.93591	875.46503
831.94794	872.63281
831.95996	878.17303
831.97198	875.16101
831.98401	876.06427
831.99597	876.23102
832.008	874.34125
832.02002	875.01422
832.03204	874.67139
832.04407	876.56158
832.05609	875.58331
832.06812	874.27008
832.08008	874.24017
832.0921	874.23199
832.10413	876.70569
832.11615	876.33563
832.12817	875.27753
832.1402	875.92267
832.15222	875.74695
832.16425	873.59705
832.17621	872.87677
832.18823	876.49133
832.20026	877.35571
832.21228	874.6272
832.2243	875.66492
832.23633	876.68024
832.24835	876.71375
832.26038	875.81329
832.27234	874.57581
832.28436	874.02802
832.29639	874.88385
832.30841	874.784
832.32043	875.08105
832.33246	871.55188
832.34448	871.98444
832.35645	875.10004
832.36847	874.57806
832.38049	875.83832
832.39252	875.23145
832.40454	873.01801
832.41656	873.01007
832.42859	875.77362
832.44061	873.77533
832.45258	872.71545
832.4646	876.97516
832.47662	874.85931
832.48865	874.51794
832.50067	873.94971
832.5127	875.02167
832.52472	874.01825
832.53674	876.01202
832.54871	875.93719
832.56073	874.94519
832.57275	877.52136
832.58478	876.34045
832.5968	876.87457
832.60883	871.55444
832.62085	873.94049
832.63287	874.10004
832.64484	872.86896
832.65686	873.72308
832.66888	874.7337
832.68091	873.28882
832.69293	870.81598
832.70496	877.48798
832.71698	875.84033
832.72894	875.44971
832.74097	875.39716
832.75299	874.84283
832.76501	875.03217
832.77704	875.24365
832.78906	876.8656
832.80109	874.96454
832.81311	874.5097
832.82507	875.19189
832.8371	875.1792
832.84912	875.06238
832.86115	875.04211
832.87317	873.60394
832.88519	874.95746
832.89722	874.5238
832.90924	876
832.9212	874.79816
832.93323	874.97937
832.94525	874.45068
832.95728	873.0838
832.9693	874.79596
832.98132	874.09265
832.99335	874.7865
833.00531	873.42767
833.01733	878.94708
833.02936	876.42554
833.04138	872.46765
833.05341	875.19183
833.06543	874.79547
833.07745	873.9126
833.08948	875.52478
833.10144	875.25781
833.11346	876.06256
833.12549	877.34033
833.13751	876.39374
833.14954	875.12396
833.16156	874.87915
833.17358	873.53162
833.18561	872.43042
833.19757	875.05249
833.20959	876.14069
833.22162	876.00293
833.23364	874.7406
833.24567	875.63812
833.25769	875.20074
833.26971	875.80829
833.28174	876.80743
833.2937	875.04889
833.30573	874.64758
833.31775	872.25818
833.32977	874.08545
833.3418	876.5
833.35382	874.33331
833.36584	871.6109
833.37781	873.52765
833.38983	876.32056
833.40186	874.8623
833.41388	875.18146
833.4259	875.01886
833.43793	875.31573
833.44995	873.32788
833.46198	872.00464
833.47394	874.57037
833.48596	875.74127
833.49799	874.20862
833.51001	874.98145
833.52203	875.05914
833.53406	875.44629
833.54608	874.43555
833.55811	874.96954
833.57007	874.48572
833.58209	875.06018
833.59412	873.34143
833.60614	875.47552
833.61816	876.34955
833.63019	873.80963
833.64221	874.69189
833.65424	874.69189
833.6662	875.00214
833.67822	875.05847
833.69025	874.43854
833.70227	873.74316
833.71429	873.48846
833.72632	877.05072
833.73834	878.90607
833.75031	875.20306
833.76233	873.37714
833.77435	875.02875
833.78638	876.92499
833.7984	876.62341
833.81042	873.79962
833.82245	876.57941
833.83447	874.15063
833.84644	874
833.85846	873.71906
833.87048	873.2132
833.88251	873.36633
833.89453	873.60468
833.90656	874.18457
833.91858	872.29358
833.9306	874.03638
833.94257	874.38916
833.95459	875.78314
833.96661	876.88062
833.97864	874.43591
833.99066	874.70221
834.00269	876.9118
834.01471	875.92291
834.02667	876.93146
834.0387	871.99158
834.05072	871.57806
834.06274	873.96838
834.07477	875.2525
834.08679	871.76019
834.09882	873.77069
834.11084	874.15765
834.1228	875.7536
834.13483	872.08417
834.14685	873.39362
834.15887	875.49646
834.1709	875.31305
834.18292	876.54614
834.19495	875.59521
834.20697	875.03235
834.21893	874.5
834.23096	874.0528
834.24298	873.8042
834.255	875.32971
834.26703	876.83588
834.27905	876.15015
834.29108	875.31177
834.3031	874.97943
834.31506	877.41327
834.32709	874.7854
834.33911	875.60852
834.35114	873.30054
834.36316	874.07037
834.37518	873.79236
834.38721	875.03033
834.39917	872.94971
834.41119	873.01099
834.42322	873.63916
834.43524	872.96045
834.44727	873.29742
834.45929	877.00623
834.47131	873.49835
834.48334	874.36707
834.4953	875.62915
834.50732	871.22656
834.51935	875.8645
834.53137	874.75092
834.5434	876.93219
834.55542	874.47888
834.56744	873.06866
834.57947	872.20984
834.59143	877.84448
834.60345	876.49213
834.61548	874.40826
834.6275	873.78784
834.63953	875.45514
834.65155	873.65149
834.66357	876.42285
834.67554	875.69464
834.68756	872.11212
834.69958	877.2915
834.71161	873.23285
834.72363	873.84412
834.73566	875.6535
834.74768	875.19879
834.7597	874.34442
834.77167	873.64825
834.78369	873.44128
834.79572	874.08453
834.80774	875.37775
834.81976	876.1626
834.83179	874.38757
834.84381	872.24689
834.85583	875.7146
834.8678	875.711
834.87982	873.61517
834.89185	873.09583
834.90387	874.83093
834.91589	874.40906
834.92792	872.9433
834.93994	872.26178
834.95197	872.3468
834.96393	873.62665
834.97595	872.64502
834.98798	873.07355
835	873.48328
