790.14325	874.69183
790.15515	874.47302
790.16711	875.21552
790.17902	875.53918
790.19098	874.04816
790.20294	873.09076
790.21484	875.27069
790.22681	877.02191
790.23871	872.65778
790.25067	875.00427
790.26257	877.79803
790.27454	874.37329
790.28644	872.82196
790.2984	874.02856
790.31036	875.2464
790.32227	875.46582
790.33423	875.39355
790.34613	874.99652
790.35809	873.27246
790.37	871.65656
790.38196	872.15253
790.39386	873.08563
790.40582	875.04205
790.41779	875.80975
790.42969	874.87103
790.44165	873.47418
790.45355	872.68488
790.46552	874.85651
790.47742	874.35742
790.48938	874.26605
790.50134	874.45819
790.51324	871.30042
790.52521	870.62964
790.53711	874.15375
790.54907	874.97748
790.56097	873.09241
790.57294	873.39355
790.58484	873.55573
790.5968	874.54419
790.60876	873.99707
790.62067	872.96674
790.63263	872.98608
790.64453	873.78467
790.65649	876.49176
790.6684	875.38855
790.68036	874.14532
790.69226	875.36963
790.70422	875.56256
790.71619	875.67035
790.72809	876.5838
790.74005	874.53467
790.75195	873.82843
790.76392	871.71906
790.77582	872.77826
790.78778	875.39282
790.79974	876.79669
790.81165	873.50177
790.82361	874.922
790.83551	874.73438
790.84747	875.43396
790.85938	877.10223
790.87134	875.46344
790.88324	873.01117
790.8952	873.16095
790.90717	874.17114
790.91907	875.16229
790.93103	876.37128
790.94293	874.46588
790.9549	874.98035
790.9668	875.97296
790.97876	875.42462
790.99066	877.32855
791.00262	873.49445
791.01459	875.52301
791.02649	877.112
791.03845	875.22156
791.05035	874.77576
791.06232	874.69928
791.07422	874.18823
791.08618	873.97906
791.09814	871.62598
791.11005	870.40582
791.12201	875.98541
791.13391	873.64691
791.14587	875.9491
791.15778	877.35266
791.16974	879.75006
791.18164	873.6156
791.1936	875.57623
791.20557	873.93683
791.21747	873.98755
791.22943	874.76495
791.24133	875.20764
791.2533	873.45929
791.2652	872.36212
791.27716	873.22845
791.28906	871.86096
791.30103	874.91156
791.31299	872.95642
791.32489	875.22443
791.33685	872.91193
791.34875	878.05823
791.36072	872.41016
791.37262	873.21631
791.38458	872.83502
791.39648	873.95911
791.40845	872.96399
791.42041	874.78082
791.43231	875.31458
791.44427	873.28723
791.45618	873.26337
791.46814	874.1991
791.48004	875.54303
791.492	876.93262
791.50397	874.23297
791.51587	876.62811
791.52783	871.94965
791.53973	874.76538
791.5517	874.64386
791.5636	875.23175
791.57556	873.18457
791.58746	874.40955
791.59943	875.75134
791.61139	875.71661
791.62329	874.28033
791.63525	874.20807
791.64716	875.78278
791.65912	874.93756
791.67102	873.64612
791.68298	874.47949
791.69489	874.27472
791.70685	872.677
791.71881	874.44879
791.73071	875.39899
791.74268	875.83527
791.75458	875.0979
791.76654	876.07404
791.77844	874.74896
791.79041	873.65332
791.80237	874.85876
791.81427	876.90973
791.82623	876.06647
791.83813	873.22437
791.8501	872.22614
791.862	872.40314
791.87396	875.48199
791.88586	875.17548
791.89783	876.44147
791.90979	875.40118
791.92169	875.86023
791.93365	878.93616
791.94556	876.15802
791.95752	874.64813
791.96942	874.73572
791.98138	874.07678
791.99329	874.03992
792.00525	871.98871
792.01721	870.90717
792.02911	872.89331
792.04108	873.42755
792.05298	873.3446
792.06494	872.9104
792.07684	873.45746
792.08881	876.43457
792.10077	875.90198
792.11267	876.36981
792.12463	875.67279
792.13654	873.34393
792.1485	877.29321
792.1604	872.88116
792.17236	872.80286
792.18427	875.40533
792.19623	875.60028
792.20819	875.68744
792.22009	874.94897
792.23206	872.58594
792.24396	872.87555
792.25592	874.34601
792.26782	876.33124
792.27979	873.73004
792.29169	874.77728
792.30365	872.60767
792.31561	875.76367
792.32751	875.6394
792.33948	874.21313
792.35138	874.26923
792.36334	874.73932
792.37524	873.94598
792.38721	871.78784
792.39917	873.81616
792.41107	875.98895
792.42303	874.10858
792.43494	874.73224
792.4469	877.69934
792.4588	875.89355
792.47076	875.52887
792.48267	873.72284
792.49463	875.09155
792.50659	877.83136
792.51849	878.35516
792.53046	875.01245
792.54236	875.29999
792.55432	873.93237
792.56622	875.84778
792.57819	875.67035
792.59009	874.37292
792.60205	875.81799
792.61401	875.77734
792.62592	873.98096
792.63788	874.55023
792.64978	874.20416
792.66174	874.11066
792.67365	875.76514
792.68561	872.69275
792.69757	874.55817
792.70947	873.98804
792.72144	872.04767
792.73334	874.50513
792.7453	874.48792
792.7572	875.29395
792.76917	874.19293
792.78107	874.73682
792.79303	875.1037
792.80499	875.73193
792.81689	875.10706
792.82886	874.30579
792.84076	875.62396
792.85272	875.6264
792.86462	875.19299
792.87659	875.02087
792.88849	871.31665
792.90045	873.67493
792.91241	875.02216
792.92432	877.74268
792.93628	874.94214
792.94818	869.58777
792.96014	875.57855
792.97205	876.14258
792.98401	875.58594
792.99597	877.94672
793.00787	876.40131
793.01984	875.22198
793.03174	874.84314
793.0437	873.49652
793.0556	876.2522
793.06757	877.97656
793.07947	876.10889
793.09143	877.84808
793.10339	874.61121
793.1153	876.51569
793.12726	875.00525
793.13916	875.54266
793.15112	873.83923
793.16302	871.92212
793.17499	873.28424
793.18689	875.56262
793.19885	875.7652
793.21082	874.26843
793.22272	873.38989
793.23468	872.50458
793.24658	874.96606
793.25854	878.23004
793.27045	875.62292
793.28241	875.19098
793.29437	874.89557
793.30627	875.09155
793.31824	876.84235
793.33014	875.44733
793.3421	872.55438
793.354	876.22382
793.36597	872.63867
793.37787	876.39191
793.38983	875.29724
793.40179	873.97614
793.4137	875.78564
793.42566	874.10938
793.43756	875.48407
793.44952	875.84863
793.46143	873.95398
793.47339	873.76318
793.48529	873.74731
793.49725	876.85834
793.50922	876.65747
793.52112	873.57764
793.53308	872.14136
793.54498	872.30133
793.55695	876.45837
793.56885	874.36584
793.58081	873.85333
793.59271	876.21313
793.60468	875.35651
793.61664	873.53137
793.62854	875.04535
793.6405	875.76349
793.6524	874.62781
793.66437	874.53345
793.67627	874.89539
793.68823	875.45172
793.7002	875.84283
793.7121	874.17371
793.72406	873.50317
793.73596	873.65082
793.74792	872.35675
793.75983	874.27368
793.77179	874.57599
793.78369	876.30005
793.79565	873.86377
793.80762	876.62042
793.81952	876.14301
793.83148	873.66528
793.84338	872.75366
793.85535	876.19702
793.86725	875.3302
793.87921	874.29541
793.89111	874.72614
793.90308	873.83777
793.91504	874.04907
793.92694	875.16302
793.9389	875.62811
793.95081	875.24323
793.96277	873.16132
793.97467	873.78082
793.98663	877.12073
793.9986	874.70685
794.0105	874.43585
794.02246	871.88574
794.03436	871.32135
794.04633	873.76874
794.05823	877.85724
794.07019	876.31989
794.08209	872.95209
794.09406	874.73297
794.10602	875.01837
794.11792	874.25623
794.12988	875.00513
794.14178	874.53455
794.15375	873.39685
794.16565	873.78162
794.17761	875.51416
794.18951	874.17676
794.20148	875.93994
794.21344	874.47742
794.22534	871.00122
794.2373	873.37695
794.24921	873.72656
794.26117	874.72083
794.27307	872.93158
794.28503	875.95953
794.297	876.62103
794.3089	873.07166
794.32086	871.93518
794.33276	873.57007
794.34473	874.44434
794.35663	873.11938
794.36859	873.37225
794.38049	874.6925
794.39246	874.89874
794.40442	875.75427
794.41632	872.49622
794.42828	871.33429
794.44019	872.53247
794.45215	872.31726
794.46405	874.55884
794.47601	874.52997
794.48792	873.54437
794.49988	875.80151
794.51184	873.51709
794.52374	872.86328
794.53571	873.93127
794.54761	873.21594
794.55957	874.07471
794.57147	874.6781
794.58344	874.35187
794.5954	874.54053
794.6073	874.1059
794.61926	874.03613
794.63116	873.08551
794.64313	874.24249
794.65503	871.927
794.66699	872.28601
794.67889	873.703
794.69086	876.30029
794.70282	876.66296
794.71472	874.01697
794.72668	872.27234
794.73859	874.13629
794.75055	874.86627
794.76245	874.06964
794.77441	873.70038
794.78632	873.75446
794.79828	875.23523
794.81024	874.53821
794.82214	874.33197
794.83411	875.03217
794.84601	874.80811
794.85797	872.75269
794.86987	870.52966
794.88184	871.5741
794.8938	872.79364
794.9057	872.07849
794.91766	872.82123
794.92957	870.48828
794.94153	872.72766
794.95343	873.81024
794.96539	872.69403
794.97729	872.47748
794.98926	873.88373
795.00122	871.79376
795.01312	874.78522
795.02509	875.5271
795.03699	874.56378
795.04895	873.4585
795.06085	872.9129
795.07281	872.17786
795.08472	873.04077
795.09668	874.39435
795.10864	873.66772
795.12054	872.65594
795.13251	873.25635
795.14441	874.81348
795.15637	874.1474
795.16827	872.88947
795.18024	873.68451
795.1922	873.6825
795.2041	872.547
795.21606	875.09064
795.22797	873.28979
795.23993	872.23602
795.25183	875.18054
795.26379	875.05365
795.2757	871.26587
795.28766	871.29602
795.29962	874.04004
795.31152	875.67377
795.32349	874.82269
795.33539	873.47314
795.34735	872.80328
795.35925	872.20093
795.37122	871.79938
795.38312	873.3512
795.39508	874.07233
795.40704	874.53534
795.41895	873.8537
795.43091	874.13025
795.44281	874.59326
795.45477	875.01581
795.46667	873.54321
795.47864	871.58142
795.4906	873.13556
795.5025	873.41577
795.51447	874.14484
795.52637	871.3067
795.53833	873.29382
795.55023	871.98114
795.56219	871.64984
795.5741	871.64777
795.58606	873.27448
795.59802	875.10651
795.60992	875.16504
795.62189	874.44855
795.63379	874.95313
795.64575	875.10504
795.65765	873.29016
795.66962	873.11359
795.68152	872.80157
795.69348	874.17651
795.70544	872.63495
795.71735	872.29236
795.72931	872.24542
795.74121	870.96307
795.75317	873.09674
795.76508	873.32507
795.77704	874.44153
795.789	874.50781
795.8009	871.56763
795.81287	872.29541
795.82477	873.52246
795.83673	873.31299
795.84863	873.45239
795.8606	872.42719
795.8725	873.58893
795.88446	874.02148
795.89642	872.89349
795.90833	873.37946
795.92029	873.17938
795.93219	871.64954
795.94415	876.2337
795.95605	874.79553
795.96802	870.18542
795.97992	873.49872
795.99188	874.13934
796.00385	873.96942
796.01575	873.67902
796.02771	873.31244
796.03961	872.97107
796.05157	873.53625
796.06348	873.30359
796.07544	873.7157
796.08734	873.97491
796.0993	874.37787
796.11127	873.22864
796.12317	873.04596
796.13513	872.05463
796.14703	872.70074
796.159	873.22913
796.1709	873.72418
796.18286	874.38879
796.19482	875.41351
796.20673	873.0672
796.21869	873.09222
796.23059	873.84546
796.24255	874.00781
796.25446	875.10034
796.26642	871.45813
796.27832	873.78955
796.29028	874.44733
796.30225	874.19366
796.31415	873.09973
796.32611	873.32458
796.33801	873.62872
796.34998	874.46014
796.36188	874.01154
796.37384	871.24634
796.38574	874.14319
796.39771	874.67322
796.40967	873.29938
796.42157	873.00952
796.43353	873.29285
796.44543	872.4798
796.4574	872.591
796.4693	873.23987
796.48126	874.12152
796.49323	874.5899
796.50513	874.34906
796.51709	875.46265
796.52899	873.32141
796.54095	871.50409
796.55286	871.72211
796.56482	874.39661
796.57672	873.17944
796.58868	874.33624
796.60065	872.67255
796.61255	873.6131
796.62451	874.52997
796.63641	872.74286
796.64838	871.21405
796.66028	873.69305
796.67224	871.43982
796.68414	871.849
796.69611	873.21619
796.70807	873.49225
796.71997	873.78174
796.73193	874.56183
796.74384	874.00757
796.7558	873.14874
796.7677	873.5813
796.77966	872.07104
796.79163	873.53058
796.80353	873.15521
796.81549	873.64374
796.82739	874.95898
796.83936	874.6228
796.85126	873.84467
796.86322	873.3963
796.87512	874.1156
796.88708	870.82379
796.89905	874.2038
796.91095	871.94385
796.92291	872.51196
796.93481	873.38245
796.94678	873.42957
796.95868	874.97681
796.97064	875.20068
796.98254	873.56989
796.99451	873.57678
797.00647	873.96674
797.01837	872.57324
797.03033	872.539
797.04224	874.42737
797.0542	874.28979
797.0661	872.14258
797.07806	874.32257
797.09003	873.84937
797.10193	873.68939
797.11389	874.27991
797.12579	875.46405
797.13776	874.43689
797.14966	874.11621
797.16162	873.0683
797.17352	874.83923
797.18549	874.383
797.19745	873.53326
797.20935	873.58044
797.22131	873.58118
797.23322	873.2879
797.24518	872.78601
797.25708	873.51984
797.26904	873.23462
797.28094	874.26044
797.29291	875.68304
797.30487	874.40698
797.31677	873.93695
797.32874	873.46509
797.34064	873.51709
797.3526	873.97876
797.3645	874.3606
797.37646	874.25214
797.38843	873.60199
797.40033	873.69556
797.41229	873.5199
797.42419	873.65607
797.43616	872.89655
797.44806	872.61072
797.46002	873.73615
797.47192	874.24261
797.48389	871.25659
797.49585	871.9433
797.50775	875.01776
797.51971	873.58698
797.53162	873.39807
797.54358	875.55774
797.55548	873.74103
797.56744	874.08594
797.57935	874.07935
797.59131	873.55389
797.60327	875.29517
797.61517	875.2627
797.62714	874.26318
797.63904	873.51196
797.651	873.92981
797.6629	873.78577
797.67487	875.05652
797.68683	873.62994
797.69873	873.48047
797.71069	874.12128
797.7226	873.7738
797.73456	872.90027
797.74646	872.42548
797.75842	872.04913
797.77032	873.16608
797.78229	873.3197
797.79425	873.52234
797.80615	872.14044
797.81812	873.93848
797.83002	874.06165
797.84198	873.25415
797.85388	873.90942
797.86584	872.32532
797.87775	873.81207
797.88971	874.31921
797.90167	874.50867
797.91357	873.47211
797.92554	873.6123
797.93744	874.32892
797.9494	873.71149
797.9613	874.46228
797.97327	873.59222
797.98523	872.94635
797.99713	872.43402
798.00909	873.2417
798.021	872.94507
798.03296	873.21002
798.04486	873.98041
798.05682	874.27307
798.06873	874.6828
798.08069	874.56238
798.09265	874.23962
798.10455	871.74652
798.11652	872.81238
798.12842	873.51685
798.14038	873.58203
798.15228	872.61096
798.16425	873.03333
798.17615	873.33807
798.18811	872.11133
798.20007	874.05737
798.21198	873.29443
798.22394	873.93304
798.23584	873.44019
798.2478	873.89459
798.2597	873.34735
798.27167	870.94891
798.28363	872.93335
798.29553	874.67432
798.3075	875.46307
798.3194	874.05615
798.33136	873.8833
798.34326	873.86469
798.35522	873.2478
798.36713	873.14142
798.37909	873.71057
798.39105	874.02972
798.40295	873.38458
798.41492	873.85144
798.42682	872.01819
798.43878	874.47681
798.45068	872.01147
798.46265	873.90344
798.47455	873.98511
798.48651	875.49408
798.49847	873.4787
798.51038	874.58563
798.52234	875.00214
798.53424	873.9397
798.5462	873.31964
798.55811	873.56067
798.57007	872.29926
798.58197	872.58246
798.59393	873.38293
798.6059	874.32257
798.6178	873.8194
798.62976	873.32935
798.64166	873.2666
798.65363	874.65863
798.66553	872.83167
798.67749	872.95251
798.68945	872.94745
798.70135	872.41071
798.71332	874.0094
798.72522	870.91077
798.73718	872.87964
798.74908	872.92236
798.76105	873.50256
798.77295	874.09265
798.78491	873.44641
798.79688	874.00098
798.80878	873.05237
798.82074	872.74817
798.83264	873.63031
798.8446	874.90527
798.85651	874.62659
798.86847	874.91907
798.88037	873.86816
798.89233	872.83026
798.9043	873.33429
798.9162	873.57013
798.92816	873.05609
798.94006	873.50201
798.95203	873.57025
798.96393	874.32422
798.97589	875.0224
798.98785	873.9256
798.99976	875.52917
799.01172	875.43542
799.02362	873.96289
799.03558	871.11414
799.04749	873.35425
799.05945	873.38806
799.07135	872.24164
799.08331	875.82349
799.09528	875.38098
799.10718	873.74274
799.11914	873.01947
799.13104	874.09436
799.14301	875.0694
799.15491	874.44073
799.16687	872.64935
799.17877	874.9505
799.19073	874.53497
799.2027	873.00525
799.2146	874.66278
799.22656	874.69696
799.23846	873.86261
799.25043	873.4942
799.26233	873.2431
799.27429	872.69769
799.28625	872.46564
799.29816	873.41913
799.31012	873.48071
799.32202	874.69031
799.33398	873.17828
799.34589	873.13989
799.35785	873.06604
799.36975	873.42963
799.38171	874.12482
799.39368	873.17688
799.40558	874.56854
799.41754	874.10565
799.42944	874.51135
799.44141	874.56891
799.45331	876.63367
799.46527	874.93451
799.47717	876.19617
799.48914	874.18817
799.5011	873.98315
799.513	874.38538
799.52496	873.1723
799.53687	872.96002
799.54883	871.61438
799.56073	871.0152
799.57269	873.45587
799.58466	873.21667
799.59656	872.30188
799.60852	873.43549
799.62042	874.27649
799.63239	875.51501
799.64429	876.37042
799.65625	874.69031
799.66815	874.00543
799.68011	874.97223
799.69208	874.35645
799.70398	874.70703
799.71594	875.43506
799.72784	875.11346
799.73981	875.18903
799.75171	874.10211
799.76367	875.87604
799.77557	873.41931
799.78754	873.41473
799.7995	874.83057
799.8114	874.0791
799.82336	873.30219
799.83527	873.80188
799.84723	873.56982
799.85913	872.78418
799.87109	872.18811
799.88306	873.47522
799.89496	874.27307
799.90692	874.56128
799.91882	875.63257
799.93079	874.21088
799.94269	874.59064
799.95465	875.12415
799.96655	874.01782
799.97852	874.99402
799.99048	873.18738
800.00238	872.57574
800.01434	873.72003
800.02625	875.04572
800.03821	874.62823
800.05011	874.23022
800.06207	873.44092
800.07397	874.9292
800.08594	873.95782
800.0979	873.34039
800.1098	874.02155
800.12177	872.72943
800.13367	872.81885
800.14563	873.04889
800.15753	874.83026
800.16949	873.42462
800.18146	872.70239
800.19336	874.80579
800.20532	875.17334
800.21722	874.4408
800.22919	872.65759
800.24109	873.68079
800.25305	874.32599
800.26495	874.26031
800.27692	874.45441
800.28888	874.19232
800.30078	874.37616
800.31274	873.68677
800.32465	874.04846
800.33661	873.66266
800.34851	873.94482
800.36047	874.34076
800.37238	873.46204
800.38434	874.22357
800.3963	873.32074
800.4082	873.47168
800.42017	872.57532
800.43207	872.62604
800.44403	873.51709
800.45593	871.45746
800.4679	873.00159
800.47986	873.21429
800.49176	873.16626
800.50372	874.28333
800.51563	874.64154
800.52759	875.23401
800.53949	873.59064
800.55145	873.04333
800.56335	872.49847
800.57532	874.11328
800.58728	871.98987
800.59918	873.36432
800.61115	873.57336
800.62305	872.95465
800.63501	875.46686
800.64691	875.06232
800.65887	874.02539
800.67078	873.93353
800.68274	874.31873
800.6947	872.83203
800.7066	872.89154
800.71857	873.19617
800.73047	873.56415
800.74243	875.16132
800.75433	874.65082
800.7663	874.32837
800.7782	874.90521
800.79016	874.35437
800.80212	873.92877
800.81403	873.6239
800.82599	874.53845
800.83789	874.84625
800.84985	873.74371
800.86176	874.97302
800.87372	875.87744
800.88568	875.11023
800.89758	872.70386
800.90955	874.14001
800.92145	873.02301
800.93341	873.62799
800.94531	874.79907
800.95728	874.38092
800.96918	874.71338
800.98114	872.30005
800.9931	874.36792
801.005	873.66339
801.01697	873.73566
801.02887	873.76959
801.04083	873.97357
801.05273	874.00873
801.0647	874.13922
801.0766	874.84119
801.08856	875.53491
801.10052	874.16125
801.11243	873.18481
801.12439	872.2298
801.13629	873.26007
801.14825	874.42401
801.16016	873.35046
801.17212	873.37244
801.18408	874.63696
801.19598	875.37378
801.20795	875.34662
801.21985	873.8089
801.23181	873.12842
801.24371	874.41302
801.25568	874.12573
801.26758	873.35278
801.27954	874.02417
801.2915	875.54999
801.30341	873.85938
801.31537	873.69525
801.32727	873.57758
801.33923	874.25281
801.35114	874.74469
801.3631	876.30743
801.375	874.49792
801.38696	874.70398
801.39893	874.46295
801.41083	873.14099
801.42279	873.28094
801.43469	872.89929
801.44666	872.31738
801.45856	873.7951
801.47052	874.86212
801.48248	873.81909
801.49438	872.47858
801.50635	873.30731
801.51825	873.44873
801.53021	873.84344
801.54211	875.09979
801.55408	874.28479
801.56598	873.51489
801.57794	873.70367
801.5899	872.9032
801.60181	872.90143
801.61377	872.84674
801.62567	873.35126
801.63763	875.08246
801.64954	872.94769
801.6615	876.27814
801.6734	874.59344
801.68536	874.28021
801.69733	874.55267
801.70923	875.67841
801.72119	876.40259
801.73309	874.96375
801.74506	875.7796
801.75696	876.36255
801.76892	875.38129
801.78088	874.88269
801.79279	875.61115
801.80475	874.04279
801.81665	875.40979
801.82861	874.82428
801.84052	875.32849
801.85248	874.23029
801.86438	875.16486
801.87634	873.90118
801.88831	874.12274
801.90021	875.54156
801.91217	876.60938
801.92407	874.54193
801.93604	872.41644
801.94794	874.37091
801.9599	872.56616
801.9718	873.77747
801.98376	875.34619
801.99573	874.1828
802.00763	873.45721
802.01959	873.05695
802.03149	874.68555
802.04346	874.67682
802.05536	874.8526
802.06732	874.50409
802.07928	874.80554
802.09119	874.76666
802.10315	874.7359
802.11505	874.70801
802.12701	874.29218
802.13892	874.39862
802.15088	874.38507
802.16278	875.52271
802.17474	875.52032
802.18671	874.66724
802.19861	875.58167
802.21057	874.96863
802.22247	873.37201
802.23444	875.18262
802.24634	875.36389
802.2583	873.98682
802.2702	875.42749
802.28217	874.68219
802.29413	875.13672
802.30603	876.23529
802.31799	874.46741
802.3299	874.9317
802.34186	874.45642
802.35376	875.78351
802.36572	875.02985
802.37769	875.38873
802.38959	876.69904
802.40155	874.32104
802.41345	874.21259
802.42542	875.38739
802.43732	876.34119
802.44928	875.80157
802.46118	873.23108
802.47314	873.78693
802.48511	875.13379
802.49701	876.0993
802.50897	874.76764
802.52087	874.11047
802.53284	875.99829
802.54474	875.43439
802.5567	874.73389
802.5686	875.17896
802.58057	874.64514
802.59253	875.84772
802.60443	875.97357
802.61639	876.61469
802.6283	874.27344
802.64026	875.27502
802.65216	874.98865
802.66412	874.55756
802.67609	874.55127
802.68799	873.91211
802.69995	874.67542
802.71185	876.40399
802.72382	873.35382
802.73572	873.60663
802.74768	874.47778
802.75958	875.05841
802.77155	874.80121
802.78351	875.22406
802.79541	874.09058
802.80737	874.65216
802.81927	874.67603
802.83124	876.59039
802.84314	874.68915
802.8551	873.84595
802.867	875.30627
802.87897	873.40894
802.89093	871.99243
802.90283	873.41614
802.91479	875.32965
802.9267	875.36548
802.93866	873.46051
802.95056	874.75311
802.96252	875.22198
802.97449	875.73401
802.98639	872.92725
802.99835	872.56488
803.01025	875.51508
803.02222	874.10907
803.03412	874.31219
803.04608	874.83215
803.05798	875.39508
803.06995	877.10126
803.08191	874.19946
803.09381	874.29449
803.10577	874.77448
803.11768	874.53741
803.12964	874.21057
803.14154	873.01343
803.1535	874.36768
803.16541	875.84747
803.17737	874.32379
803.18933	873.46588
803.20123	873.16492
803.2132	874.06818
803.2251	874.25415
803.23706	873.98175
803.24896	874.09888
803.26093	873.42291
803.27283	873.62366
803.28479	875.70343
803.29675	875.70459
803.30865	873.17438
803.32062	873.83124
803.33252	874.04071
803.34448	875.08917
803.35638	874.82629
803.36835	874.24359
803.38031	874.40881
803.39221	874.68127
803.40417	875.16907
803.41608	875.69934
803.42804	874.84186
803.43994	871.86768
803.4519	872.74524
803.46381	875.39966
803.47577	874.55444
803.48773	873.99054
803.49963	874.18018
803.5116	874.10608
803.5235	874.87555
803.53546	875.63452
803.54736	874.30945
803.55933	873.02423
803.57123	874.43427
803.58319	873.60669
803.59515	874.65619
803.60706	873.76855
803.61902	872.95764
803.63092	874.36401
803.64288	873.43353
803.65479	873.74554
803.66675	874.60571
803.67871	874.00525
803.69061	873.34949
803.70258	874.31866
803.71448	873.2478
803.72644	875.3493
803.73834	875.08173
803.75031	874.25397
803.76221	874.57074
803.77417	874.97455
803.78613	875.08966
803.79803	874.82056
803.81	874.57092
803.8219	875.18311
803.83386	876.02673
803.84576	874.63098
803.85773	873.60724
803.86963	873.81573
803.88159	874.75055
803.89355	875.79187
803.90546	873.13959
803.91742	872.84937
803.92932	873.80371
803.94128	875.07214
803.95319	874.39679
803.96515	874.40234
803.97711	873.75854
803.98901	874.0022
804.00098	873.21246
804.01288	874.33826
804.02484	874.16394
804.03674	873.90765
804.04871	874.95422
804.06061	872.97723
804.07257	873.89331
804.08453	874.74353
804.09644	874.86993
804.1084	873.70496
804.1203	873.76178
804.13226	874.15955
804.14417	874.38953
804.15613	873.69354
804.16803	875.24774
804.17999	874.81299
804.19196	875.35272
804.20386	875.54736
804.21582	874.30414
804.22772	874.15375
804.23969	875.93494
804.25159	874.29193
804.26355	873.7738
804.27551	872.2348
804.28741	872.41846
804.29938	873.96027
804.31128	872.79779
804.32324	874.95587
804.33514	874.53625
804.34711	874.07678
804.35901	874.71069
804.37097	875.14087
804.38293	874.69336
804.39484	873.28998
804.4068	873.55499
804.4187	875.43292
804.43066	874.27087
804.44257	875.30878
804.45453	874.11548
804.46643	875.46204
804.47839	874.50092
804.49036	873.76233
804.50226	875.00024
804.51422	874.48798
804.52612	874.41791
804.53809	875.33258
804.54999	874.91907
804.56195	873.9588
804.57391	875.5365
804.58582	875.46613
804.59778	875.20032
804.60968	873.42902
804.62164	873.04773
804.63354	872.71802
804.64551	874.25055
804.65741	875.4256
804.66937	874.86652
804.68134	874.04175
804.69324	874.43256
804.7052	874.39343
804.7171	873.98956
804.72906	874.56104
804.74097	875.92529
804.75293	874.78546
804.76483	875.17548
804.77679	875.6358
804.78876	874.09851
804.80066	875.98993
804.81262	873.66296
804.82452	875.883
804.83649	874.13281
804.84839	873.50397
804.86035	871.43042
804.87231	872.72296
804.88422	875.68378
804.89618	874.26038
804.90808	874.44299
804.92004	874.69244
804.93195	872.71594
804.94391	874.39752
804.95581	873.76178
804.96777	871.92401
804.97974	874.69196
804.99164	873.26318
805.0036	874.76056
805.0155	875.45062
805.02747	874.091
805.03937	874.14575
805.05133	875.1441
805.06323	874.69928
805.0752	875.10797
805.08716	874.55444
805.09906	873.25793
805.11102	873.77563
805.12292	874.35254
805.13489	873.20184
805.14679	873.10364
805.15875	875.36981
805.17072	873.54706
805.18262	874.58221
805.19458	874.80707
805.20648	875.8504
805.21844	875.66974
805.23035	873.16577
805.24231	874.0957
805.25421	874.66516
805.26617	873.57611
805.27814	873.77277
805.29004	874.08063
805.302	872.92645
805.3139	873.08521
805.32587	874.15363
805.33777	872.69604
805.34973	872.79541
805.36163	873.04651
805.3736	873.64801
805.38556	875.15448
805.39746	874.77258
805.40942	876.3158
805.42133	873.70648
805.43329	873.21783
805.44519	873.74066
805.45715	875.09741
805.46912	875.3277
805.48102	874.79095
805.49298	874.45447
805.50488	873.74518
805.51685	873.39252
805.52875	873.02454
805.54071	874.737
805.55261	874.79993
805.56458	873.15979
805.57654	873.59167
805.58844	874.25012
805.6004	875.59174
805.6123	874.89478
805.62427	874.43506
805.63617	875.12036
805.64813	876.14044
805.66003	875.69641
805.672	873.5874
805.68396	873.01764
805.69586	875.14215
805.70782	875.94763
805.71973	873.5036
805.73169	875.48743
805.74359	873.19812
805.75555	874.37848
805.76746	873.29761
805.77942	872.20013
805.79138	874.98938
805.80328	873.95691
805.81525	872.39264
805.82715	875.18701
805.83911	873.84369
805.85101	873.31744
805.86298	874.28076
805.87494	874.5575
805.88684	875.27478
805.8988	875.04242
805.91071	873.11615
805.92267	874.20172
805.93457	873.41309
805.94653	873.00299
805.95844	874.0849
805.9704	874.56049
805.98236	872.82501
805.99426	874.19238
806.00623	874.45898
806.01813	874.0202
806.03009	875.23865
806.04199	875.35291
806.05396	875.37042
806.06586	874.79791
806.07782	875.12378
806.08978	874.32813
806.10168	873.83636
806.11365	871.67279
806.12555	873.48322
806.13751	875.33496
806.14941	874.46301
806.16138	874.04773
806.17334	875.40564
806.18524	874.66583
806.1972	874.04449
806.20911	875.18793
806.22107	875.31812
806.23297	875.40686
806.24493	874.15173
806.25684	874.31042
806.2688	875.78699
806.28076	873.80231
806.29266	873.02667
806.30463	874.24469
806.31653	873.80353
806.32849	876.45276
806.34039	874.58478
806.35236	874.97559
806.36426	874.18585
806.37622	873.31903
806.38818	874.95978
806.40009	873.29175
806.41205	871.81433
806.42395	873.46106
806.43591	874.51538
806.44781	875.19202
806.45978	873.04974
806.47174	872.69128
806.48364	874.02679
806.49561	873.68353
806.50751	874.20593
806.51947	875.01526
806.53137	874.80341
806.54333	873.96075
806.55524	874.1073
806.5672	873.57465
806.57916	873.67682
806.59106	873.25806
806.60303	874.82574
806.61493	873.32941
806.62689	873.7171
806.63879	872.19073
806.65076	873.63141
806.66266	873.98077
806.67462	873.96063
806.68658	874.17657
806.69849	873.4809
806.71045	874.03943
806.72235	872.75885
806.73431	873.01587
806.74622	874.95105
806.75818	875.10712
806.77014	874.72394
806.78204	874.94666
806.79401	872.34814
806.80591	871.48511
806.81787	873.9726
806.82977	874.93469
806.84174	872.72601
806.85364	872.93829
806.8656	873.70007
806.87756	872.94519
806.88947	871.77753
806.90143	873.77417
806.91333	873.59216
806.92529	873.99176
806.93719	874.60291
806.94916	874.67059
806.96106	874.76318
806.97302	875.32245
806.98499	872.9635
806.99689	873.82361
807.00885	873.22406
807.02075	874.71167
807.03271	873.10059
807.04462	874.85339
807.05658	872.81281
807.06854	873.8089
807.08044	874.46002
807.09241	876.20679
807.10431	872.99323
807.11627	873.2854
807.12817	873.23621
807.14014	873.40137
807.15204	874.82361
807.164	873.68829
807.17596	873.86298
807.18787	875.19312
807.19983	873.46759
807.21173	873.32294
807.22369	873.85504
807.2356	873.82141
807.24756	873.3584
807.25946	873.22699
807.27142	873.48279
807.28339	874.46802
807.29529	875.19928
807.30725	875.22119
807.31915	874.6275
807.33112	874.4245
807.34302	874.38922
807.35498	873.92303
807.36694	872.79608
807.37885	874.47235
807.39081	873.22198
807.40271	873.49677
807.41467	874.51971
807.42657	875.48297
807.43854	874.48376
807.45044	875.66321
807.4624	874.02045
807.47437	874.56604
807.48627	873.07269
807.49823	875.20935
807.51013	874.34436
807.52209	873.89899
807.534	873.36841
807.54596	874.26935
807.55786	873.19177
807.56982	873.7337
807.58179	873.68683
807.59369	872.71698
807.60565	873.44501
807.61755	873.70435
807.62952	873.01483
807.64142	874.16272
807.65338	875.52307
807.66534	874.12689
807.67725	873.77435
807.68921	873.21722
807.70111	872.42743
807.71307	874.56226
807.72498	874.91626
807.73694	873.7597
807.74884	873.32892
807.7608	874.56458
807.77277	875.15863
807.78467	873.25287
807.79663	874.00079
807.80853	875.50232
807.8205	874.60791
807.8324	875.38129
807.84436	874.177
807.85626	872.62982
807.86823	872.04187
807.88019	873.87994
807.89209	872.92578
807.90405	873.56781
807.91595	871.59375
807.92792	873.12347
807.93982	874.3587
807.95178	873.17419
807.96368	872.61652
807.97565	875.31305
807.98761	874.55017
807.99951	874.16479
808.01147	873.44208
808.02338	875.28729
808.03534	875.35925
808.04724	873.64984
808.0592	873.74823
808.07117	874.35547
808.08307	873.8902
808.09503	874.85962
808.10693	873.13037
808.1189	874.31677
808.1308	874.90906
808.14276	874.65527
808.15466	873.56073
808.16663	873.06146
808.17859	874.48083
808.19049	873.90076
808.20245	873.51288
808.21436	873.13428
808.22632	874.40173
808.23822	875.04938
808.25018	875.32379
808.26208	873.34119
808.27405	871.82092
808.28601	874.3999
808.29791	874.06403
808.30988	874.36035
808.32178	875.40302
808.33374	874.86279
808.34564	875.66907
808.3576	874.59772
808.36957	874.27679
808.38147	875.15515
808.39343	875.27295
808.40533	873.41565
808.4173	873.45313
808.4292	874.53198
808.44116	874.54028
808.45306	875.85687
808.46503	876.60486
808.47699	874.87616
808.48889	873.6604
808.50085	873.82837
808.51276	874.22253
808.52472	874.98962
808.53662	875.33215
808.54858	875.88367
808.56049	874.55048
808.57245	874.73206
808.58441	874.22113
808.59631	875.11914
808.60828	874.36761
808.62018	873.36389
808.63214	875.23114
808.64404	873.82361
808.65601	873.83997
808.66797	874.80078
808.67987	876.34625
808.69183	874.90198
808.70374	873.70752
808.7157	872.89923
808.7276	876.49854
808.73956	876.0484
808.75146	873.53235
808.76343	874.32526
808.77539	873.61646
808.78729	872.75934
808.79926	873.16394
808.81116	876.37439
808.82312	874.17255
808.83502	871.22223
808.84698	871.53345
808.85889	873.5401
808.87085	873.8468
808.88281	875.57465
808.89471	875.94189
808.90668	874.698
808.91858	875.14172
808.93054	873.53491
808.94244	873.85284
808.95441	873.80756
808.96637	874.4986
808.97827	877.2959
808.99023	877.7149
809.00214	876.36017
809.0141	875.83673
809.026	876.34106
809.03796	875.33685
809.04987	873.76117
809.06183	876.27466
809.07379	875.83582
809.08569	875.38251
809.09766	876.64807
809.10956	876.26044
809.12152	872.94501
809.13342	874.79932
809.14539	875.15076
809.15729	876.03125
809.16925	873.38202
809.18121	874.39893
809.19312	875.8681
809.20508	875.97101
809.21698	878.76208
809.22894	875.63037
809.24084	876.55829
809.25281	877.7887
809.26477	876.94696
809.27667	877.16467
809.28864	875.21497
809.30054	873.80316
809.3125	876.10339
809.3244	875.26141
809.33636	875.505
809.34827	874.20288
809.36023	875.50146
809.37219	874.64465
809.38409	874.98761
809.39606	877.27435
809.40796	876.27167
809.41992	874.94421
809.43182	874.90875
809.44379	871.98358
809.45569	875.36414
809.46765	878.23218
809.47961	877.41394
809.49152	875.96722
809.50348	873.31927
809.51538	875.58252
809.52734	875.13892
809.53925	874.14832
809.55121	875.55469
809.56317	875.39844
809.57507	875.48865
809.58704	876.52295
809.59894	876.10382
809.6109	874.42566
809.6228	875.5451
809.63477	875.10242
809.64667	876.31555
809.65863	875.75458
809.67059	877.3822
809.6825	876.25848
809.69446	876.48871
809.70636	877.06305
809.71832	877.29889
809.73022	876.69641
809.74219	875.66449
809.75409	875.75232
809.76605	878.04431
809.77802	876.90051
809.78992	877.38739
809.80188	877.47498
809.81378	877.43634
809.82574	878.63556
809.83765	878.18103
809.84961	876.02246
809.86157	876.49518
809.87347	877.40247
809.88544	877.53632
809.89734	878.04584
809.9093	877.26294
809.9212	877.1601
809.93317	879.32507
809.94507	877.9472
809.95703	876.54645
809.96899	876.34851
809.9809	876.74017
809.99286	877.19495
810.00476	877.18665
810.01672	878.3045
810.02863	879.34155
810.04059	878.68774
810.05249	879.08978
810.06445	877.2381
810.07642	876.79218
810.08832	879.43738
810.10028	879.85992
810.11218	877.97076
810.12415	878.57104
810.13605	878.92346
810.14801	879.5498
810.15997	879.03961
810.17188	877.7572
810.18384	874.07233
810.19574	878.40942
810.2077	878.88745
810.2196	879.73322
810.23157	877.19922
810.24347	879.35034
810.25543	878.95435
810.2674	877.29138
810.2793	878.88812
810.29126	877.79095
810.30316	880.40289
810.31512	877.64331
810.32703	878.43817
810.33899	880.69653
810.35089	881.1416
810.36285	881.00458
810.37482	880.03149
810.38672	879.38409
810.39868	879.23779
810.41058	880.44293
810.42255	879.48273
810.43445	880.54199
810.44641	878.76093
810.45831	880.55811
810.47028	881.72156
810.48224	882.46869
810.49414	881.92737
810.5061	880.57495
810.51801	880.49152
810.52997	879.8963
810.54187	881.13513
810.55383	880.83728
810.5658	881.74146
810.5777	882.97272
810.58966	881.40973
810.60156	882.63092
810.61353	882.82318
810.62543	881.73322
810.63739	884.99902
810.64929	884.11115
810.66125	880.96252
810.67322	881.14221
810.68512	882.10974
810.69708	885.05804
810.70898	883.75409
810.72095	883.80182
810.73285	882.29626
810.74481	885.90692
810.75671	881.04663
810.76868	885.8678
810.78064	882.76465
810.79254	885.09039
810.8045	887.35681
810.81641	884.57739
810.82837	883.02985
810.84027	889.54614
810.85223	885.76025
810.8642	887.51874
810.8761	887.62537
810.88806	888.33801
810.89996	887.94128
810.91193	887.51147
810.92383	888.93494
810.93579	889.0304
810.94769	891.54871
810.95966	893.29596
810.97162	891.07983
810.98352	891.89667
810.99548	890.40143
811.00739	890.78918
811.01935	892.15308
811.03125	893.11835
811.04321	892.28101
811.05511	890.47357
811.06708	891.20996
811.07904	892.28192
811.09094	894.9433
811.10291	893.4068
811.11481	894.84412
811.12677	896.52411
811.13867	893.98767
811.15063	894.5188
811.1626	893.34167
811.1745	896.25769
811.18646	896.51843
811.19836	892.37634
811.21033	897.47369
811.22223	899.91785
811.23419	896.60883
811.24609	897.23901
811.25806	898.31085
811.27002	896.17596
811.28192	897.97668
811.29388	898.2677
811.30579	899.17218
811.31775	900.19934
811.32965	898.00641
811.34161	897.32379
811.35352	897.97809
811.36548	897.9162
811.37744	897.64758
811.38934	899.10999
811.40131	900.26593
811.41321	901.40369
811.42517	899.64972
811.43707	898.01862
811.44904	898.53851
811.461	897.07428
811.4729	896.59503
811.48486	895.74402
811.49677	896.35687
811.50873	899.45563
811.52063	900.66779
811.53259	895.23535
811.54449	892.7146
811.55646	895.7005
811.56842	897.80811
811.58032	894.3045
811.59229	894.54242
811.60419	895.11871
811.61615	895.24109
811.62805	895.72571
811.64001	893.85046
811.65192	893.82379
811.66388	893.41821
811.67584	893.62085
811.68774	890.02649
811.69971	889.67657
811.71161	892.22723
811.72357	892.94189
811.73547	890.80157
811.74744	892.30835
811.7594	895.88239
811.7713	895.33069
811.78326	890.79218
811.79517	889.28241
811.80713	891.29578
811.81903	894.54694
811.83099	890.3161
811.8429	892.24207
811.85486	890.4516
811.86682	887.77753
811.87872	890.90973
811.89069	891.08008
811.90259	888.87036
811.91455	888.65723
811.92645	891.10345
811.93842	892.18134
811.95032	893.24048
811.96228	888.5863
811.97424	892.99725
811.98615	889.92041
811.99811	892.49945
812.01001	889.90851
812.02197	890.68805
812.03387	889.69244
812.04584	888.18073
812.0578	890.49628
812.0697	887.78156
812.08167	886.99896
812.09357	888.36621
812.10553	888.50165
812.11743	889.61163
812.12939	887.34021
812.1413	885.52295
812.15326	883.46582
812.16522	886.19244
812.17712	888.51477
812.18909	888.52612
812.20099	885.80835
812.21295	889.4884
812.22485	890.15338
812.23682	888.4762
812.24872	886.86578
812.26068	889.72729
812.27264	888.5213
812.28455	890.24219
812.29651	886.78857
812.30841	884.54657
812.32037	886.41809
812.33228	886.96631
812.34424	887.08942
812.3562	886.65271
812.3681	886.81415
812.38007	889.76233
812.39197	887.76215
812.40393	889.52069
812.41583	887.58026
812.4278	888.37488
812.4397	888.5437
812.45166	888.2536
812.46362	885.11304
812.47552	888.23468
812.48749	890.23407
812.49939	887.5246
812.51135	888.72876
812.52325	885.86865
812.53522	887.91486
812.54712	888.99438
812.55908	890.40875
812.57104	891.04535
812.58295	890.02039
812.59491	889.01532
812.60681	890.6615
812.61877	890.09344
812.63068	889.02478
812.64264	887.61877
812.65454	887.09027
812.6665	887.30243
812.67847	887.62097
812.69037	887.5766
812.70233	890.7702
812.71423	890.2334
812.7262	887.83203
812.7381	888.44598
812.75006	890.27905
812.76202	890.64563
812.77393	891.56458
812.78589	890.39508
812.79779	888.25385
812.80975	891.62317
812.82166	891.9762
812.83362	891.59064
812.84552	891.54407
812.85748	891.56177
812.86945	891.50842
812.88135	891.06934
812.89331	892.37445
812.90521	893.9715
812.91718	896.56335
812.92908	895.88721
812.94104	892.3056
812.95294	891.7713
812.9649	894.63092
812.97687	894.49213
812.98877	895.31824
813.00073	894.33118
813.01263	895.5481
813.0246	894.70447
813.0365	898.89337
813.04846	897.57935
813.06042	895.92151
813.07233	898.80963
813.08429	899.39471
813.09619	899.68848
813.10815	896.43494
813.12006	897.27783
813.13202	900.01385
813.14392	900.20538
813.15588	903.29803
813.16785	899.77258
813.17975	899.93707
813.19171	901.159
813.20361	897.97369
813.21558	903.05701
813.22748	902.3374
813.23944	901.75092
813.25134	903.23071
813.26331	903.48315
813.27527	906.49487
813.28717	903.77136
813.29913	906.48822
813.31104	906.35858
813.323	911.52899
813.3349	907.71753
813.34686	908.99701
813.35883	910.5437
813.37073	911.70422
813.38269	911.24066
813.39459	911.85413
813.40656	913.8761
813.41846	914.55774
813.43042	914.95099
813.44232	915.19086
813.45428	914.38177
813.46625	918.74506
813.47815	920.55249
813.49011	921.91431
813.50201	920.78619
813.51398	914.78125
813.52588	921.43292
813.53784	923.52582
813.54974	923.47241
813.56171	923.71509
813.57367	924.534
813.58557	926.46393
813.59753	932.90637
813.60944	933.25427
813.6214	935.96704
813.6333	934.05676
813.64526	934.77502
813.65723	937.96429
813.66913	939.8573
813.68109	941.98895
813.69299	942.08002
813.70496	943.08295
813.71686	948.29474
813.72882	946.20129
813.74072	946.28033
813.75269	950.99762
813.76465	949.69415
813.77655	950.41229
813.78851	956.08392
813.80042	955.99841
813.81238	957.02203
813.82428	953.10992
813.83624	954.04773
813.84814	960.28259
813.86011	963.78876
813.87207	967.90656
813.88397	970.58038
813.89594	973.11353
813.90784	976.45447
813.9198	973.12524
813.9317	975.33917
813.94366	975.14453
813.95563	977.67657
813.96753	979.76978
813.97949	983.69873
813.99139	980.85248
814.00336	980.6275
814.01526	986.92035
814.02722	984.79401
814.03912	980.22699
814.05109	988.83698
814.06305	985.64319
814.07495	985.17877
814.08691	987.6344
814.09882	987.71069
814.11078	993.14325
814.12268	989.51013
814.13464	984.88751
814.14655	986.55017
814.15851	989.30115
814.17047	985.31854
814.18237	980.9931
814.19434	984.37115
814.20624	981.34399
814.2182	978.40021
814.2301	977.69952
814.24207	977.72913
814.25403	974.12378
814.26593	975.07916
814.27789	969.24658
814.28979	971.74878
814.30176	963.20667
814.31366	965.77063
814.32562	965.52856
814.33752	962.75775
814.34949	964.00348
814.36145	966.68732
814.37335	964.37451
814.38531	956.26862
814.39722	954.56836
814.40918	956.06812
814.42108	956.61084
814.43304	957.4259
814.44495	948.65161
814.45691	947.00385
814.46887	943.19867
814.48077	946.32861
814.49274	944.7467
814.50464	943.26251
814.5166	942.44385
814.5285	938.05414
814.54047	939.08484
814.55243	939.0907
814.56433	937.40228
814.57629	938.25171
814.5882	934.91412
814.60016	935.66547
814.61206	931.86786
814.62402	935.27124
814.63593	933.44281
814.64789	929.89154
814.65985	929.40466
814.67175	927.77936
814.68372	928.43896
814.69562	925.75989
814.70758	929.52948
814.71948	926.47089
814.73145	922.93091
814.74335	921.69672
814.75531	917.9646
814.76727	922.73218
814.77917	919.16327
814.79114	919.24762
814.80304	916.56573
814.815	922.45844
814.8269	919.76666
814.83887	918.2793
814.85083	913.091
814.86273	920.07916
814.87469	915.21429
814.8866	917.6225
814.89856	910.28925
814.91046	912.05872
814.92242	915.28973
814.93433	913.55621
814.94629	909.422
814.95825	907.44495
814.97015	908.71716
814.98212	910.84924
814.99402	905.98907
815.00598	911.01227
815.01788	909.33459
815.02985	906.28479
815.04175	904.53424
815.05371	908.7868
815.06567	904.56506
815.07758	905.46625
815.08954	904.22919
815.10144	905.73145
815.1134	904.37396
815.12531	903.60901
815.13727	907.33514
815.14917	908.37909
815.16113	897.72656
815.1731	902.29315
815.185	904.52313
815.19696	899.00037
815.20886	901.04163
815.22083	902.50848
815.23273	899.62976
815.24469	897.33044
815.25665	901.05945
815.26855	900.17169
815.28052	899.6925
815.29242	899.08423
815.30438	898.47919
815.31628	899.30328
815.32825	897.52472
815.34015	898.28326
815.35211	896.06079
815.36407	894.99017
815.37598	895.12775
815.38794	894.05817
815.39984	893.1568
815.4118	891.05127
815.42371	894.86267
815.43567	894.49823
815.44757	893.70532
815.45953	894.91522
815.4715	895.23688
815.4834	893.45502
815.49536	893.93958
815.50726	893.70038
815.51923	892.92084
815.53113	890.2533
815.54309	893.96594
815.55505	892.32855
815.56696	892.55853
815.57892	891.55151
815.59082	890.93713
815.60278	889.32129
815.61469	889.65375
815.62665	888.77551
815.63855	887.28424
815.65051	888.89221
815.66248	885.66779
815.67438	888.11133
815.68634	884.70563
815.69824	888.99329
815.71021	887.02667
815.72211	888.7616
815.73407	886.69983
815.74597	886.901
815.75793	888.20343
815.7699	887.67676
815.7818	887.25372
815.79376	885.84747
815.80566	885.7403
815.81763	883.80536
815.82953	883.74854
815.84149	884.13312
815.85345	885.17737
815.86536	884.31482
815.87732	885.24689
815.88922	884.02356
815.90118	883.59375
815.91309	885.46466
815.92505	885.78949
815.93695	881.67566
815.94891	884.01556
815.96088	889.81079
815.97278	880.95355
815.98474	881.24414
815.99664	880.48694
816.00861	883.93976
816.02051	882.52148
816.03247	884.15784
816.04437	882.61035
816.05634	881.89441
816.0683	882.026
816.0802	880.77185
816.09216	883.75214
816.10406	879.51111
816.11603	882.53638
816.12793	881.94678
816.13989	882.36444
816.15186	880.75488
816.16376	882.19153
816.17572	883.35901
816.18762	881.13971
816.19958	878.4848
816.21149	879.92542
816.22345	880.57715
816.23535	879.34583
816.24731	878.96112
816.25928	880.32678
816.27118	877.97308
816.28314	877.65009
816.29504	877.20563
816.30701	879.10925
816.31891	880.63965
816.33087	879.69849
816.34277	879.30927
816.35474	878.28644
816.3667	876.9671
816.3786	880.58588
816.39056	879.16278
816.40247	878.54816
816.41443	879.5816
816.42633	877.59576
816.43829	879.61017
816.45026	877.97339
816.46216	876.67371
816.47412	877.84979
816.48602	876.41504
816.49799	876.31305
816.50989	876.58954
816.52185	875.91669
816.53375	875.64081
816.54572	878.4198
816.55768	877.59161
816.56958	878.51782
816.58154	875.96051
816.59344	877.83673
816.60541	877.1972
816.61731	878.00415
816.62927	878.16595
816.64117	877.20386
816.65314	875.75177
816.6651	875.49731
816.677	876.83154
816.68896	876.9538
816.70087	877.7486
816.71283	878.21698
816.72473	876.81848
816.73669	878.03546
816.74866	877.159
816.76056	877.13544
816.77252	875.31372
816.78442	874.73889
816.79639	875.39008
816.80829	875.75696
816.82025	875.18213
816.83215	876.71143
816.84412	875.19098
816.85608	876.73248
816.86798	876.56128
816.87994	876.24011
816.89185	876.32062
816.90381	877.40924
816.91571	877.95782
816.92767	875.65515
816.93958	874.14142
816.95154	875.68628
816.9635	876.79517
816.9754	876.43292
816.98737	876.65021
816.99927	876.35498
817.01123	877.47675
817.02313	876.8739
817.0351	874.94611
817.04706	876.44482
817.05896	878.08148
817.07092	877.13995
817.08282	877.65277
817.09479	874.37549
817.10669	875.15851
817.11865	875.84967
817.13055	874.46814
817.14252	874.77551
817.15448	875.65118
817.16638	876.69666
817.17834	875.59882
817.19025	876.42096
817.20221	875.57507
817.21411	875.75623
817.22607	875.37341
817.23798	874.90125
817.24994	875.23254
817.2619	875.40204
817.2738	875.16986
817.28577	875.47992
817.29767	876.67346
817.30963	875.18481
817.32153	874.92664
817.3335	875.43103
817.34546	875.42969
817.35736	875.12909
817.36932	874.96918
817.38123	871.26526
817.39319	873.70081
817.40509	875.87598
817.41705	875.54004
817.42896	875.11969
817.44092	876.04437
817.45288	877.43628
817.46478	874.47937
817.47675	872.75867
817.48865	875.3988
817.50061	875.84509
817.51251	876.50507
817.52448	874.50043
817.53638	877.9007
817.54834	877.01923
817.5603	875.33051
817.5722	874.36786
817.58417	874.67609
817.59607	875.07489
817.60803	875.21741
817.61993	876.04285
817.6319	874.05634
817.6438	874.89838
817.65576	874.3241
817.66772	874.83435
817.67963	874.13806
817.69159	874.08142
817.70349	873.96112
817.71545	873.49329
817.72736	871.47113
817.73932	872.78882
817.75128	872.92896
817.76318	874.80457
817.77515	875.73828
817.78705	874.27777
817.79901	874.82593
817.81091	875.09332
817.82288	874.66028
817.83478	874.41046
817.84674	875.58148
817.8587	874.38574
817.87061	873.6048
817.88257	874.82684
817.89447	874.3139
817.90643	874.7854
817.91833	874.30438
817.9303	873.1181
817.9422	874.39032
817.95416	874.65521
817.96613	875.29797
817.97803	872.40161
817.98999	871.15686
818.00189	873.51447
818.01385	874.34686
818.02576	874.64703
818.03772	874.30328
818.04968	874.3634
818.06158	873.13702
818.07355	874.38745
818.08545	874.27728
818.09741	873.19879
818.10931	871.58521
818.12128	873.25897
818.13318	875.9068
818.14514	874.17474
818.1571	874.22925
818.16901	873.20459
818.18097	873.22607
818.19287	872.57361
818.20483	874.38116
818.21674	875.17804
818.2287	873.29547
818.2406	872.20807
818.25256	874.02246
818.26453	872.93317
818.27643	873.66248
818.28839	874.42322
818.30029	873.25781
818.31226	872.39337
818.32416	873.82001
818.33612	874.07599
818.34808	875.08276
818.35999	875.12231
818.37195	872.32336
818.38385	873.32312
818.39581	872.90784
818.40771	873.61566
818.41968	871.97546
818.43158	872.95331
818.44354	872.91528
818.45551	872.78375
818.46741	872.49066
818.47937	874.13763
818.49127	872.15131
818.50323	873.2807
818.51514	874.28552
818.5271	872.1969
818.539	873.01642
818.55096	872.72565
818.56293	873.39691
818.57483	871.79279
818.58679	873.1297
818.59869	873.62354
818.61066	872.02417
818.62256	871.80072
818.63452	874.39526
818.64648	874.01105
818.65839	873.08582
818.67035	872.03979
818.68225	873.16919
818.69421	872.25519
818.70612	872.79852
818.71808	873.16016
818.72998	872.93213
818.74194	873.70197
818.75391	872.43036
818.76581	872.58429
818.77777	872.27087
818.78967	873.64899
818.80164	872.59052
818.81354	872.36157
818.8255	874.12976
818.8374	874.53827
818.84937	873.37805
818.86133	872.64404
818.87323	871.57269
818.88519	872.91736
818.89709	872.32556
818.90906	871.76343
818.92096	871.32031
818.93292	872.86462
818.94489	873.85779
818.95679	873.086
818.96875	871.38226
818.98065	872.39832
818.99261	872.06433
819.00452	871.82312
819.01648	872.80298
819.02838	872.76599
819.04034	872.41046
819.05231	872.71759
819.06421	872.89087
819.07617	873.11853
819.08807	873.61603
819.10004	873.57074
819.11194	872.92334
819.1239	872.97192
819.1358	871.51532
819.14777	872.99603
819.15973	872.84656
819.17163	872.42615
819.18359	872.66254
819.1955	872.85529
819.20746	871.75885
819.21936	871.59271
819.23132	872.5459
819.24329	872.54559
819.25519	874.00061
819.26715	874.19415
819.27905	871.68274
819.29102	871.63788
819.30292	872.46063
819.31488	871.57111
819.32678	871.81873
819.33875	871.59705
819.35071	872.85541
819.36261	872.01721
819.37457	871.73102
819.38647	872.32849
819.39844	872.75159
819.41034	871.99487
819.4223	871.6687
819.4342	872.20374
819.44617	872.15485
819.45813	872.13837
819.47003	872.79279
819.48199	871.60333
819.4939	871.8858
819.50586	872.53607
819.51776	871.91528
819.52972	873.57916
819.54169	872.7074
819.55359	873.26843
819.56555	873.37213
819.57745	873.60516
819.58942	871.94952
819.60132	871.44794
819.61328	871.90814
819.62518	874.05499
819.63715	872.4198
819.64911	872.06732
819.66101	873.49048
819.67297	872.26794
819.68488	872.87994
819.69684	873.34357
819.70874	872.39612
819.7207	873.84369
819.7326	872.30219
819.74457	873.1673
819.75653	871.93842
819.76843	871.64282
819.7804	871.50677
819.7923	870.37592
819.80426	871.87122
819.81616	871.81366
819.82813	873.13165
819.84003	873.01099
819.85199	869.30951
819.86395	870.77319
819.87585	871.37714
819.88782	871.94641
819.89972	873.31512
819.91168	872.62695
819.92358	871.84631
819.93555	872.11334
819.94751	872.32422
819.95941	872.68274
819.97137	873.40332
819.98328	873.3642
819.99524	873.45068
820.00714	871.87366
820.0191	872.04181
820.03101	871.37201
820.04297	872.21753
820.05493	872.02692
820.06683	872.25494
820.0788	872.24451
820.0907	872.65601
820.10266	873.66351
820.11456	871.40552
820.12653	872.34344
820.13843	872.91467
820.15039	871.78699
820.16235	871.85992
820.17426	871.1546
820.18622	872.12256
820.19812	872.2655
820.21008	872.63269
820.22198	871.54694
820.23395	871.04718
820.24591	871.01318
820.25781	871.64594
820.26978	873.07434
820.28168	874.09521
820.29364	872.12561
820.30554	871.52478
820.3175	872.31769
820.32941	872.93237
820.34137	871.16772
820.35333	871.59778
820.36523	872.72632
820.3772	871.60236
820.3891	871.703
820.40106	871.82391
820.41296	870.75299
820.42493	870.96661
820.43683	872.57062
820.44879	872.388
820.46075	871.66919
820.47266	873.30981
820.48462	870.47455
820.49652	871.07813
820.50848	870.82465
820.52039	872.26013
820.53235	871.2962
820.54431	871.70251
820.55621	870.52081
820.56818	870.97583
820.58008	873.48193
820.59204	873.35181
820.60394	871.48755
820.61591	870.95526
820.62781	871.43011
820.63977	871.89807
820.65173	873.53058
820.66364	871.37183
820.6756	872.47345
820.6875	870.90704
820.69946	871.17865
820.71136	873.37848
820.72333	872.01508
820.73523	872.51331
820.74719	872.54047
820.75916	871.03125
820.77106	872.0733
820.78302	872.1745
820.79492	871.74652
820.80688	872.18481
820.81879	871.92883
820.83075	871.04456
820.84271	870.86078
820.85461	870.70898
820.86658	870.89832
820.87848	870.35132
820.89044	870.8667
820.90234	870.75281
820.91431	873.23328
820.92621	873.21674
820.93817	872.92633
820.95013	870.49023
820.96204	872.14124
820.974	871.90448
820.9859	871.23779
820.99786	871.77423
821.00977	871.45502
821.02173	872.56909
821.03363	870.43713
821.04559	870.8822
821.05756	870.16907
821.06946	870.70691
821.08142	871.85358
821.09332	871.78827
821.10529	871.6145
821.11719	871.77765
821.12915	871.78247
821.14111	870.55981
821.15302	869.91174
821.16498	870.97089
821.17688	872.06329
821.18884	872.26752
821.20074	872.32776
821.21271	872.10278
821.22461	871.88885
821.23657	871.98059
821.24854	871.47534
821.26044	872.65948
821.2724	873.54272
821.2843	870.95758
821.29626	869.414
821.30817	871.59485
821.32013	872.47314
821.33203	871.28357
821.34399	870.71576
821.35596	870.82263
821.36786	870.90973
821.37982	871.42438
821.39172	872.75482
821.40369	871.39178
821.41559	871.34473
821.42755	871.03412
821.43951	870.76807
821.45142	871.61334
821.46338	870.91791
821.47528	871.15497
821.48724	871.51324
821.49915	872.02863
821.51111	873.25635
821.52301	871.25385
821.53497	871.66364
821.54694	871.57648
821.55884	870.1969
821.5708	868.32202
821.5827	870.53247
821.59467	869.05682
821.60657	868.60022
821.61853	869.97614
821.63043	870.08429
821.6424	869.88611
821.65436	868.79437
821.66626	871.73053
821.67822	870.52161
821.69012	870.59161
821.70209	872.42273
821.71399	870.02588
821.72595	871.0083
821.73792	869.93481
821.74982	870.63306
821.76178	870.72339
821.77368	872.47632
821.78564	871.87311
821.79755	871.01825
821.80951	871.79822
821.82141	870.60809
821.83337	870.9964
821.84534	871.93054
821.85724	871.96289
821.8692	870.44916
821.8811	870.57532
821.89307	871.32178
821.90497	870.98016
821.91693	872.00879
821.92883	873.25262
821.9408	872.1521
821.95276	871.50281
821.96466	872.36542
821.97662	872.1015
821.98853	872.21057
822.00049	871.88794
822.01239	871.45667
822.02435	871.88647
822.03632	870.70313
822.04822	871.27985
822.06018	871.95148
822.07208	873.57404
822.08405	872.37738
822.09595	872.14319
822.10791	872.14392
822.11981	872.88678
822.13177	872.52649
822.14374	871.08527
822.15564	871.48328
822.1676	871.66614
822.1795	871.70612
822.19147	872.69073
822.20337	871.13757
822.21533	870.70319
822.22723	870.32367
822.2392	871.19495
822.25116	871.15643
822.26306	872.0481
822.27502	871.40485
822.28693	870.24188
822.29889	872.03796
822.31079	872.25305
822.32275	870.91833
822.33466	871.21509
822.34662	872.23743
822.35858	873.24384
822.37048	870.70398
822.38245	870.3681
822.39435	870.95972
822.40631	871.14105
822.41821	872.76044
822.43018	871.138
822.44214	873.19666
822.45404	871.05109
822.466	871.38599
822.47791	869.57739
822.48987	871.849
822.50177	871.31586
822.51373	872.49133
822.52563	871.31177
822.5376	870.46204
822.54956	871.33685
822.56146	871.26001
822.57343	870.94788
822.58533	870.07806
822.59729	870.67389
822.60919	871.50018
822.62115	871.85602
822.63306	872.22736
822.64502	871.80988
822.65698	873.79108
822.66888	871.51251
822.68085	872.47028
822.69275	870.50067
822.70471	871.67303
822.71661	870.51178
822.72858	872.09961
822.74054	871.65338
822.75244	871.05023
822.7644	870.35577
822.77631	870.64404
822.78827	871.28027
822.80017	870.28601
822.81213	871.83972
822.82404	870.9325
822.836	871.85553
822.84796	872.185
822.85986	871.43964
822.87183	871.24542
822.88373	871.84979
822.89569	872.49609
822.90759	872.20435
822.91956	871.87799
822.93146	870.75824
822.94342	870.77441
822.95538	870.07709
822.96729	871.16779
822.97925	871.87305
822.99115	871.34613
823.00311	870.93176
823.01501	873.12506
823.02698	870.30267
823.03894	871.00708
823.05084	871.26379
823.06281	872.54962
823.07471	873.00549
823.08667	871.55475
823.09857	871.82953
823.11053	871.31561
823.12244	871.21002
823.1344	872.06036
823.14636	870.21161
823.15826	870.56689
823.17023	872.00555
823.18213	872.30164
823.19409	871.66498
823.20599	872.19427
823.21796	871.9715
823.22986	872.27295
823.24182	870.77246
823.25378	871.05914
823.26569	872.78729
823.27765	872.39478
823.28955	870.79218
823.30151	870.82031
823.31342	870.91364
823.32538	872.38873
823.33734	871.11383
823.34924	869.90161
823.36121	870.25232
823.37311	872.69409
823.38507	872.97583
823.39697	873.38293
823.40894	871.33655
823.42084	871.04401
823.4328	872.0705
823.44476	872.12384
823.45667	872.99353
823.46863	871.74365
823.48053	872.45447
823.49249	870.854
823.50439	871.21582
823.51636	871.4245
823.52826	869.58795
823.54022	871.23517
823.55219	870.18188
823.56409	874.04803
823.57605	871.40131
823.58795	871.01001
823.59991	872.25189
823.61182	870.4425
823.62378	870.0531
823.63574	871.08215
823.64764	871.40381
823.65961	872.48193
823.67151	872.38068
823.68347	872.11786
823.69537	870.84723
823.70734	871.88074
823.71924	872.03839
823.7312	870.8598
823.74316	870.09924
823.75507	871.02863
823.76703	872.19757
823.77893	871.89716
823.79089	870.79449
823.8028	871.99353
823.81476	872.84296
823.82666	871.76935
823.83862	870.1261
823.85059	871.09937
823.86249	870.02612
823.87445	867.86255
823.88635	870.65912
823.89832	872.19733
823.91022	871.76422
823.92218	870.80408
823.93414	870.46381
823.94604	871.28717
823.95801	871.35986
823.96991	871.91156
823.98187	873.00549
823.99377	871.09723
824.00574	871.34686
824.01764	870.8703
824.0296	869.71515
824.04156	871.37097
824.05347	870.75873
824.06543	871.15564
824.07733	872.72516
824.08929	872.90588
824.1012	870.67456
824.11316	872.69446
824.12506	872.91595
824.13702	871.77386
824.14899	871.09338
824.16089	870.07172
824.17285	871.25665
824.18475	871.41833
824.19672	870.80243
824.20862	872.01794
824.22058	871.92987
824.23254	872.2843
824.24445	871.46307
824.25641	872.17944
824.26831	873.72821
824.28027	873.34973
824.29218	872.82043
824.30414	872.84082
824.31604	869.85583
824.328	869.49121
824.33997	872.19049
824.35187	870.19952
824.36383	871.35242
824.37573	871.33661
824.3877	872.33911
824.3996	872.06427
824.41156	872.17322
824.42346	872.21338
824.43542	871.1322
824.44739	871.47101
824.45929	872.7796
824.47125	872.48926
824.48315	871.72882
824.49512	873.09363
824.50702	872.54688
824.51898	873.85504
824.53088	872.15247
824.54285	869.88049
824.55481	871.48138
824.56671	872.43396
824.57867	872.68091
824.59058	871.18024
824.60254	872.88965
824.61444	870.28192
824.6264	872.36279
824.63837	874.57324
824.65027	872.12799
824.66223	874.25214
824.67413	873.46729
824.6861	873.4939
824.698	872.78815
824.70996	871.49426
824.72186	873.03778
824.73383	872.15247
824.74579	871.97491
824.75769	871.96558
824.76965	872.82831
824.78156	872.63715
824.79352	871.4826
824.80542	872.37421
824.81738	872.23889
824.82928	872.76349
824.84125	872.06244
824.85321	872.23712
824.86511	873.07458
824.87708	870.76465
824.88898	870.89996
824.90094	873.66711
824.91284	873.75549
824.9248	874.2735
824.93677	871.02496
824.94867	871.56842
824.96063	873.73871
824.97253	872.26703
824.9845	873.11224
824.9964	872.34247
825.00836	874.11249
825.02026	873.01801
825.03223	874.10077
825.04419	873.69427
825.05609	873.10358
825.06805	873.59308
825.07996	872.93195
825.09192	872.75171
825.10382	873.76251
825.11578	872.58606
825.12769	873.17712
825.13965	872.67719
825.15161	871.99231
825.16351	872.92438
825.17548	872.34473
825.18738	872.03198
825.19934	872.45636
825.21124	872.54785
825.22321	872.2785
825.23517	873.16425
825.24707	872.93121
825.25903	873.86884
825.27094	873.19409
825.2829	870.61005
825.2948	870.49023
825.30676	872.76569
825.31866	872.09613
825.33063	872.8197
825.34259	871.55206
825.35449	871.02441
825.36646	872.68103
825.37836	871.68365
825.39032	871.37347
825.40222	873.21033
825.41418	873.60443
825.42609	872.05249
825.43805	873.08618
825.45001	872.81421
825.46191	871.14545
825.47388	873.51544
825.48578	873.09906
825.49774	873.86145
825.50964	872.25568
825.52161	873.22015
825.53357	874.83765
825.54547	873.62518
825.55743	873.92126
825.56934	874.69531
825.5813	872.85437
825.5932	873.47833
825.60516	873.84418
825.61707	875.02002
825.62903	874.3479
825.64099	873.89154
825.65289	873.85614
825.66486	874.86481
825.67676	873.98883
825.68872	873.55975
825.70062	873.2016
825.71259	875.6004
825.72449	873.41522
825.73645	874.10358
825.74841	874.93542
825.76031	874.85376
825.77228	872.77252
825.78418	874.46594
825.79614	875.22601
825.80804	875.17365
825.82001	874.03101
825.83197	875.11884
825.84387	874.3291
825.85583	874.29132
825.86774	872.66608
825.8797	873.06763
825.8916	873.97534
825.90356	874.74316
825.91547	874.45758
825.92743	873.83655
825.93939	875.27734
825.95129	874.74298
825.96326	873.43097
825.97516	875.45911
825.98712	875.74701
825.99902	874.78607
826.01099	873.03168
826.02289	874.19958
826.03485	874.35321
826.04681	875.12079
826.05872	875.56079
826.07068	875.46216
826.08258	875.39594
826.09454	874.09967
826.10645	872.30695
826.11841	876.44507
826.13037	876.00739
826.14227	873.41791
826.15424	877.84961
826.16614	874.85223
826.1781	873.90295
826.19	873.61505
826.20197	875.98175
826.21387	875.96094
826.22583	875.8949
826.23779	875.26166
826.24969	875.17322
826.26166	874.57288
826.27356	875.66211
826.28552	875.54492
826.29742	878.03406
826.30939	875.83374
826.32129	875.0426
826.33325	875.1214
826.34521	876.23962
826.35712	877.19995
826.36908	875.68958
826.38098	876.0152
826.39294	875.8244
826.40485	875.0694
826.41681	873.61383
826.42877	875.24518
826.44067	875.74072
826.45264	877.6037
826.46454	876.33936
826.4765	878.11017
826.4884	876.11163
826.50037	875.36658
826.51227	877.71478
826.52423	878.64301
826.53619	876.06989
826.5481	877.12769
826.56006	875.91473
826.57196	877.4176
826.58392	874.7569
826.59583	877.45013
826.60779	877.56714
826.61969	878.28064
826.63165	877.16089
826.64362	876.78796
826.65552	875.83929
826.66748	878.27258
826.67938	878.40326
826.69135	875.12195
826.70325	878.22198
826.71521	875.62872
826.72717	878.22003
826.73907	878.25592
826.75104	876.6972
826.76294	877.29077
826.7749	877.20514
826.7868	877.55103
826.79877	878.96497
826.81067	879.68695
826.82263	877.98413
826.83459	878.3186
826.8465	880.0022
826.85846	879.67188
826.87036	876.06036
826.88232	878.2901
826.89423	879.71429
826.90619	881.90997
826.91809	881.77179
826.93005	882.17163
826.94202	878.74969
826.95392	880.50269
826.96588	881.76617
826.97778	879.42291
826.98975	879.82373
827.00165	879.40051
827.01361	881.38135
827.02551	881.82007
827.03748	880.03833
827.04944	880.17517
827.06134	878.59711
827.0733	879.94623
827.08521	881.98401
827.09717	881.26404
827.10907	880.138
827.12103	880.77893
827.133	884.50769
827.1449	881.30292
827.15686	882.95233
827.16876	880.54803
827.18073	882.5683
827.19263	881.37115
827.20459	884.04022
827.21649	883.85693
827.22845	883.06775
827.24042	882.35364
827.25232	884.54938
827.26428	881.72937
827.27618	884.23999
827.28815	886.37988
827.30005	883.77069
827.31201	886.71021
827.32391	884.64789
827.33588	882.40393
827.34784	882.26447
827.35974	884.72021
827.3717	884.98602
827.38361	885.73724
827.39557	884.54901
827.40747	885.26306
827.41943	886.87714
827.4314	885.03705
827.4433	884.63593
827.45526	883.80804
827.46716	886.17426
827.47913	886.98651
827.49103	889.15198
827.50299	887.63367
827.51489	886.95496
827.52686	888.73138
827.53882	888.43707
827.55072	887.0387
827.56268	886.55396
827.57458	888.61469
827.58655	890.62457
827.59845	888.81506
827.61041	890.39117
827.62231	889.47614
827.63428	891.82404
827.64624	887.50928
827.65814	891.79968
827.6701	891.94232
827.68201	892.08124
827.69397	895.59625
827.70587	892.7572
827.71783	891.5694
827.7298	892.18927
827.7417	894.78644
827.75366	892.59644
827.76556	895.77356
827.77753	894.13361
827.78943	892.53851
827.80139	896.34186
827.81329	900.94678
827.82526	900.71338
827.83722	899.84564
827.84912	899.87799
827.86108	900.48547
827.87299	902.59039
827.88495	905.26141
827.89685	902.50494
827.90881	902.97559
827.92072	900.7923
827.93268	902.46906
827.94464	903.94379
827.95654	905.86987
827.96851	907.77246
827.98041	906.12598
827.99237	909.65692
828.00427	909.57843
828.01624	915.1449
828.0282	909.97589
828.0401	908.06494
828.05206	913.08429
828.06396	908.60706
828.07593	917.12262
828.08783	918.41028
828.09979	915.16364
828.11169	919.62537
828.12366	920.51288
828.13562	921.58545
828.14752	923.39374
828.15948	927.47235
828.17139	928.29419
828.18335	929.78436
828.19525	930.79822
828.20721	932.73456
828.21912	934.69281
828.23108	934.40759
828.24304	937.53149
828.25494	938.49182
828.26691	940.17584
828.27881	943.7583
828.29077	942.07794
828.30267	948.47382
828.31464	951.94507
828.3266	957.06281
828.3385	958.59387
828.35046	962.56488
828.36237	965.0755
828.37433	969.1438
828.38623	967.19604
828.39819	979.9679
828.4101	982.08649
828.42206	983.97784
828.43402	982.7782
828.44592	991.93542
828.45789	995.00098
828.46979	1002.3169
828.48175	1009.4529
828.49365	1018.6489
828.50562	1030.2653
828.51752	1027.6525
828.52948	1031.2438
828.54144	1041.6331
828.55334	1052.0958
828.56531	1064.5266
828.57721	1073.0817
828.58917	1082.0443
828.60107	1097.1345
828.61304	1110.12
828.625	1127.5051
828.6369	1148.0914
828.64886	1170.014
828.66077	1195.9923
828.67273	1211.7515
828.68463	1251.764
828.69659	1279.5087
828.7085	1311.703
828.72046	1349.2639
828.73242	1394.0656
828.74432	1454.9601
828.75629	1527.9293
828.76819	1580.106
828.78015	1679.0298
828.79205	1812.7001
828.80402	1974.6296
828.81592	2169.936
828.82788	2435.1663
828.83984	2762.6924
828.85175	3163.4124
828.86371	3697.6821
828.87561	4389.9165
828.88757	5280.0781
828.89948	6352.0732
828.91144	7610.187
828.9234	9132.3369
828.9353	10922.037
828.94727	12864.189
828.95917	14947.877
828.97113	17047.1
828.98303	18890.646
828.995	20646.572
829.0069	22085.51
829.01886	23243.871
829.03082	23718.557
829.04272	23412.953
829.05469	22547.824
829.06659	21513.295
829.07855	20174.779
829.09045	18493.479
829.10242	16650.5
829.11432	14676.538
829.12628	12716.856
829.13824	10878.133
829.15015	9220.3301
829.16211	7778.3604
829.17401	6471.0405
829.18597	5416.8638
829.19788	4538.6035
829.20984	3863.2131
829.2218	3328.0332
829.2337	2936.8684
829.24567	2607.3691
829.25757	2347.0789
829.26953	2122.8411
829.28143	1919.1962
829.2934	1766.3092
829.3053	1650.1599
829.31726	1551.283
829.32922	1460.2754
829.34113	1405.9012
829.35309	1344.0153
829.36499	1312.5255
829.37695	1269.8829
829.38885	1231.6522
829.40082	1203.0283
829.41272	1180.4343
829.42468	1156.3201
829.43665	1139.7562
829.44855	1105.5402
829.46051	1102.8978
829.47241	1091.978
829.48438	1081.4773
829.49628	1073.9233
829.50824	1057.4568
829.52014	1035.2664
829.5321	1026.7185
829.54407	1021.1498
829.55597	1014.0459
829.56793	1002.6846
829.57983	1003.9504
829.5918	996.87506
829.6037	984.54657
829.61566	986.31384
829.62762	983.41522
829.63953	971.3313
829.65149	969.91541
829.66339	968.37109
829.67535	963.98083
829.68726	959.34247
829.69922	960.70251
829.71112	951.20325
829.72308	953.23822
829.73505	948.48773
829.74695	948.30115
829.75891	941.22198
829.77081	941.63477
829.78278	934.26141
829.79468	936.94891
829.80664	935.75366
829.81854	934.68048
829.83051	932.66754
829.84247	928.92596
829.85437	925.76569
829.86633	928.73779
829.87823	921.33685
829.8902	923.01385
829.9021	923.11316
829.91406	915.64313
829.92603	912.7207
829.93793	912.12262
829.94989	915.13861
829.96179	913.72107
829.97375	911.72186
829.98566	913.28088
829.99762	909.1781
830.00952	909.25916
830.02148	907.3526
830.03345	908.52545
830.04535	908.95428
830.05731	908.49774
830.06921	903.93524
830.08118	903.34583
830.09308	903.74261
830.10504	901.51825
830.11694	902.60309
830.12891	902.65332
830.14087	899.8667
830.15277	899.05371
830.16473	900.3205
830.17664	898.79309
830.1886	898.63348
830.2005	894.00439
830.21246	891.94952
830.22443	898.36591
830.23633	895.82776
830.24829	896.49963
830.26019	892.90753
830.27216	896.28174
830.28406	894.09772
830.29602	892.10474
830.30792	891.24585
830.31989	888.96844
830.33185	890.21722
830.34375	890.14618
830.35571	890.26874
830.36761	889.16895
830.37958	886.81134
830.39148	888.1709
830.40344	888.30048
830.41534	888.79474
830.42731	888.79791
830.43927	886.42279
830.45117	886.31366
830.46313	885.71429
830.47504	883.29718
830.487	884.75525
830.4989	885.9101
830.51086	886.81958
830.52283	885.17957
830.53473	885.66553
830.54669	882.14569
830.55859	882.63464
830.57056	881.97876
830.58246	882.17188
830.59442	882.96155
830.60632	882.7439
830.61829	883.33954
830.63025	884.15771
830.64215	885.28204
830.65411	884.33929
830.66602	883.04657
830.67798	883.01697
830.68988	879.12494
830.70184	880.48132
830.71375	883.276
830.72571	882.79303
830.73767	882.62531
830.74957	882.31726
830.76154	882.04272
830.77344	883.90204
830.7854	879.48138
830.7973	880.45221
830.80927	882.14014
830.82123	881.97205
830.83313	879.04358
830.84509	879.85712
830.85699	878.15436
830.86896	878.76086
830.88086	878.77551
830.89282	880.25568
830.90472	880.77771
830.91669	881.28107
830.92865	880.36768
830.94055	878.46326
830.95251	877.75
830.96442	878.60815
830.97638	878.41846
830.98828	879.2818
831.00024	878.5932
831.01215	876.7301
831.02411	874.42511
831.03607	875.22955
831.04797	880.37286
831.05994	880.03357
831.07184	878.94324
831.0838	877.88208
831.0957	878.8844
831.10767	878.37286
831.11963	881.14801
831.13153	878.46606
831.14349	877.21295
831.1554	873.50812
831.16736	877.99799
831.17926	876.56598
831.19122	876.12415
831.20313	877.62238
831.21509	877.00195
831.22705	875.85065
831.23895	877.67163
831.25092	876.00171
831.26282	875.26666
831.27478	875.80597
831.28668	875.25616
831.29865	875.11694
831.31055	875.20038
831.32251	875.07343
831.33447	874.17273
831.34637	875.73969
831.35834	877.40228
831.37024	875.58386
831.3822	874.92017
831.3941	874.80896
831.40607	873.79016
831.41803	874.17157
831.42993	874.88916
831.44189	873.51996
831.4538	875.17993
831.46576	874.35803
831.47766	874.1579
831.48962	873.57074
831.50153	873.71246
831.51349	874.17316
831.52545	873.8559
831.53735	876.18805
831.54932	876.70984
831.56122	875.61029
831.57318	872.9129
831.58508	876.63873
831.59705	874.64282
831.60895	875.26587
831.62091	876.00366
831.63287	874.84772
831.64478	873.9057
831.65674	873.09375
831.66864	873.75403
831.6806	872.66656
831.6925	873.46515
831.70447	871.35352
831.71637	872.51837
831.72833	874.00635
831.7403	874.45349
831.7522	875.47791
831.76416	871.73346
831.77606	873.57532
831.78802	873.14478
831.79993	875.18286
831.81189	875.10437
831.82385	875.7829
831.83575	872.73932
831.84772	874.62311
831.85962	874.12036
831.87158	875.59924
831.88348	875.54797
831.89545	874.85498
831.90735	872.68512
831.91931	874.33337
831.93127	872.88092
831.94318	871.31592
831.95514	871.70874
831.96704	872.58899
831.979	873.39691
831.99091	871.59198
832.00287	872.53687
832.01477	872.89642
832.02673	870.36115
832.0387	873.51855
832.0506	870.88477
832.06256	869.91498
832.07446	873.63873
832.08643	874.11169
832.09833	872.99384
832.11029	872.87555
832.12225	872.71454
832.13416	871.21863
832.14612	870.39172
832.15802	872.76123
832.16998	871.55481
832.18188	872.29425
832.19385	870.69666
832.20575	874.17102
832.21771	874.72406
832.22968	870.98523
832.24158	872.39709
832.25354	870.11322
832.26544	871.47363
832.2774	871.44116
832.28931	873.38055
832.30127	871.83862
832.31317	872.76337
832.32513	871.22827
832.3371	872.49365
832.349	870.53601
832.36096	870.30139
832.37286	871.15643
832.38483	870.91455
832.39673	870.43542
832.40869	872.04156
832.42065	871.14972
832.43256	871.28589
832.44452	871.5741
832.45642	870.20532
832.46838	871.95319
832.48029	868.79547
832.49225	868.90698
832.50415	868.92078
832.51611	870.85114
832.52808	869.46118
832.53998	871.57538
832.55194	871.26227
832.56384	870.78986
832.57581	871.46484
832.58771	871.24091
832.59967	871.64392
832.61157	871.36914
832.62354	870.38556
832.6355	871.11707
832.6474	870.19885
832.65936	870.07483
832.67126	869.7832
832.68323	871.71863
832.69513	871.85724
832.70709	870.7467
832.71906	871.24884
832.73096	871.68225
832.74292	871.25354
832.75482	868.99481
832.76678	869.85864
832.77869	871.14948
832.79065	871.3667
832.80255	869.60138
832.81451	869.61951
832.82648	870.99036
832.83838	870.99976
832.85034	868.61609
832.86224	869.67517
832.87421	869.51746
832.88611	868.77698
832.89807	870.7558
832.90997	869.448
832.92194	869.44989
832.9339	871.11945
832.9458	871.11902
832.95776	869.8479
832.96967	869.1853
832.98163	869.42926
832.99353	871.7536
833.00549	871.00909
833.01746	870.50421
833.02936	870.28522
833.04132	870.41211
833.05322	870.02856
833.06519	870.7262
833.07709	869.87238
833.08905	871.17047
833.10095	870.4743
833.11292	869.74573
833.12488	870.6272
833.13678	869.97034
833.14874	867.14532
833.16064	869.46063
833.17261	870.1897
833.18451	869.05054
833.19647	868.70959
833.20837	869.79303
833.22034	870.65472
833.2323	869.6001
833.2442	870.58368
833.25616	869.27411
833.26807	867.54895
833.28003	870.70618
833.29193	869.91498
833.30389	869.26965
833.31586	868.89423
833.32776	869.20062
833.33972	870.35455
833.35162	870.4953
833.36359	868.87842
833.37549	868.25873
833.38745	869.2442
833.39935	870.133
833.41132	870.88934
833.42328	870.60858
833.43518	869.38934
833.44714	870.8089
833.45905	870.80017
833.47101	868.3432
833.48291	869.3855
833.49487	869.71002
833.50677	870.37799
833.51874	869.11493
833.5307	869.94043
833.5426	872.51721
833.55457	870.39063
833.56647	868.02136
833.57843	867.15906
833.59033	869.48206
833.60229	870.36371
833.61426	870.45709
833.62616	869.76849
833.63812	868.78796
833.65002	870.42108
833.66199	869.39575
833.67389	869.59125
833.68585	868.50409
833.69775	868.69543
833.70972	870.23993
833.72168	868.93903
833.73358	868.21832
833.74554	870.89325
833.75745	867.89557
833.76941	869.69928
833.78131	869.42126
833.79327	867.55652
833.80518	869.19031
833.81714	870.69543
833.8291	870.63922
833.841	868.90466
833.85297	868.32452
833.86487	869.02692
833.87683	869.59558
833.88873	870.12079
833.9007	868.09967
833.91266	869.13214
833.92456	869.57092
833.93652	869.43903
833.94843	869.54907
833.96039	868.4101
833.97229	868.90076
833.98425	868.69849
833.99615	869.0824
834.00812	870.26532
834.02008	870.23279
834.03198	868.1557
834.04395	867.3833
834.05585	866.56555
834.06781	869.46741
834.07971	870.21063
834.09167	870.71588
834.10358	871.16815
834.11554	868.69879
834.1275	868.80017
834.1394	870.28253
834.15137	869.35321
834.16327	869.72626
834.17523	871.60425
834.18713	871.22095
834.1991	871.68463
834.211	868.28687
834.22296	868.12054
834.23492	868.35565
834.24683	868.30963
834.25879	871.08759
834.27069	868.89941
834.28265	870.03864
834.29456	871.20123
834.30652	868.81488
834.31848	869.67035
834.33038	869.39343
834.34235	869.76349
834.35425	869.30634
834.36621	869.03265
834.37811	869.27087
834.39008	868.84076
834.40198	869.60999
834.41394	867.83441
834.4259	867.87946
834.43781	868.789
834.44977	867.89679
834.46167	868.28015
834.47363	868.72644
834.48553	871.07214
834.4975	870.60541
834.5094	869.84833
834.52136	868.08234
834.53333	871.02386
834.54523	868.01019
834.55719	870.08411
834.56909	872.71356
834.58105	868.06299
834.59296	870.09387
834.60492	867.20282
834.61688	869.8725
834.62878	869.56964
834.64075	868.24884
834.65265	868.8634
834.66461	868.73981
834.67651	866.77216
834.68848	868.45416
834.70038	869.02661
834.71234	870.6037
834.7243	869.08136
834.73621	870.21173
834.74817	869.78625
834.76007	870.22607
834.77203	869.78839
834.78394	868.63068
834.7959	868.95264
834.8078	868.57153
834.81976	869.34235
834.83173	868.86542
834.84363	869.27954
834.85559	867.63574
834.86749	869.9751
834.87946	870.25879
834.89136	869.76837
834.90332	870.19043
834.91528	870.78424
834.92719	869.89117
834.93915	868.08417
834.95105	867.54047
834.96301	868.24927
834.97491	868.47894
834.98688	869.11011
834.99878	869.49176
835.01074	867.94208
835.02271	867.88293
835.03461	869.14465
835.04657	869.08667
835.05847	868.19617
835.07043	868.14117
835.08234	867.68469
835.0943	865.23126
835.1062	870.5119
835.11816	868.52612
835.13013	867.79321
835.14203	869.31995
835.15399	868.49536
835.16589	866.68054
835.17786	869.12445
835.18976	868.51178
835.20172	868.89929
835.21368	868.78314
835.22559	867.58038
835.23755	868.40942
835.24945	868.90454
835.26141	867.88776
835.27332	869.45081
835.28528	869.30634
835.29718	866.52246
835.30914	868.0083
835.32111	868.51453
835.33301	869.14441
835.34497	869.72504
835.35687	869.19012
835.36884	869.87506
835.38074	868.26886
835.3927	870.06433
835.4046	870.7099
835.41656	868.63898
835.42853	870.11774
835.44043	868.51074
835.45239	867.55475
835.46429	868.13818
835.47626	869.41931
835.48816	868.02368
835.50012	867.12921
835.51208	868.50574
835.52399	868.99164
835.53595	868.73151
835.54785	869.49976
835.55981	869.32404
835.57172	872.09033
835.58368	870.57526
835.59558	870.48071
835.60754	867.82361
835.61951	866.38873
835.63141	867.26654
835.64337	869.53979
835.65527	870.38898
835.66724	868.00867
835.67914	869.5672
835.6911	871.49628
835.703	870.14587
835.71497	870.64532
835.72693	871.73584
835.73883	871.03607
835.75079	870.49231
835.7627	867.22961
835.77466	867.51465
835.78656	865.82635
835.79852	868.7597
835.81049	869.33734
835.82239	869.37799
835.83435	870.23413
835.84625	868.16125
835.85822	869.73553
835.87012	864.71417
835.88208	869.35266
835.89398	870.2478
835.90594	869.15662
835.91791	869.0788
835.92981	868.36145
835.94177	866.93817
835.95367	869.78082
835.96564	870.05145
835.97754	871.21899
835.9895	871.6673
836.0014	868.52954
836.01337	870.02954
836.02533	870.27362
836.03723	870.3078
836.04919	872.12079
836.0611	870.71082
836.07306	869.0871
836.08496	868.76245
836.09692	867.81635
836.10889	870.28876
836.12079	868.67584
836.13275	871.8949
836.14465	869.0271
836.15662	866.7149
836.16852	868.35352
836.18048	871.59607
836.19238	871.90161
836.20435	869.47638
836.21631	870.14093
836.22821	869.36194
836.24017	869.3844
836.25208	869.21399
836.26404	868.16229
836.27594	869.22272
836.2879	868.94373
836.2998	869.21863
836.31177	870.71332
836.32373	869.77979
836.33563	869.6463
836.3476	869.90582
836.3595	867.34222
836.37146	871.26184
836.38336	867.95441
836.39532	868.77246
836.40729	868.01727
836.41919	867.99426
836.43115	870.47614
836.44305	868.19409
836.45502	870.8092
836.46692	871.00952
836.47888	871.81616
836.49078	870.3562
836.50275	868.11377
836.51471	867.55591
836.52661	868.16711
836.53857	869.31055
836.55048	869.76343
836.56244	869.31885
836.57434	870.82935
836.5863	869.31744
836.59821	868.60046
836.61017	869.5426
836.62213	869.02264
836.63403	870.59137
836.646	870.18713
836.6579	870.06006
836.66986	869.58777
836.68176	869.85913
836.69373	870.71826
836.70563	870.85901
836.71759	868.09906
836.72955	870.31848
836.74146	867.42242
836.75342	871.23199
836.76532	869.41443
836.77728	866.6792
836.78918	869.5697
836.80115	868.88745
836.81311	868.13525
836.82501	868.17603
836.83698	867.80499
836.84888	868.73315
836.86084	869.46448
836.87274	869.4682
836.8847	869.85095
836.89661	869.93304
836.90857	869.71753
836.92053	869.22577
836.93243	867.59729
836.9444	867.46826
836.9563	870.40411
836.96826	870.80212
836.98016	872.38965
836.99213	870.85559
837.00403	866.61981
837.01599	866.19342
837.02795	870.18085
837.03986	868.29083
837.05182	867.34387
837.06372	868.76727
837.07568	869.62024
837.08759	869.83167
837.09955	868.51196
837.11151	869.31097
837.12341	869.39008
837.13538	869.91681
837.14728	871.14819
837.15924	867.73975
837.17114	867.57538
837.18311	870.38702
837.19501	868.2489
837.20697	869.86298
837.21893	870.56097
837.23083	868.47388
837.2428	869.66852
837.2547	869.63641
837.26666	868.81097
837.27856	868.38977
837.29053	869.71881
837.30243	870.78101
837.31439	872.38654
837.32635	870.22693
837.33826	868.97992
837.35022	867.3913
837.36212	866.81378
837.37408	869.99524
837.38599	870.71472
837.39795	870.22687
837.40991	870.53223
837.42181	866.81702
837.43378	869.75116
837.44568	869.57977
837.45764	869.83655
837.46954	867.69202
837.48151	870.96283
837.49341	871.42078
837.50537	869.94159
837.51733	867.35242
837.52924	869.61462
837.5412	866.84479
837.5531	868.45984
837.56506	870.14703
837.57697	869.41077
837.58893	872.28455
837.60083	871.05084
837.61279	868.74701
837.62476	868.28827
837.63666	870.79114
837.64862	870.22626
837.66052	869.98883
837.67249	869.56995
837.68439	869.54449
837.69635	869.80768
837.70831	868.97626
837.72021	868.88721
837.73218	870.07056
837.74408	869.78656
837.75604	868.95685
837.76794	869.06866
837.77991	871.35596
837.79181	869.10388
837.80377	869.89661
837.81573	872.58319
837.82764	870.8736
837.8396	869.29022
837.8515	870.76208
837.86346	872.021
837.87537	869.13293
837.88733	870.99921
837.89923	873.53943
837.91119	868.76355
837.92316	867.11853
837.93506	869.15131
837.94702	869.42932
837.95892	871.27289
837.97089	870.01886
837.98279	871.08435
837.99475	870.5246
838.00671	869.32373
838.01862	873.5968
838.03058	869.8512
838.04248	870.87085
838.05444	871.62994
838.06635	869.63806
838.07831	870.87671
838.09021	872.01575
838.10217	871.37659
838.11414	871.63794
838.12604	869.87323
838.138	873.28851
838.1499	869.95374
838.16187	864.51843
838.17377	872.03845
838.18573	869.16779
838.19763	870.14142
838.20959	871.60272
838.22156	871.85138
838.23346	872.32855
838.24542	872.80609
838.25732	872.52679
838.26929	871.08215
838.28119	871.51013
838.29315	871.14923
838.30511	871.19507
838.31702	871.21265
838.32898	868.75507
838.34088	868.20831
838.35284	872.02411
838.36475	871.45892
838.37671	867.34906
838.38861	868.63531
838.40057	872.8692
838.41254	871.06012
838.42444	869.32928
838.4364	871.60999
838.4483	871.55438
838.46027	868.75903
838.47217	869.76508
838.48413	869.92365
838.49603	870.36371
838.508	868.65875
838.51996	872.15594
838.53186	866.64563
838.54382	876.16296
838.55573	872.70007
838.56769	869.47986
838.57959	870.95581
838.59155	869.14111
838.60352	870.84943
838.61542	870.34357
838.62738	869.91547
838.63928	871.69019
838.65125	874.58691
838.66315	874.66638
838.67511	866.0127
838.68701	873.51447
838.69897	871.48633
838.71094	868.48645
838.72284	870.24915
838.7348	873.05249
838.7467	871.81934
838.75867	872.17145
838.77057	869.63647
838.78253	870.23688
838.79443	868.12036
838.8064	867.32776
838.81836	870.70587
838.83026	869.20502
838.84222	870.85498
838.85413	870.53931
838.86609	868.52075
838.87799	870.76874
838.88995	871.1427
838.90186	868.58154
838.91382	869.88251
838.92578	871.37054
838.93768	869.82727
838.94965	867.86401
838.96155	870.48151
838.97351	873.00433
838.98541	871.67242
838.99738	871.23889
839.00934	871.75269
839.02124	868.93579
839.0332	868.27142
839.0451	872.79462
839.05707	869.01453
839.06897	864.26556
839.08093	864.31921
839.09283	868.11548
839.1048	870.36908
839.11676	871.12805
839.12866	871.60791
839.14063	871.83417
839.15253	872.07751
839.16449	870.2312
839.17639	872.61981
839.18835	871.67389
839.20026	867.62939
839.21222	867.42041
839.22418	867.86182
839.23608	872.11853
839.24805	871.89008
839.25995	872.18323
839.27191	869.42041
839.28381	868.9646
839.29578	869.78064
839.30774	871.25299
839.31964	868.03882
839.3316	870.03149
839.34351	869.75116
839.35547	871.20911
839.36737	872.95081
839.37933	870.93152
839.39124	869.06683
839.4032	866.99432
839.41516	870.20453
839.42706	872.42041
839.43903	873.37903
839.45093	873.09784
839.46289	871.38318
839.47479	870.15265
839.48676	868.0036
839.49866	868.26563
839.51062	869.28918
839.52258	872.06323
839.53448	869.40118
839.54645	866.77124
839.55835	869.92706
839.57031	866.57635
839.58221	870.70416
839.59418	870.59955
839.60614	869.87939
839.61804	869.88702
839.63	870.02832
839.64191	868.37311
839.65387	868.05664
839.66577	869.93018
839.67773	866.76013
839.68964	868.39233
839.7016	863.66351
839.71356	867.27997
839.72546	867.28027
839.73743	871.31671
839.74933	871.62329
839.76129	869.30835
839.77319	869.33368
839.78516	869.5329
839.79706	868.37384
839.80902	868.172
839.82098	866.76544
839.83289	870.93036
839.84485	870.43854
839.85675	869.55762
839.86871	872.17719
839.88062	873.92957
839.89258	871.25647
839.90454	868.05292
839.91644	867.86591
839.92841	870.5119
839.94031	873.02045
839.95227	871.38574
839.96417	868.91132
839.97614	869.95074
839.98804	868.65979
840	869.82117
