800.14166	873.65948
800.1535	874.51349
800.16528	872.88208
800.17712	872.14453
800.1889	872.49304
800.20068	873.43201
800.21252	872.19806
800.2243	872.68665
800.23615	877.60223
800.24792	875.24817
800.25977	874.02307
800.27155	872.50128
800.28333	873.28448
800.29517	875.44482
800.30695	876.88257
800.31879	877.9295
800.33057	877.10022
800.34241	874.40594
800.35419	874.35657
800.36603	873.56537
800.37781	874.4873
800.38959	872.61774
800.40143	872.99982
800.41321	872.13959
800.42505	876.33356
800.43683	876.31946
800.44867	874.26807
800.46045	874.31
800.47223	875.48987
800.48407	873.96478
800.49585	872.95197
800.50769	875.13879
800.51947	876.60126
800.53131	875.48315
800.54309	874.68158
800.55487	874.07288
800.56671	874.18689
800.57849	873.04651
800.59033	874.82593
800.60211	878.49518
800.61395	873.38818
800.62573	875.99829
800.63757	876.84674
800.64935	876.42871
800.66113	875.27148
800.67297	874.77313
800.68475	874.04944
800.69659	872.79443
800.70837	872.6026
800.72021	874.12976
800.73199	875.40222
800.74377	875.14941
800.75562	875.06323
800.7674	872.37299
800.77924	874.11926
800.79102	874.3053
800.80286	876.21771
800.81464	875.07269
800.82642	874.23804
800.83826	875.78204
800.85004	875.37091
800.86188	875.39966
800.87366	874.99969
800.8855	875.54315
800.89728	876.35602
800.90912	876.26813
800.9209	875.04266
800.93268	874.89502
800.94452	876.73285
800.9563	873.79095
800.96814	875.30804
800.97992	872.06329
800.99176	873.6236
801.00354	874.88165
801.01532	873.7663
801.02716	876.89429
801.03894	873.37433
801.05078	874.90729
801.06256	875.89758
801.0744	875.18524
801.08618	876.19281
801.09802	875.66748
801.1098	872.90845
801.12158	872.27258
801.13342	874.54578
801.1452	876.02209
801.15704	875.64459
801.16882	876.24609
801.18066	873.30688
801.19244	874.67212
801.20422	874.13251
801.21606	876.20282
801.22784	872.17657
801.23969	875.41522
801.25146	875.21063
801.26331	872.50287
801.27509	873.4881
801.28687	874.38019
801.29871	873.84833
801.31049	876.22321
801.32233	877.48877
801.33411	875.04694
801.34595	875.12958
801.35773	877.66791
801.36957	877.55286
801.38135	875.26801
801.39313	875.2876
801.40497	875.54651
801.41675	874.24963
801.42859	875.57037
801.44037	876.35779
801.45221	874.10516
801.46399	873.96533
801.47577	874.92163
801.48761	877.99133
801.49939	878.29437
801.51123	875.25543
801.52301	873.16754
801.53485	874.20709
801.54663	875.31128
801.55847	874.01593
801.57025	870.97662
801.58203	868.789
801.59387	874.98596
801.60565	874.02148
801.61749	875.87238
801.62927	873.06146
801.64111	873.74677
801.65289	875.1413
801.66467	875.41583
801.67651	873.03003
801.68829	873.33264
801.70013	875.93115
801.71191	874.27399
801.72375	874.33655
801.73553	873.28046
801.74731	872.61627
801.75916	873.51569
801.77094	873.35406
801.78278	875.10187
801.79456	876.01532
801.8064	872.88593
801.81818	873.88281
801.83002	873.71765
801.8418	874.91077
801.85358	874.33508
801.86542	873.11731
801.8772	872.4541
801.88904	872.15118
801.90082	873.12726
801.91266	876.9339
801.92444	876.47711
801.93622	875.80481
801.94806	875.25751
801.95984	873.90875
801.97168	872.79675
801.98346	873.79083
801.9953	874.8811
802.00708	873.29614
802.01886	873.34833
802.0307	873.86761
802.04248	872.73145
802.05432	874.64636
802.0661	873.88641
802.07794	876.25757
802.08972	872.47595
802.10156	874.33636
802.11334	876.29584
802.12512	875.93549
802.13696	872.55884
802.14874	870.96869
802.16058	874.02509
802.17236	876.31586
802.1842	873.78741
802.19598	872.98248
802.20776	874.80084
802.2196	874.59509
802.23138	874.73169
802.24323	875.03845
802.255	874.53235
802.26685	873.31696
802.27863	875.01575
802.29047	875.89661
802.30225	875.70746
802.31403	874.4624
802.32587	874.03827
802.33765	874.32471
802.34949	873.09064
802.36127	876.75183
802.37311	875.46948
802.38489	873.20007
802.39667	875.26581
802.40851	877.27435
802.42029	874.95667
802.43213	874.66388
802.44391	876.25482
802.45575	874.16077
802.46753	874.26355
802.47931	875.25415
802.49115	873.83453
802.50293	874.4494
802.51477	873.1073
802.52655	873.43304
802.53839	873.27484
802.55017	872.9599
802.56201	876.61841
802.57379	876.77039
802.58557	877.74249
802.59741	876.55939
802.60919	875.14386
802.62103	875.16742
802.63281	874.53894
802.64465	875.81958
802.65643	876.18146
802.66821	874.5545
802.68005	874.70459
802.69183	875.5108
802.70367	875.36169
802.71545	875.76953
802.72729	876.15881
802.73907	875.67053
802.75092	877.93396
802.7627	875.07257
802.77448	875.57257
802.78632	875.57422
802.7981	874.97534
802.80994	876.65955
802.82172	874.89856
802.83356	877.11102
802.84534	878.90137
802.85712	876.30853
802.86896	876.67712
802.88074	877.08453
802.89258	876.83099
802.90436	876.37183
802.9162	875.79724
802.92798	876.36761
802.93976	876.03235
802.9516	875.49445
802.96338	874.87305
802.97522	873.86261
802.987	875.78387
802.99884	874.9176
803.01062	875.13196
803.02246	878.36499
803.03424	874.68573
803.04602	874.3833
803.05786	876.87775
803.06964	875.30896
803.08148	874.98596
803.09326	875.78662
803.1051	873.92401
803.11688	874.51282
803.12866	877.11359
803.1405	875.81177
803.15228	873.36108
803.16412	872.73114
803.1759	874.07629
803.18774	877.70728
803.19952	876.76196
803.2113	875.43134
803.22314	874.48206
803.23492	872.38654
803.24677	873.75323
803.25854	877.83575
803.27039	878.0061
803.28217	873.32532
803.29401	875.00732
803.30579	874.94855
803.31757	874.16809
803.32941	874.85675
803.34119	875.97211
803.35303	876.8653
803.36481	876.32074
803.37665	874.79218
803.38843	874.2959
803.40021	874.54504
803.41205	874.90924
803.42383	875.92188
803.43567	876.47205
803.44745	875.87531
803.45929	875.59619
803.47107	874.65271
803.48291	875.88214
803.49469	876.67682
803.50647	877.09058
803.51831	874.74445
803.53009	876.66516
803.54193	872.99005
803.55371	875.44269
803.56555	875.53406
803.57733	875.14026
803.58911	874.93768
803.60095	875.02783
803.61273	873.21545
803.62457	874.54572
803.63635	877.46423
803.64819	876.89508
803.65997	875.14569
803.67175	876.53503
803.68359	876.2724
803.69537	874.26801
803.70721	874.61823
803.71899	876.68335
803.73083	876.55658
803.74261	877.8457
803.75446	876.13971
803.76624	874.58435
803.77802	873.55426
803.78986	874.8316
803.80164	874.91589
803.81348	874.34045
803.82526	875.09503
803.8371	877.99677
803.84888	875.96783
803.86066	875.74963
803.8725	875.2641
803.88428	875.2699
803.89612	875.79938
803.9079	876.06464
803.91974	875.31921
803.93152	875.62933
803.94336	877.10852
803.95514	877.18457
803.96692	875.27631
803.97876	875.13678
803.99054	875.37354
804.00238	873.22986
804.01416	876.71082
804.026	875.59747
804.03778	875.4787
804.04956	876.83325
804.0614	874.58667
804.07318	875.97168
804.08502	873.15771
804.0968	874.44812
804.10864	875.24146
804.12042	874.74615
804.1322	873.37317
804.14404	873.62585
804.15582	875.34961
804.16766	876.10992
804.17944	878.02917
804.19128	877.41388
804.20306	873.82159
804.2149	874.16058
804.22668	874.43329
804.23846	876.00757
804.25031	876.57355
804.26208	875.73346
804.27393	875.05884
804.28571	876.06329
804.29755	874.4212
804.30933	876.13739
804.32111	873.73041
804.33295	877.49731
804.34473	874.38635
804.35657	875.0481
804.36835	874.94379
804.38019	874.03156
804.39197	877.79663
804.40375	878.48218
804.41559	876.2843
804.42737	876.7262
804.43921	876.52039
804.45099	876.58685
804.46283	875.52899
804.47461	874.31262
804.48645	874.29315
804.49823	873.92694
804.51001	873.84644
804.52185	875.41943
804.53363	875.84595
804.54547	875.90839
804.55725	874.88708
804.56909	875.612
804.58087	875.18475
804.59265	876.10254
804.60449	875.79462
804.61627	873.14313
804.62811	877.12817
804.63989	877.76428
804.65173	876.2713
804.66351	875.41388
804.67535	876.45404
804.68713	876.47833
804.69891	876.73657
804.71075	875.30316
804.72253	875.87817
804.73438	876.39471
804.74615	875.70392
804.758	876.62469
804.76978	878.02185
804.78156	877.67731
804.7934	876.7038
804.80518	876.24939
804.81702	875.39496
804.8288	873.98767
804.84064	874.8208
804.85242	874.52905
804.8642	875.48419
804.87604	874.16315
804.88782	876.82623
804.89966	876.53973
804.91144	877.46051
804.92328	876.45856
804.93506	874.58972
804.9469	876.33667
804.95868	874.92548
804.97046	876.03296
804.9823	874.94873
804.99408	875.68182
805.00592	874.61768
805.0177	875.23578
805.02954	876.37128
805.04132	876.40198
805.0531	875.68805
805.06494	876.03973
805.07672	876.32782
805.08856	875.78711
805.10034	876.63733
805.11218	876.27411
805.12396	876.56689
805.1358	877.97559
805.14758	875.63141
805.15936	875.78638
805.1712	876.52698
805.18298	875.50854
805.19482	875.83044
805.2066	875.33093
805.21844	875.41888
805.23022	874.81812
805.242	876.1955
805.25385	875.90442
805.26563	875.79657
805.27747	876.92767
805.28925	877.91724
805.30109	875.91669
805.31287	876.67688
805.32465	875.27747
805.33649	875.79395
805.34827	875.67871
805.36011	876.49164
805.37189	875.03229
805.38373	874.20605
805.39551	875.86395
805.40735	876.61694
805.41913	875.99756
805.43091	874.12701
805.44275	874.21167
805.45453	874.7547
805.46637	876.97125
805.47815	874.71765
805.48999	873.05127
805.50177	874.20227
805.51355	874.80371
805.52539	876.57391
805.53717	874.6507
805.54901	875.17761
805.56079	877.73273
805.57263	876.62671
805.58441	875.69745
805.59625	874.32227
805.60803	874.01569
805.61981	876.2829
805.63165	875.74506
805.64343	876.67908
805.65527	875.85101
805.66705	876.8244
805.67889	877.38593
805.69067	877.99829
805.70245	876.01685
805.71429	874.60413
805.72607	875.04205
805.73792	875.29749
805.74969	874.65894
805.76154	875.50403
805.77332	877.46509
805.7851	877.27509
805.79694	876.33966
805.80872	874.48706
805.82056	876.48981
805.83234	876.1911
805.84418	875.91772
805.85596	875.36945
805.8678	874.69666
805.87958	876.13635
805.89136	877.04211
805.9032	874.42725
805.91498	878.06543
805.92682	875.50464
805.9386	875.55469
805.95044	876.01251
805.96222	877.04596
805.974	875.0321
805.98584	874.27783
805.99762	875.7818
806.00946	876.69214
806.02124	876.64398
806.03308	876.90497
806.04486	876.83643
806.05664	876.12567
806.06848	876.22003
806.08026	876.65363
806.0921	875.94482
806.10388	875.00519
806.11572	875.6651
806.1275	876.94531
806.13934	875.42865
806.15112	874.96082
806.1629	875.44287
806.17474	877.40833
806.18652	874.85931
806.19836	876.13177
806.21014	874.34216
806.22198	875.90497
806.23376	874.96326
806.24554	878.14899
806.25739	878.52014
806.26917	874.12042
806.28101	875.37933
806.29279	875.54822
806.30463	877.24445
806.31641	876.79004
806.32825	873.84167
806.34003	875.42017
806.35181	876.29041
806.36365	876.70453
806.37543	877.57684
806.38727	878.29169
806.39905	877.24927
806.41089	875.09393
806.42267	875.39563
806.43445	876.29266
806.44629	876.27386
806.45807	877.8161
806.46991	876.74213
806.48169	876.34509
806.49353	877.1123
806.50531	878.00391
806.51709	876.013
806.52893	876.55371
806.54071	873.26953
806.55255	874.5473
806.56433	876.0553
806.57617	877.32251
806.58795	875.36621
806.59979	875.6084
806.61157	877.95337
806.62335	876.54034
806.63519	875.67804
806.64697	876.10669
806.65881	877.21246
806.67059	876.57532
806.68243	875.57074
806.69421	875.14063
806.70599	875.43262
806.71783	874.48792
806.72961	876.09509
806.74146	877.33795
806.75323	875.37103
806.76508	876.67529
806.77686	876.1637
806.7887	875.33344
806.80048	876.41925
806.81226	877.15582
806.8241	875.46204
806.83588	875.14752
806.84772	877.28418
806.8595	877.55865
806.87134	875.41766
806.88312	874.45209
806.8949	875.74432
806.90674	874.5481
806.91852	874.47095
806.93036	874.92181
806.94214	875.63318
806.95398	876.60858
806.96576	875.86023
806.97754	875.37958
806.98938	875.15784
807.00116	875.36304
807.013	877.95996
807.02478	876.9187
807.03662	875.53168
807.0484	875.22424
807.06024	877.45081
807.07202	876.047
807.0838	874.91718
807.09564	875.00977
807.10742	874.64978
807.11926	875.63129
807.13104	874.6568
807.14288	874.78784
807.15466	876.67456
807.16644	875.94482
807.17828	877.92596
807.19006	876.87451
807.2019	876.47937
807.21368	877.81573
807.22552	878.07941
807.2373	876.32654
807.24908	875.25397
807.26093	875.83405
807.27271	876.41003
807.28455	876.72595
807.29633	877.30316
807.30817	877.11353
807.31995	875.78265
807.33179	875.8728
807.34357	876.0163
807.35535	876.81781
807.36719	875.41614
807.37897	875.54425
807.39081	878.3468
807.40259	875.20581
807.41443	875.30835
807.42621	876.82867
807.43799	878.19965
807.44983	877.17279
807.46161	876.72412
807.47345	877.31976
807.48523	876.30383
807.49707	876.96246
807.50885	877.21851
807.52069	877.56555
807.53247	876.46979
807.54425	876.27258
807.55609	876.34973
807.56787	875.39886
807.57971	875.45892
807.59149	875.65259
807.60333	877.62
807.61511	876.7583
807.62689	875.92773
807.63873	875.94495
807.65051	876.50714
807.66235	877.21545
807.67413	876.74347
807.68597	876.15906
807.69775	876.30139
807.70953	877.96814
807.72137	877.67236
807.73315	876.73804
807.745	875.42096
807.75677	876.39557
807.76862	876.55322
807.7804	874.61353
807.79224	876.56586
807.80402	876.91809
807.8158	876.26007
807.82764	877.85339
807.83942	877.80225
807.85126	875.7536
807.86304	877.1593
807.87488	875.86877
807.88666	878.70233
807.89844	876.29657
807.91028	876.62457
807.92206	876.49261
807.9339	875.69012
807.94568	875.8941
807.95752	875.52979
807.9693	875.76746
807.98114	876.70648
807.99292	876.08936
808.0047	875.22729
808.01654	875.15375
808.02832	875.32874
808.04016	876.08344
808.05194	876.99432
808.06378	878.05701
808.07556	877.08093
808.08734	877.05511
808.09918	876.86273
808.11096	877.30396
808.1228	876.87061
808.13458	874.19275
808.14642	876.34052
808.1582	876.42352
808.16998	877.26514
808.18182	875.32489
808.1936	876.52496
808.20544	877.31659
808.21722	875.75055
808.22906	874.1225
808.24084	875.33704
808.25269	876.99518
808.26447	877.78955
808.27625	877.46326
808.28809	875.62415
808.29987	874.57574
808.31171	875.74402
808.32349	876.76239
808.33533	874.25366
808.34711	874.32275
808.35889	877.75
808.37073	877.53906
808.38251	876.65881
808.39435	877.14038
808.40613	875.96222
808.41797	876.88257
808.42975	877.49561
808.44153	876.93848
808.45337	875.72589
808.46515	875.50433
808.47699	875.5293
808.48877	877.0022
808.50061	877.8678
808.51239	877.9021
808.52423	877.302
808.53601	877.46814
808.54779	876.67413
808.55963	875.54376
808.57141	877.05267
808.58325	877.0119
808.59503	876.54816
808.60687	875.94452
808.61865	876.32086
808.63043	875.77118
808.64227	876.09814
808.65405	876.8255
808.66589	877.25476
808.67767	877.31561
808.68951	876.46338
808.70129	876.82465
808.71313	877.03424
808.72491	876.40204
808.73669	876.92255
808.74854	877.42548
808.76031	876.83185
808.77216	875.55975
808.78394	875.61395
808.79578	877.76013
808.80756	877.18195
808.81934	877.71362
808.83118	877.46112
808.84296	877.41461
808.8548	877.32758
808.86658	878.17322
808.87842	877.92108
808.8902	876.57288
808.90198	877.16467
808.91382	876.57727
808.9256	876.12219
808.93744	877.40753
808.94922	877.29993
808.96106	879.23718
808.97284	877.22876
808.98468	879.47009
808.99646	876.85388
809.00824	878.17267
809.02008	878.96185
809.03186	876.94843
809.0437	876.9884
809.05548	879.0379
809.06732	877.03516
809.0791	877.12469
809.09088	877.26324
809.10272	878.08319
809.1145	878.03729
809.12634	878.26947
809.13812	877.29395
809.14996	877.50116
809.16174	876.78027
809.17358	876.45355
809.18536	877.58472
809.19714	877.70825
809.20898	877.44818
809.22076	878.30212
809.2326	874.90143
809.24438	876.40253
809.25623	876.6983
809.26801	879.60834
809.27979	879.11102
809.29163	879.45343
809.30341	877.63
809.31525	877.31854
809.32703	876.77795
809.33887	878.13275
809.35065	876.77411
809.36243	877.88934
809.37427	879.16461
809.38605	877.92029
809.39789	878.12946
809.40967	877.98584
809.42151	876.02527
809.43329	878.39539
809.44513	879.02509
809.45691	877.86371
809.46869	876.52734
809.48053	878.10516
809.49231	878.12933
809.50415	878.22961
809.51593	877.82867
809.52777	878.84644
809.53955	878.48651
809.55133	879.11938
809.56317	878.505
809.57495	879.24054
809.58679	877.84515
809.59857	877.94928
809.61041	879.21082
809.62219	878.86713
809.63397	879.83105
809.64581	877.76501
809.65759	877.08374
809.66943	876.69598
809.68121	878.55896
809.69305	878.80847
809.70483	878.6344
809.71667	878.90997
809.72845	877.20404
809.74023	878.56171
809.75208	878.97852
809.76385	878.9848
809.7757	876.76917
809.78748	878.02667
809.79932	878.55829
809.8111	878.31958
809.82288	878.12268
809.83472	877.57953
809.8465	878.33698
809.85834	880.42773
809.87012	878.71912
809.88196	879.9809
809.89374	878.16687
809.90558	879.73102
809.91736	877.91229
809.92914	877.40985
809.94098	879.6142
809.95276	879.42731
809.9646	879.15118
809.97638	878.29102
809.98822	879.9696
810	878.7323
810.01178	879.45471
810.02362	880.58356
810.0354	880.0415
810.04724	879.01215
810.05902	877.78986
810.07086	878.88177
810.08264	878.65991
810.09442	878.94824
810.10626	878.61346
810.11804	879.52582
810.12988	879.51776
810.14166	879.67627
810.1535	879.60565
810.16528	877.81866
810.17712	878.12659
810.1889	879.18304
810.20068	880.41095
810.21252	878.79706
810.2243	878.37476
810.23615	879.57312
810.24792	879.42944
810.25977	880.9541
810.27155	879.58759
810.28333	879.95465
810.29517	881.81781
810.30695	880.94556
810.31879	882.4292
810.33057	879.71246
810.34241	879.18146
810.35419	879.01263
810.36603	879.89215
810.37781	881.46515
810.38959	880.41223
810.40143	881.56995
810.41321	880.68713
810.42505	881.10107
810.43683	881.44373
810.44867	882.91699
810.46045	882.37006
810.47223	879.18573
810.48407	880.89166
810.49585	881.44574
810.50769	880.3363
810.51947	880.56635
810.53131	880.1972
810.54309	880.92212
810.55487	881.73676
810.56671	882.3963
810.57849	882.71674
810.59033	882.28314
810.60211	881.4906
810.61395	881.52979
810.62573	883.46912
810.63757	882.38879
810.64935	880.91431
810.66113	882.27484
810.67297	883.20172
810.68475	884.09717
810.69659	882.91815
810.70837	882.74854
810.72021	882.1134
810.73199	882.37366
810.74377	882.61761
810.75562	882.83929
810.7674	883.81854
810.77924	884.56342
810.79102	882.89478
810.80286	883.55804
810.81464	884.4314
810.82642	884.71411
810.83826	886.37372
810.85004	886.42426
810.86188	887.2417
810.87366	888.58246
810.8855	888.12109
810.89728	886.12115
810.90912	885.92841
810.9209	882.97534
810.93268	885.15662
810.94452	888.52008
810.9563	890.00623
810.96814	889.00598
810.97992	888.57916
810.99176	885.74548
811.00354	890.24969
811.01532	886.94049
811.02716	888.27405
811.03894	889.3219
811.05078	888.68567
811.06256	889.11835
811.0744	890.18878
811.08618	888.81049
811.09802	890.67151
811.1098	891.46234
811.12158	892.84875
811.13342	895.0257
811.1452	892.14905
811.15704	891.4187
811.16882	894.08374
811.18066	894.35944
811.19244	893.5213
811.20422	894.13116
811.21606	892.09058
811.22784	894.85547
811.23969	894.11499
811.25146	895.23438
811.26331	896.63745
811.27509	897.00323
811.28687	890.68561
811.29871	893.01984
811.31049	896.11322
811.32233	895.66956
811.33411	894.07336
811.34595	896.03857
811.35773	898.07513
811.36957	896.19543
811.38135	897.19434
811.39313	897.75757
811.40497	899.54651
811.41675	899.43188
811.42859	896.27954
811.44037	897.99457
811.45221	896.32379
811.46399	896.1571
811.47577	897.92719
811.48761	898.63971
811.49939	896.17175
811.51123	895.20947
811.52301	896.40033
811.53485	894.05829
811.54663	893.61108
811.55847	893.56494
811.57025	892.06226
811.58203	895.11188
811.59387	892.80536
811.60565	893.07819
811.61749	894.08105
811.62927	892.14032
811.64111	895.42572
811.65289	891.82672
811.66467	892.46753
811.67651	893.69745
811.68829	893.1004
811.70013	891.44666
811.71191	890.73938
811.72375	893.19757
811.73553	890.37317
811.74731	892.02014
811.75916	890.61328
811.77094	891.48505
811.78278	893.4129
811.79456	893.1311
811.8064	890.33734
811.81818	887.05664
811.83002	889.70087
811.8418	890.77753
811.85358	889.2243
811.86542	887.99823
811.8772	887.79858
811.88904	888.34131
811.90082	890.44519
811.91266	889.07758
811.92444	888.93463
811.93622	888.30695
811.94806	888.92487
811.95984	889.60577
811.97168	889.72516
811.98346	886.71545
811.9953	886.89539
812.00708	888.55273
812.01886	886.84167
812.0307	887.88318
812.04248	887.3988
812.05432	886.7074
812.0661	886.33209
812.07794	885.44495
812.08972	885.62097
812.10156	884.74927
812.11334	885.05029
812.12512	887.24365
812.13696	887.1994
812.14874	884.89734
812.16058	887.59491
812.17236	886.62317
812.1842	886.20453
812.19598	886.04437
812.20776	886.57385
812.2196	883.79712
812.23138	885.24799
812.24323	887.99493
812.255	887.75616
812.26685	883.86542
812.27863	884.64191
812.29047	886.81378
812.30225	887.00616
812.31403	886.9826
812.32587	887.31256
812.33765	887.80713
812.34949	886.54517
812.36127	887.99701
812.37311	883.76947
812.38489	885.28815
812.39667	886.74023
812.40851	885.66376
812.42029	885.00037
812.43213	887.28906
812.44391	886.53094
812.45575	886.81061
812.46753	885.61469
812.47931	883.65222
812.49115	885.38263
812.50293	888.33093
812.51477	889.23224
812.52655	886.71332
812.53839	886.65411
812.55017	886.59363
812.56201	887.58386
812.57379	888.08075
812.58557	886.18164
812.59741	885.61133
812.60919	886.73511
812.62103	887.2962
812.63281	886.23853
812.64465	886.76312
812.65643	888.4209
812.66821	889.79108
812.68005	889.48035
812.69183	887.4425
812.70367	886.81781
812.71545	887.57684
812.72729	887.54535
812.73907	887.50635
812.75092	890.40192
812.7627	888.53601
812.77448	886.75238
812.78632	888.30219
812.7981	889.7196
812.80994	888.26477
812.82172	888.83447
812.83356	888.06421
812.84534	891.7038
812.85712	890.25201
812.86896	889.63885
812.88074	888.91644
812.89258	888.75946
812.90436	888.8288
812.9162	886.64893
812.92798	890.24683
812.93976	892.95355
812.9516	891.59637
812.96338	888.21735
812.97522	888.24268
812.987	888.87286
812.99884	890.4043
813.01062	892.11096
813.02246	889.81714
813.03424	890.83057
813.04602	892.16516
813.05786	894.57959
813.06964	894.03821
813.08148	893.01459
813.09326	894.44727
813.1051	892.09613
813.11688	893.09088
813.12866	894.67255
813.1405	895.55463
813.15228	894.21521
813.16412	893.23853
813.1759	892.96399
813.18774	894.09729
813.19952	895.03577
813.2113	896.3457
813.22314	898.81018
813.23492	894.54938
813.24677	898.91571
813.25854	899.34094
813.27039	898.12079
813.28217	898.18396
813.29401	899.46387
813.30579	901.03644
813.31757	898.51068
813.32941	897.13531
813.34119	897.13739
813.35303	900.38629
813.36481	902.15167
813.37665	902.93896
813.38843	904.88049
813.40021	905.59381
813.41205	906.67163
813.42383	905.78192
813.43567	905.79694
813.44745	906.43909
813.45929	906.51831
813.47107	909.45593
813.48291	909.27301
813.49469	907.20264
813.50647	907.09503
813.51831	913.24463
813.53009	914.34869
813.54193	910.06824
813.55371	915.34369
813.56555	914.36853
813.57733	915.58429
813.58911	916.71411
813.60095	921.21814
813.61273	920.60742
813.62457	919.74945
813.63635	920.98993
813.64819	923.375
813.65997	921.38287
813.67175	927.15747
813.68359	923.52313
813.69537	924.68878
813.70721	927.26373
813.71899	928.51117
813.73083	934.25153
813.74261	931.73322
813.75446	937.50531
813.76624	938.85248
813.77802	937.02972
813.78986	938.82214
813.80164	939.34375
813.81348	942.44952
813.82526	940.98834
813.8371	943.62158
813.84888	950.85309
813.86066	947.30139
813.8725	951.85156
813.88428	951.00891
813.89612	952.56158
813.9079	956.93707
813.91974	957.95105
813.93152	961.07025
813.94336	960.87128
813.95514	964.88495
813.96692	964.46918
813.97876	964.09412
813.99054	965.27502
814.00238	964.8078
814.01416	965.58569
814.026	972.52466
814.03778	973.37988
814.04956	972.79639
814.0614	972.70831
814.07318	974.59637
814.08502	974.98401
814.0968	969.31616
814.10864	968.15759
814.12042	972.92242
814.1322	972.60516
814.14404	972.78497
814.15582	971.95728
814.16766	972.23291
814.17944	971.59912
814.19128	968.91089
814.20306	968.28589
814.2149	970.87085
814.22668	969.38385
814.23846	965.05585
814.25031	964.47852
814.26208	966.94434
814.27393	963.84778
814.28571	964.84161
814.29755	964.50946
814.30933	962.73004
814.32111	958.30084
814.33295	961.06989
814.34473	954.35352
814.35657	949.73535
814.36835	949.87219
814.38019	949.72607
814.39197	953.12872
814.40375	951.58746
814.41559	947.03741
814.42737	945.5094
814.43921	946.14856
814.45099	944.76898
814.46283	940.35382
814.47461	941.38672
814.48645	939.36121
814.49823	939.03046
814.51001	937.33807
814.52185	934.81659
814.53363	934.70477
814.54547	935.72876
814.55725	933.69843
814.56909	933.62524
814.58087	933.39685
814.59265	931.28571
814.60449	926.80969
814.61627	923.13715
814.62811	924.19177
814.63989	928.08569
814.65173	929.19757
814.66351	923.47302
814.67535	921.3786
814.68713	921.52112
814.69891	918.90674
814.71075	919.19104
814.72253	917.48596
814.73438	919.00763
814.74615	920.00372
814.758	918.71735
814.76978	915.94623
814.78156	918.88513
814.7934	914.59784
814.80518	914.93805
814.81702	912.23462
814.8288	914.0498
814.84064	911.17725
814.85242	911.72021
814.8642	911.41687
814.87604	911.1626
814.88782	910.771
814.89966	908.89539
814.91144	908.02576
814.92328	909.57898
814.93506	905.47223
814.9469	906.21729
814.95868	910.58356
814.97046	906.37085
814.9823	906.15881
814.99408	901.67169
815.00592	903.47443
815.0177	902.2406
815.02954	900.84058
815.04132	900.55109
815.0531	901.69202
815.06494	901.83679
815.07672	899.46326
815.08856	900.40936
815.10034	903.21356
815.11218	898.13916
815.12396	902.28308
815.1358	901.72089
815.14758	896.74677
815.15936	897.56323
815.1712	898.37646
815.18298	896.72278
815.19482	895.66455
815.2066	897.55518
815.21844	894.98688
815.23022	896.87231
815.242	895.40234
815.25385	894.56335
815.26563	897.26483
815.27747	896.18274
815.28925	893.77112
815.30109	894.79907
815.31287	893.51929
815.32465	894.31525
815.33649	892.21552
815.34827	892.23932
815.36011	892.26801
815.37189	890.24359
815.38373	888.70367
815.39551	890.64368
815.40735	892.03558
815.41913	889.89313
815.43091	887.6109
815.44275	892.3811
815.45453	890.3255
815.46637	890.17639
815.47815	891.34003
815.48999	890.73981
815.50177	891.4613
815.51355	889.40155
815.52539	888.04175
815.53717	889.33228
815.54901	887.40436
815.56079	887.2439
815.57263	885.89844
815.58441	885.24237
815.59625	887.90039
815.60803	888.48969
815.61981	887.88556
815.63165	884.74579
815.64343	886.43719
815.65527	883.05756
815.66705	887.67926
815.67889	884.84003
815.69067	886.53937
815.70245	885.66846
815.71429	886.78088
815.72607	886.41187
815.73792	884.04144
815.74969	884.58588
815.76154	883.57642
815.77332	882.51166
815.7851	886.63629
815.79694	882.00079
815.80872	884.76123
815.82056	882.28815
815.83234	882.8703
815.84418	881.94214
815.85596	883.45923
815.8678	884.28595
815.87958	883.88574
815.89136	881.27289
815.9032	881.80273
815.91498	884.20233
815.92682	881.16199
815.9386	882.02118
815.95044	881.64392
815.96222	881.76178
815.974	880.56134
815.98584	880.89038
815.99762	878.9657
816.00946	881.03741
816.02124	882.3075
816.03308	881.33044
816.04486	881.26031
816.05664	881.2926
816.06848	880.99878
816.08026	879.05328
816.0921	877.85974
816.10388	878.86243
816.11572	882.19427
816.1275	879.04291
816.13934	879.40692
816.15112	879.38214
816.1629	880.92303
816.17474	879.75641
816.18652	878.64941
816.19836	880.13232
816.21014	878.18365
816.22198	880.02911
816.23376	877.69659
816.24554	878.45398
816.25739	879.36969
816.26917	878.13232
816.28101	879.11731
816.29279	876.7959
816.30463	877.63202
816.31641	878.75433
816.32825	877.84406
816.34003	877.67877
816.35181	877.69385
816.36365	876.17902
816.37543	875.75104
816.38727	877.82422
816.39905	875.80609
816.41089	875.51282
816.42267	878.01251
816.43445	878.84937
816.44629	878.51129
816.45807	876.22595
816.46991	875.57996
816.48169	875.94733
816.49353	876.49054
816.50531	877.83368
816.51709	877.35132
816.52893	877.85437
816.54071	877.11139
816.55255	876.40637
816.56433	876.75861
816.57617	874.90356
816.58795	876.15686
816.59979	876.95392
816.61157	876.76825
816.62335	876.54303
816.63519	876.245
816.64697	875.93921
816.65881	876.33673
816.67059	876.53479
816.68243	877.09253
816.69421	876.7746
816.70599	875.64185
816.71783	875.32733
816.72961	874.84735
816.74146	874.88336
816.75323	875.99396
816.76508	876.19519
816.77686	877.15558
816.7887	877.36389
816.80048	876.77942
816.81226	878.4176
816.8241	876.33484
816.83588	874.35187
816.84772	874.16235
816.8595	876.78296
816.87134	874.80316
816.88312	875.34717
816.8949	876.70374
816.90674	874.51337
816.91852	874.82971
816.93036	875.16461
816.94214	875.43304
816.95398	874.6825
816.96576	876.05292
816.97754	876.18201
816.98938	874.34546
817.00116	874.63043
817.013	875.2804
817.02478	875.17725
817.03662	876.03052
817.0484	873.3053
817.06024	875.24762
817.07202	874.65948
817.0838	874.69757
817.09564	875.46777
817.10742	875.69159
817.11926	875.74255
817.13104	874.70593
817.14288	874.90778
817.15466	875.8147
817.16644	875.14752
817.17828	874.70831
817.19006	873.97803
817.2019	873.9173
817.21368	874.90045
817.22552	875.56097
817.2373	874.71991
817.24908	874.36127
817.26093	875.26361
817.27271	875.39838
817.28455	876.13495
817.29633	874.7489
817.30817	876.68872
817.31995	874.27698
817.33179	875.25049
817.34357	874.96735
817.35535	874.96808
817.36719	875.07037
817.37897	874.15228
817.39081	873.38782
817.40259	875.53644
817.41443	875.32001
817.42621	876.16467
817.43799	873.10919
817.44983	874.1275
817.46161	873.5863
817.47345	874.32471
817.48523	873.94879
817.49707	874.08618
817.50885	874.09393
817.52069	874.70746
817.53247	875.20416
817.54425	874.41705
817.55609	874.83722
817.56787	873.97864
817.57971	874.51678
817.59149	873.09393
817.60333	874.03064
817.61511	873.88129
817.62689	876.22778
817.63873	875.38055
817.65051	873.35889
817.66235	873.22632
817.67413	873.90009
817.68597	872.55341
817.69775	873.91742
817.70953	872.87109
817.72137	874.78558
817.73315	874.8407
817.745	873.56219
817.75677	875.04053
817.76862	874.30658
817.7804	874.91742
817.79224	872.34503
817.80402	873.50677
817.8158	873.68134
817.82764	873.61865
817.83942	874.99048
817.85126	872.82043
817.86304	872.763
817.87488	873.763
817.88666	874.65118
817.89844	872.7674
817.91028	873.35132
817.92206	873.68433
817.9339	874.31299
817.94568	874.74603
817.95752	872.88129
817.9693	875.25507
817.98114	875.29327
817.99292	873.57416
818.0047	873.18146
818.01654	872.38177
818.02832	873.83282
818.04016	874.58606
818.05194	873.08954
818.06378	874.7843
818.07556	873.28461
818.08734	870.91193
818.09918	872.61591
818.11096	873.34918
818.1228	872.68597
818.13458	874.80829
818.14642	873.7113
818.1582	873.02319
818.16998	874.20758
818.18182	873.09344
818.1936	873.04852
818.20544	873.6806
818.21722	874.51721
818.22906	873.66791
818.24084	872.33881
818.25269	873.33887
818.26447	873.98859
818.27625	873.46246
818.28809	873.84399
818.29987	873.68744
818.31171	873.65289
818.32349	873.12915
818.33533	873.36432
818.34711	872.61157
818.35889	874.74164
818.37073	873.17273
818.38251	872.3233
818.39435	873.11353
818.40613	873.08435
818.41797	874.33643
818.42975	874.08008
818.44153	873.8299
818.45337	873.41571
818.46515	874.26141
818.47699	874.12671
818.48877	874.64484
818.50061	873.11157
818.51239	872.42755
818.52423	872.85797
818.53601	873.5
818.54779	873.29724
818.55963	873.78076
818.57141	872.98364
818.58325	872.92389
818.59503	872.48413
818.60687	873.79614
818.61865	873.90234
818.63043	873.55457
818.64227	872.93097
818.65405	873.39911
818.66589	873.85797
818.67767	873.69202
818.68951	873.34485
818.70129	873.14813
818.71313	872.5918
818.72491	873.00677
818.73669	872.53925
818.74854	872.17706
818.76031	872.72546
818.77216	873.49048
818.78394	873.43683
818.79578	873.72137
818.80756	874.22437
818.81934	872.96381
818.83118	872.97192
818.84296	874.04218
818.8548	872.26495
818.86658	872.06311
818.87842	873.95935
818.8902	873.82629
818.90198	872.45477
818.91382	874.13806
818.9256	873.52344
818.93744	872.56207
818.94922	871.76587
818.96106	872.78314
818.97284	873.72894
818.98468	873.33612
818.99646	874.51654
819.00824	873.69122
819.02008	873.91418
819.03186	873.19946
819.0437	872.99115
819.05548	872.81689
819.06732	874.41351
819.0791	874.64191
819.09088	874.35089
819.10272	873.36859
819.1145	873.9035
819.12634	873.49158
819.13812	874.45947
819.14996	874.98871
819.16174	873.57581
819.17358	874.30798
819.18536	872.65399
819.19714	873.2923
819.20898	874.44629
819.22076	874.86157
819.2326	874.49139
819.24438	873.71173
819.25623	872.13391
819.26801	872.86414
819.27979	873.32275
819.29163	872.00256
819.30341	872.34912
819.31525	873.90466
819.32703	874.00714
819.33887	873.04047
819.35065	874.34296
819.36243	873.92358
819.37427	874.84473
819.38605	874.56073
819.39789	873.27466
819.40967	873.09503
819.42151	873.52521
819.43329	874.26782
819.44513	873.55048
819.45691	872.82043
819.46869	872.26648
819.48053	873.46838
819.49231	873.5401
819.50415	873.323
819.51593	873.71674
819.52777	873.86749
819.53955	873.82788
819.55133	874.18872
819.56317	872.81329
819.57495	874.01031
819.58679	873.92419
819.59857	872.25751
819.61041	873.33026
819.62219	873.89032
819.63397	872.96655
819.64581	873.93567
819.65759	874.17938
819.66943	873.92358
819.68121	872.53296
819.69305	872.25647
819.70483	872.94928
819.71667	872.67163
819.72845	872.79797
819.74023	873.47778
819.75208	872.89606
819.76385	873.58667
819.7757	873.79468
819.78748	875.4491
819.79932	875.04822
819.8111	875.05957
819.82288	874.18225
819.83472	875.03015
819.8465	871.37653
819.85834	871.45129
819.87012	874.42902
819.88196	874.98688
819.89374	874.70959
819.90558	872.89636
819.91736	873.23938
819.92914	873.98181
819.94098	873.51459
819.95276	874.13306
819.9646	873.34137
819.97638	873.69287
819.98822	874.05127
820	873.73682
820.01178	874.41364
820.02362	873.10083
820.0354	874.31238
820.04724	873.09802
820.05902	873.18079
820.07086	872.95496
820.08264	874.52271
820.09442	871.89203
820.10626	872.70825
820.11804	874.93756
820.12988	874.02734
820.14166	873.44183
820.1535	873.19855
820.16528	873.07751
820.17712	872.96741
820.1889	872.70117
820.20068	873.81934
820.21252	872.44452
820.2243	873.82861
820.23615	874.14056
820.24792	873.73907
820.25977	873.62354
820.27155	873.73651
820.28333	873.2135
820.29517	872.08502
820.30695	873.98322
820.31879	874.09448
820.33057	874.56506
820.34241	875.30951
820.35419	874.86963
820.36603	874.18988
820.37781	873.1109
820.38959	873.42999
820.40143	875.19458
820.41321	874.50732
820.42505	873.8147
820.43683	873.96893
820.44867	874.65503
820.46045	874.05896
820.47223	874.10321
820.48407	874.19525
820.49585	875.67578
820.50769	874.52161
820.51947	874.16528
820.53131	874.04321
820.54309	875.36523
820.55487	874.84546
820.56671	873.79266
820.57849	873.35101
820.59033	873.88287
820.60211	875.29779
820.61395	875.29376
820.62573	873.37708
820.63757	872.53101
820.64935	874.37073
820.66113	874.42572
820.67297	872.26831
820.68475	872.24359
820.69659	871.1676
820.70837	872.04187
820.72021	873.89447
820.73199	875.32794
820.74377	874.96368
820.75562	873.9754
820.7674	874.98901
820.77924	874.13287
820.79102	874.16406
820.80286	874.14191
820.81464	873.79541
820.82642	873.1015
820.83826	873.55487
820.85004	874.18976
820.86188	874.80121
820.87366	874.85284
820.8855	874.82672
820.89728	875.11407
820.90912	875.47247
820.9209	875.39215
820.93268	874.1488
820.94452	874.47052
820.9563	874.19305
820.96814	874.14874
820.97992	875.1308
820.99176	875.00525
821.00354	875.15887
821.01532	875.2403
821.02716	875.23529
821.03894	874.31812
821.05078	875.67078
821.06256	874.46686
821.0744	874.3526
821.08618	874.57184
821.09802	872.75391
821.1098	874.78375
821.12158	875.04242
821.13342	874.20465
821.1452	874.00397
821.15704	874.61053
821.16882	875.25037
821.18066	873.84595
821.19244	874.96423
821.20422	874.76733
821.21606	873.70239
821.22784	873.13696
821.23969	873.93219
821.25146	874.22394
821.26331	874.57037
821.27509	873.03632
821.28687	874.37396
821.29871	875.67456
821.31049	875.62054
821.32233	873.89398
821.33411	874.32135
821.34595	873.07935
821.35773	874.87714
821.36957	875.57776
821.38135	875.11249
821.39313	874.45807
821.40497	874.53754
821.41675	874.99579
821.42859	874.28589
821.44037	874.66833
821.45221	874.66754
821.46399	873.96704
821.47577	873.60327
821.48761	874.05243
821.49939	876.42603
821.51123	874.95624
821.52301	874.63696
821.53485	874.15491
821.54663	873.56036
821.55847	873.95074
821.57025	875.32544
821.58203	874.66498
821.59387	875.09552
821.60565	874.35156
821.61749	875.4458
821.62927	876.0564
821.64111	875.25171
821.65289	874.65417
821.66467	874.86218
821.67651	875.15051
821.68829	876.15753
821.70013	875.46948
821.71191	874.92285
821.72375	874.50909
821.73553	874.2132
821.74731	874.315
821.75916	874.97736
821.77094	874.73291
821.78278	874.4585
821.79456	874.67712
821.8064	875.22974
821.81818	874.72162
821.83002	874.41943
821.8418	874.58612
821.85358	872.95056
821.86542	873.33923
821.8772	874.55719
821.88904	874.1781
821.90082	874.37451
821.91266	873.63098
821.92444	873.82037
821.93622	874.34222
821.94806	875.15942
821.95984	874.81274
821.97168	873.90045
821.98346	874.04681
821.9953	874.06842
822.00708	873.69147
822.01886	873.81976
822.0307	874.65436
822.04248	875.02173
822.05432	875.75482
822.0661	875.93549
822.07794	874.92664
822.08972	875.63318
822.10156	874.8808
822.11334	875.44135
822.12512	875.37555
822.13696	873.50385
822.14874	873.83392
822.16058	874.33075
822.17236	873.63922
822.1842	874.83307
822.19598	875.10126
822.20776	872.98956
822.2196	875.88989
822.23138	876.14331
822.24323	876.19293
822.255	874.04883
822.26685	875.25262
822.27863	874.45013
822.29047	875.27802
822.30225	874.02264
822.31403	875.44434
822.32587	873.31195
822.33765	874.16571
822.34949	874.0871
822.36127	876.58643
822.37311	874.77539
822.38489	876.383
822.39667	874.81311
822.40851	875.20325
822.42029	875.64032
822.43213	875.86084
822.44391	876.27802
822.45575	874.38025
822.46753	875.84912
822.47931	874.56433
822.49115	874.47906
822.50293	875.05609
822.51477	876.08453
822.52655	874.81732
822.53839	874.43719
822.55017	875.59576
822.56201	875.34235
822.57379	874.71429
822.58557	876.10498
822.59741	876.4881
822.60919	873.5282
822.62103	874.15204
822.63281	874.29303
822.64465	874.3349
822.65643	875.00531
822.66821	876.10669
822.68005	875.56989
822.69183	874.66516
822.70367	875.65564
822.71545	875.29065
822.72729	876.45178
822.73907	874.10638
822.75092	875.99579
822.7627	876.72729
822.77448	874.30115
822.78632	874.36133
822.7981	875.21631
822.80994	874.00281
822.82172	873.2851
822.83356	874.77728
822.84534	876.27185
822.85712	875.51239
822.86896	874.89886
822.88074	875.71411
822.89258	873.87054
822.90436	874.53119
822.9162	873.53595
822.92798	873.04944
822.93976	873.35858
822.9516	874.4989
822.96338	874.51764
822.97522	874.50433
822.987	875.84796
822.99884	874.30981
823.01062	874.83557
823.02246	874.25012
823.03424	874.1189
823.04602	875.34528
823.05786	875.70111
823.06964	874.12512
823.08148	875.59229
823.09326	874.40485
823.1051	874.95459
823.11688	874.0434
823.12866	875.04181
823.1405	874.98785
823.15228	875.85333
823.16412	875.66943
823.1759	874.87146
823.18774	874.08704
823.19952	876.5625
823.2113	873.33405
823.22314	875.83521
823.23492	875.1181
823.24677	876.23389
823.25854	876.07532
823.27039	876.75397
823.28217	876.51855
823.29401	874.74445
823.30579	876.4408
823.31757	875.11072
823.32941	875.66321
823.34119	874.34509
823.35303	875.46082
823.36481	875.41101
823.37665	874.01599
823.38843	875.63245
823.40021	874.6059
823.41205	877.00323
823.42383	876.38184
823.43567	875.17664
823.44745	876.01703
823.45929	874.11053
823.47107	876.22418
823.48291	876.91254
823.49469	875.0188
823.50647	875.67529
823.51831	874.4057
823.53009	876.53253
823.54193	876.83887
823.55371	874.09186
823.56555	876.9043
823.57733	876.17938
823.58911	875.00677
823.60095	874.34967
823.61273	874.60645
823.62457	875.59906
823.63635	877.55548
823.64819	876.96771
823.65997	875.50549
823.67175	874.54968
823.68359	873.44446
823.69537	874.81097
823.70721	876.14038
823.71899	876.05536
823.73083	876.42224
823.74261	874.31848
823.75446	875.68988
823.76624	875.77197
823.77802	874.8385
823.78986	874.74554
823.80164	876.35474
823.81348	876.79266
823.82526	876.55939
823.8371	875.44403
823.84888	876.79694
823.86066	876.97638
823.8725	875.3255
823.88428	874.77722
823.89612	875.46741
823.9079	876.12048
823.91974	874.95435
823.93152	875.68616
823.94336	875.10797
823.95514	874.51178
823.96692	876.2569
823.97876	875.65808
823.99054	877.6908
824.00238	874.53406
824.01416	875.02167
824.026	876.92236
824.03778	875.48444
824.04956	876.29749
824.0614	876.28821
824.07318	876.64191
824.08502	874.59259
824.0968	876.38934
824.10864	876.15332
824.12042	874.14978
824.1322	875.15027
824.14404	875.30896
824.15582	875.2572
824.16766	875.47443
824.17944	875.98816
824.19128	874.4314
824.20306	874.91321
824.2149	876.48016
824.22668	876.44617
824.23846	876.70068
824.25031	876.15997
824.26208	876.43402
824.27393	876.10156
824.28571	876.02081
824.29755	876.39233
824.30933	876.80939
824.32111	877.29236
824.33295	876.09802
824.34473	876.97516
824.35657	876.57526
824.36835	875.40625
824.38019	876.42297
824.39197	875.86194
824.40375	875.80627
824.41559	876.42316
824.42737	875.46936
824.43921	875.74268
824.45099	875.22119
824.46283	874.88019
824.47461	877.01361
824.48645	876.5835
824.49823	876.11902
824.51001	875.289
824.52185	876.10266
824.53363	877.26337
824.54547	875.54828
824.55725	874.96381
824.56909	876.77625
824.58087	876.52728
824.59265	875.64099
824.60449	876.21143
824.61627	878.0769
824.62811	876.64453
824.63989	875.56561
824.65173	876.04962
824.66351	877.13983
824.67535	877.58545
824.68713	876.57843
824.69891	875.33722
824.71075	875.6496
824.72253	876.86859
824.73438	876.70496
824.74615	876.89764
824.758	875.96674
824.76978	875.76282
824.78156	876.9826
824.7934	876.98859
824.80518	876.03973
824.81702	875.4649
824.8288	876.79797
824.84064	876.88312
824.85242	877.51288
824.8642	878.24249
824.87604	877.96307
824.88782	876.23578
824.89966	876.64862
824.91144	877.42639
824.92328	877.60541
824.93506	875.01666
824.9469	875.4519
824.95868	874.70593
824.97046	876.95264
824.9823	877.72247
824.99408	875.20825
825.00592	875.97095
825.0177	876.30756
825.02954	876.95807
825.04132	875.159
825.0531	877.00714
825.06494	876.57385
825.07672	875.90454
825.08856	873.41681
825.10034	877.10193
825.11218	878.86926
825.12396	875.69208
825.1358	874.91187
825.14758	875.64838
825.15936	877.06287
825.1712	875.52271
825.18298	875.64331
825.19482	875.93103
825.2066	876.50854
825.21844	876.38568
825.23022	876.53229
825.242	877.95502
825.25385	876.76416
825.26563	876.38568
825.27747	875.1676
825.28925	877.0448
825.30109	876.78552
825.31287	876.16895
825.32465	874.99481
825.33649	874.92273
825.34827	877.84589
825.36011	876.89954
825.37189	875.02264
825.38373	876.32281
825.39551	876.85132
825.40735	876.87537
825.41913	876.42126
825.43091	875.87079
825.44275	876.7724
825.45453	876.5481
825.46637	876.21368
825.47815	876.33521
825.48999	876.69934
825.50177	875.73505
825.51355	875.04565
825.52539	876.07227
825.53717	877.07843
825.54901	876.06097
825.56079	874.50287
825.57263	876.00201
825.58441	876.85205
825.59625	876.04547
825.60803	876.29004
825.61981	876.70728
825.63165	875.91821
825.64343	876.20551
825.65527	875.78973
825.66705	876.26215
825.67889	876.0011
825.69067	876.53235
825.70245	876.89996
825.71429	876.18536
825.72607	878.27753
825.73792	877.27417
825.74969	876.75995
825.76154	875.4566
825.77332	876.51385
825.7851	877.17029
825.79694	876.2287
825.80872	877.06506
825.82056	877.66937
825.83234	877.00696
825.84418	877.72546
825.85596	878.19037
825.8678	877.24933
825.87958	874.96515
825.89136	876.50879
825.9032	877.28058
825.91498	877.83868
825.92682	876.8562
825.9386	877.31531
825.95044	875.68195
825.96222	876.90802
825.974	876.77393
825.98584	876.05219
825.99762	876.06274
826.00946	877.33246
826.02124	877.79303
826.03308	877.41949
826.04486	876.77502
826.05664	877.28522
826.06848	879.38965
826.08026	875.32367
826.0921	877.23578
826.10388	877.75616
826.11572	876.05182
826.1275	875.79272
826.13934	876.81476
826.15112	876.58282
826.1629	877.31104
826.17474	876.99829
826.18652	877.42328
826.19836	878.03479
826.21014	876.34827
826.22198	877.7923
826.23376	879.39355
826.24554	878.89581
826.25739	877.63776
826.26917	877.31384
826.28101	877.20618
826.29279	877.35297
826.30463	878.70062
826.31641	875.81866
826.32825	876.93811
826.34003	878.46533
826.35181	878.00891
826.36365	877.84723
826.37543	878.09222
826.38727	876.7666
826.39905	877.23737
826.41089	877.25458
826.42267	878.63147
826.43445	878.84515
826.44629	876.79901
826.45807	877.30621
826.46991	877.94946
826.48169	878.80316
826.49353	878.06659
826.50531	877.49603
826.51709	877.91034
826.52893	877.50964
826.54071	877.37457
826.55255	875.18518
826.56433	878.73773
826.57617	877.14014
826.58795	879.14172
826.59979	878.00378
826.61157	877.89575
826.62335	879.72327
826.63519	878.61908
826.64697	877.66663
826.65881	876.78668
826.67059	880.03711
826.68243	880.33435
826.69421	877.30145
826.70599	879.22046
826.71783	881.40112
826.72961	875.84125
826.74146	876.99841
826.75323	877.79053
826.76508	877.33087
826.77686	877.92267
826.7887	876.78979
826.80048	877.47498
826.81226	878.78992
826.8241	877.3573
826.83588	876.84027
826.84772	878.12537
826.8595	877.84491
826.87134	878.83246
826.88312	879.80658
826.8949	880.27136
826.90674	880.54333
826.91852	879.3833
826.93036	878.97107
826.94214	878.16736
826.95398	877.55151
826.96576	880.57654
826.97754	878.97327
826.98938	880.7038
827.00116	878.71576
827.013	879.7901
827.02478	878.55688
827.03662	877.95679
827.0484	878.97528
827.06024	879.13739
827.07202	879.06805
827.0838	879.10004
827.09564	880.64282
827.10742	880.60944
827.11926	878.62683
827.13104	879.90271
827.14288	880.38922
827.15466	878.8255
827.16644	879.37201
827.17828	878.86737
827.19006	879.26654
827.2019	878.99762
827.21368	880.93726
827.22552	879.59937
827.2373	878.47278
827.24908	879.87683
827.26093	879.92938
827.27271	879.87811
827.28455	879.29694
827.29633	879.15662
827.30817	878.6806
827.31995	879.87903
827.33179	880.96088
827.34357	878.34637
827.35535	879.66699
827.36719	878.26385
827.37897	877.72205
827.39081	878.65259
827.40259	878.6286
827.41443	882.90686
827.42621	881.15356
827.43799	879.01166
827.44983	880.39764
827.46161	881.05023
827.47345	880.70746
827.48523	881.28204
827.49707	880.34747
827.50885	880.67926
827.52069	881.61041
827.53247	882.75891
827.54425	881.94305
827.55609	881.58606
827.56787	882.55139
827.57971	881.22644
827.59149	880.40466
827.60333	880.90759
827.61511	880.42572
827.62689	880.46014
827.63873	878.81342
827.65051	880.60248
827.66235	882.47083
827.67413	880.13452
827.68597	880.96979
827.69775	881.62201
827.70953	882.86426
827.72137	883.27472
827.73315	881.90521
827.745	883.12061
827.75677	883.48114
827.76862	881.9574
827.7804	883.18549
827.79224	882.36145
827.80402	882.04175
827.8158	881.23846
827.82764	882.55707
827.83942	883.42877
827.85126	881.36127
827.86304	882.44989
827.87488	883.52936
827.88666	883.75629
827.89844	882.68915
827.91028	882.63446
827.92206	883.17828
827.9339	884.21387
827.94568	884.18683
827.95752	883.52795
827.9693	884.43872
827.98114	884.32477
827.99292	883.82983
828.0047	882.71851
828.01654	885.07343
828.02832	883.15735
828.04016	882.53424
828.05194	882.73401
828.06378	882.41852
828.07556	884.0014
828.08734	883.53693
828.09918	883.41547
828.11096	885.53821
828.1228	884.11682
828.13458	882.24829
828.14642	886.92474
828.1582	884.79474
828.16998	885.45685
828.18182	887.2937
828.1936	885.0752
828.20544	886.03418
828.21722	885.23425
828.22906	887.03851
828.24084	887.41766
828.25269	887.95496
828.26447	886.92517
828.27625	887.02539
828.28809	886.82336
828.29987	886.60077
828.31171	885.62872
828.32349	886.87646
828.33533	887.53204
828.34711	886.427
828.35889	886.74506
828.37073	887.8454
828.38251	888.75671
828.39435	890.10986
828.40613	888.98724
828.41797	887.00769
828.42975	886.36035
828.44153	889.7605
828.45337	888.93298
828.46515	889.05914
828.47699	888.78741
828.48877	892.30151
828.50061	890.36749
828.51239	888.53455
828.52423	889.02612
828.53601	891.13629
828.54779	890.80927
828.55963	892.21179
828.57141	890.9682
828.58325	891.33221
828.59503	888.26447
828.60687	889.24072
828.61865	888.65625
828.63043	891.6156
828.64227	891.14551
828.65405	890.12958
828.66589	894.99677
828.67767	891.89386
828.68951	897.05603
828.70129	897.58209
828.71313	895.5791
828.72491	896.79865
828.73669	896.24475
828.74854	895.06909
828.76031	897.92102
828.77216	897.57111
828.78394	897.17603
828.79578	896.62885
828.80756	900.6123
828.81934	899.60394
828.83118	898.79547
828.84296	897.42529
828.8548	900.16437
828.86658	899.33337
828.87842	900.46826
828.8902	901.61371
828.90198	900.96838
828.91382	899.55029
828.9256	904.67548
828.93744	903.09375
828.94922	900.71643
828.96106	900.69287
828.97284	901.12567
828.98468	906.50891
828.99646	908.76978
829.00824	909.70935
829.02008	910.4223
829.03186	913.38544
829.0437	915.10284
829.05548	911.13123
829.06732	911.75281
829.0791	914.67792
829.09088	913.1062
829.10272	913.57501
829.1145	913.98291
829.12634	914.19775
829.13812	914.07758
829.14996	916.79913
829.16174	918.27789
829.17358	917.21649
829.18536	917.43762
829.19714	920.41223
829.20898	922.11688
829.22076	922.85864
829.2326	927.19257
829.24438	927.61182
829.25623	927.73859
829.26801	929.89709
829.27979	929.32239
829.29163	930.41711
829.30341	933.79529
829.31525	938.46417
829.32703	941.13782
829.33887	940.40222
829.35065	943.44452
829.36243	946.79608
829.37427	952.6358
829.38605	950.08826
829.39789	957.2323
829.40967	956.4364
829.42151	958.58844
829.43329	961.35492
829.44513	966.36749
829.45691	969.84271
829.46869	974.21393
829.48053	981.75836
829.49231	983.75641
829.50415	993.58075
829.51593	992.83459
829.52777	996.54883
829.53955	1002.1234
829.55133	1003.3159
829.56317	1010.7166
829.57495	1022.6454
829.58679	1033.9022
829.59857	1031.2452
829.61041	1036.8784
829.62219	1049.5464
829.63397	1067.5919
829.64581	1077.339
829.65759	1093.3943
829.66943	1103.9369
829.68121	1123.7181
829.69305	1126.9731
829.70483	1158.8308
829.71667	1166.4716
829.72845	1196.2719
829.74023	1221.3931
829.75208	1252.7733
829.76385	1284.064
829.7757	1317.9786
829.78748	1364.8373
829.79932	1421.2421
829.8111	1476.6129
829.82288	1551.0192
829.83472	1638.6333
829.8465	1756.9099
829.85834	1876.6279
829.87012	2039.9854
829.88196	2242.8469
829.89374	2492.3901
829.90558	2822.9407
829.91736	3234.8708
829.92914	3765.2449
829.94098	4446.9419
829.95276	5358.5781
829.9646	6502.7524
829.97638	7915.4355
829.98822	9595.4043
830	11434.635
830.01178	13413.013
830.02362	15410.839
830.0354	17278.336
830.04724	18915.199
830.05902	20197.684
830.07086	21048.852
830.08264	21263.023
830.09442	21001.359
830.10626	20079.352
830.11804	18743.395
830.12988	17046.332
830.14166	15160.714
830.1535	13233.977
830.16528	11478.595
830.17712	9776.085
830.1889	8253.3848
830.20068	6957.3755
830.21252	5857.2964
830.2243	4929.7925
830.23615	4210.0073
830.24792	3626.4841
830.25977	3147.7119
830.27155	2777.9429
830.28333	2493.218
830.29517	2235.1367
830.30695	2032.6654
830.31879	1864.5082
830.33057	1741.9653
830.34241	1629.933
830.35419	1534.4617
830.36603	1465.5687
830.37781	1401.7057
830.38959	1346.7263
830.40143	1301.2198
830.41321	1271.8591
830.42505	1240.8947
830.43683	1204.8102
830.44867	1176.8005
830.46045	1158.845
830.47223	1133.652
830.48407	1119.9523
830.49585	1103.4613
830.50769	1091.4933
830.51947	1079.8895
830.53131	1063.2069
830.54309	1059.2231
830.55487	1050.4895
830.56671	1039.621
830.57849	1031.5289
830.59033	1025.8575
830.60211	1018.8868
830.61395	1010.5054
830.62573	999.03271
830.63757	997.3252
830.64935	996.51172
830.66113	989.43243
830.67297	988.47046
830.68475	977.16095
830.69659	970.30334
830.70837	969.80243
830.72021	964.68506
830.73199	960.27655
830.74377	962.34058
830.75562	959.99371
830.7674	955.50153
830.77924	953.95825
830.79102	943.93402
830.80286	945.66278
830.81464	941.49048
830.82642	939.00641
830.83826	938.92395
830.85004	942.06183
830.86188	939.6145
830.87366	932.22388
830.8855	929.27313
830.89728	929.69263
830.90912	928.95593
830.9209	927.53796
830.93268	925.211
830.94452	923.76166
830.9563	920.85852
830.96814	918.09058
830.97992	919.42059
830.99176	917.5639
831.00354	918.61261
831.01532	918.54797
831.02716	916.11719
831.03894	915.34735
831.05078	914.64197
831.06256	913.51709
831.0744	912.05914
831.08618	908.99353
831.09802	911.47705
831.1098	904.81201
831.12158	908.08661
831.13342	906.04578
831.1452	906.19739
831.15704	903.27313
831.16882	906.99933
831.18066	905.77515
831.19244	900.77832
831.20422	905.22015
831.21606	901.12531
831.22784	901.73853
831.23969	901.38965
831.25146	902.42102
831.26331	901.66016
831.27509	900.11145
831.28687	899.27094
831.29871	900.21716
831.31049	897.25476
831.32233	896.95807
831.33411	897.50397
831.34595	897.46564
831.35773	897.37531
831.36957	896.78485
831.38135	894.80426
831.39313	893.0567
831.40497	893.65808
831.41675	895.89478
831.42859	895.716
831.44037	896.20911
831.45221	895.13708
831.46399	893.28168
831.47577	892.03827
831.48761	891.8288
831.49939	892.59082
831.51123	891.10455
831.52301	890.35315
831.53485	893.18097
831.54663	892.7887
831.55847	890.34192
831.57025	890.10138
831.58203	890.10028
831.59387	891.54926
831.60565	890.4967
831.61749	889.19177
831.62927	889.37744
831.64111	889.12366
831.65289	889.56403
831.66467	887.95905
831.67651	890.54425
831.68829	888.78674
831.70013	887.16473
831.71191	885.86682
831.72375	885.77795
831.73553	887.46979
831.74731	885.92584
831.75916	885.69012
831.77094	885.49542
831.78278	887.15344
831.79456	886.85547
831.8064	887.46552
831.81818	886.66895
831.83002	885.84167
831.8418	887.41052
831.85358	886.42151
831.86542	886.75146
831.8772	885.58734
831.88904	884.23846
831.90082	885.52917
831.91266	884.20282
831.92444	886.091
831.93622	885.37122
831.94806	882.79242
831.95984	885.46503
831.97168	885.33276
831.98346	885.91876
831.9953	885.85895
832.00708	883.83929
832.01886	882.18604
832.0307	884.10846
832.04248	882.36615
832.05432	883.11487
832.0661	881.9278
832.07794	883.43005
832.08972	883.0119
832.10156	880.02966
832.11334	882.49664
832.12512	883.25763
832.13696	880.85693
832.14874	882.25336
832.16058	883.18573
832.17236	881.16138
832.1842	881.75092
832.19598	882.96295
832.20776	882.96271
832.2196	883.02277
832.23138	881.11322
832.24323	881.99524
832.255	882.76117
832.26685	882.46613
832.27863	883.63062
832.29047	880.31091
832.30225	881.38495
832.31403	879.3974
832.32587	879.48969
832.33765	879.66968
832.34949	881.84619
832.36127	879.72424
832.37311	879.0271
832.38489	880.55853
832.39667	881.96118
832.40851	879.88165
832.42029	879.85413
832.43213	880.74756
832.44391	880.19275
832.45575	880.13245
832.46753	880.04083
832.47931	877.29156
832.49115	877.2489
832.50293	880.32281
832.51477	880.23035
832.52655	879.61664
832.53839	880.0213
832.55017	879.39252
832.56201	879.14435
832.57379	879.84216
832.58557	878.63934
832.59741	877.04651
832.60919	880.53802
832.62103	877.83685
832.63281	878.5733
832.64465	878.42273
832.65643	879.21246
832.66821	878.71552
832.68005	877.65692
832.69183	877.48773
832.70367	880.37903
832.71545	880.03754
832.72729	876.58392
832.73907	878.85754
832.75092	876.62341
832.7627	878.76184
832.77448	878.77594
832.78632	877.4447
832.7981	877.48804
832.80994	877.44666
832.82172	876.3562
832.83356	877.88568
832.84534	877.0293
832.85712	877.67871
832.86896	879.10474
832.88074	879.02972
832.89258	877.68604
832.90436	876.25201
832.9162	876.61462
832.92798	877.14069
832.93976	877.18536
832.9516	876.97699
832.96338	876.77148
832.97522	877.16644
832.987	876.18848
832.99884	876.23096
833.01062	875.73462
833.02246	876.72205
833.03424	876.70575
833.04602	876.79535
833.05786	877.89899
833.06964	877.32056
833.08148	876.60693
833.09326	877.2431
833.1051	876.24219
833.11688	877.99701
833.12866	877.52484
833.1405	877.05365
833.15228	877.82635
833.16412	876.19629
833.1759	874.83356
833.18774	876.55353
833.19952	876.62085
833.2113	875.87555
833.22314	876.73145
833.23492	876.85724
833.24677	876.08734
833.25854	874.51245
833.27039	875.69623
833.28217	875.93054
833.29401	875.30786
833.30579	874.87891
833.31757	875.36017
833.32941	876.56689
833.34119	875.48987
833.35303	873.9895
833.36481	874.26086
833.37665	876.35016
833.38843	875.98608
833.40021	875.97217
833.41205	875.75256
833.42383	875.71057
833.43567	875.62323
833.44745	875.92139
833.45929	877.17767
833.47107	876.32843
833.48291	876.1366
833.49469	876.17395
833.50647	875.60858
833.51831	875.97571
833.53009	875.35785
833.54193	875.57843
833.55371	875.25769
833.56555	873.81403
833.57733	875.99994
833.58911	875.27905
833.60095	875.44855
833.61273	874.55682
833.62457	874.40729
833.63635	876.38965
833.64819	875.64868
833.65997	874.26807
833.67175	875.64374
833.68359	874.89063
833.69537	874.88971
833.70721	876.10602
833.71899	874.56287
833.73083	874.31653
833.74261	874.47815
833.75446	874.89001
833.76624	874.78552
833.77802	875.12585
833.78986	875.37714
833.80164	873.76416
833.81348	875.026
833.82526	875.18103
833.8371	875.57849
833.84888	874.73749
833.86066	875.08966
833.8725	875.90662
833.88428	875.47614
833.89612	875.35345
833.9079	874.30676
833.91974	875.51575
833.93152	874.047
833.94336	873.83972
833.95514	873.03998
833.96692	876.25116
833.97876	875.01428
833.99054	875.34741
834.00238	875.25525
834.01416	875.30859
834.026	875.40991
834.03778	873.11011
834.04956	872.68695
834.0614	874.82562
834.07318	875.61633
834.08502	873.86755
834.0968	875.0929
834.10864	874.9942
834.12042	873.66449
834.1322	872.78778
834.14404	875.23395
834.15582	874.24799
834.16766	874.86023
834.17944	874.51093
834.19128	873.78778
834.20306	874.21472
834.2149	873.55884
834.22668	874.07367
834.23846	874.78107
834.25031	875.22675
834.26208	874.59973
834.27393	873.76282
834.28571	874.65143
834.29755	873.93573
834.30933	874.36163
834.32111	873.91577
834.33295	875.39319
834.34473	874.95313
834.35657	874.24866
834.36835	873.05536
834.38019	873.69238
834.39197	874.14484
834.40375	875.13715
834.41559	873.15247
834.42737	874.1521
834.43921	874.94476
834.45099	875.11316
834.46283	873.63104
834.47461	873.66589
834.48645	875.81763
834.49823	874.59589
834.51001	875.25372
834.52185	873.89758
834.53363	871.69104
834.54547	872.97839
834.55725	872.58948
834.56909	873.99915
834.58087	872.6604
834.59265	874.72247
834.60449	873.68951
834.61627	872.42194
834.62811	873.37531
834.63989	874.27655
834.65173	873.81403
834.66351	873.11676
834.67535	873.55188
834.68713	874.2962
834.69891	875.33429
834.71075	875.22736
834.72253	874.76233
834.73438	875.2312
834.74615	875.03638
834.758	874.03705
834.76978	873.96289
834.78156	874.15314
834.7934	872.92896
834.80518	874.54095
834.81702	874.53674
834.8288	875.323
834.84064	872.66132
834.85242	874.16254
834.8642	873.58075
834.87604	874.35077
834.88782	872.71423
834.89966	873.79797
834.91144	876.11731
834.92328	874.91003
834.93506	873.03442
834.9469	873.33447
834.95868	873.71057
834.97046	873.62122
834.9823	875.49115
834.99408	874.53174
835.00592	874.72577
835.0177	874.80206
835.02954	874.03223
835.04132	873.72986
835.0531	874.46008
835.06494	873.81677
835.07672	873.60895
835.08856	873.18805
835.10034	873.15271
835.11218	873.53583
835.12396	873.51477
835.1358	873.49457
835.14758	875.03101
835.15936	874.66229
835.1712	875.46051
835.18298	875.52887
835.19482	876.6322
835.2066	875.75745
835.21844	873.29449
835.23022	874.69794
835.242	872.54974
835.25385	873.30481
835.26563	874.46466
835.27747	873.60608
835.28925	872.9458
835.30109	875.29028
835.31287	874.17993
835.32465	873.75134
835.33649	874.87518
835.34827	874.83557
835.36011	874.19653
835.37189	873.85138
835.38373	874.3866
835.39551	876.32428
835.40735	875.50635
835.41913	874.47668
835.43091	874.82764
835.44275	874.55585
835.45453	873.90289
835.46637	873.92181
835.47815	875.46112
835.48999	873.07831
835.50177	873.30322
835.51355	873.91736
835.52539	875.63336
835.53717	874.25031
835.54901	874.54272
835.56079	874.39929
835.57263	874.08777
835.58441	874.58014
835.59625	873.91852
835.60803	874.77478
835.61981	874.75659
835.63165	873.35181
835.64343	873.96814
835.65527	873.04895
835.66705	873.96442
835.67889	872.93518
835.69067	873.34747
835.70245	874.17737
835.71429	874.31934
835.72607	873.19366
835.73792	873.5531
835.74969	875.47479
835.76154	873.56763
835.77332	875.40979
835.7851	873.89227
835.79694	873.44049
835.80872	874.81091
835.82056	874.58014
835.83234	874.56946
835.84418	876.23358
835.85596	874.70593
835.8678	873.69141
835.87958	873.26746
835.89136	874.46094
835.9032	873.96942
835.91498	875.97211
835.92682	874.01788
835.9386	875.83789
835.95044	872.28821
835.96222	873.24756
835.974	876.07623
835.98584	875.02081
835.99762	874.57916
836.00946	874.98383
836.02124	874.58514
836.03308	873.05005
836.04486	873.45483
836.05664	875.21918
836.06848	874.34326
836.08026	874.47198
836.0921	874.40466
836.10388	874.62885
836.11572	872.82324
836.1275	874.47168
836.13934	875.35126
836.15112	874.53387
836.1629	873.43604
836.17474	874.15338
836.18652	873.68542
836.19836	874.43475
836.21014	873.69812
836.22198	875.96454
836.23376	873.72955
836.24554	874.28137
836.25739	873.73419
836.26917	874.52258
836.28101	873.98236
836.29279	873.50903
836.30463	874.58887
836.31641	873.29291
836.32825	873.6145
836.34003	874.99768
836.35181	874.46417
836.36365	874.40088
836.37543	873.34271
836.38727	872.4552
836.39905	873.12775
836.41089	874.89069
836.42267	874.67725
836.43445	874.17712
836.44629	874.68793
836.45807	874.93799
836.46991	873.21466
836.48169	874.29205
836.49353	873.23169
836.50531	874.01355
836.51709	874.91205
836.52893	872.56201
836.54071	873.94171
836.55255	873.68585
836.56433	872.47699
836.57617	872.40454
836.58795	873.81104
836.59979	875.20093
836.61157	874.47998
836.62335	873.75336
836.63519	873.37366
836.64697	873.6767
836.65881	874.48962
836.67059	874.90253
836.68243	874.66132
836.69421	874.44385
836.70599	874.16486
836.71783	876.84546
836.72961	874.87665
836.74146	875.91803
836.75323	874.117
836.76508	874.7832
836.77686	875.2356
836.7887	872.68958
836.80048	874.74164
836.81226	874.63251
836.8241	875.42725
836.83588	874.84589
836.84772	876.7384
836.8595	875.44226
836.87134	874.37
836.88312	874.46478
836.8949	874.63031
836.90674	873.08014
836.91852	874.1496
836.93036	875.08826
836.94214	873.83356
836.95398	873.50452
836.96576	873.74396
836.97754	874.76917
836.98938	875.49872
837.00116	873.98358
837.013	874.2428
837.02478	873.87238
837.03662	873.29382
837.0484	872.29559
837.06024	875.29132
837.07202	876.22467
837.0838	873.46747
837.09564	873.62885
837.10742	875.30432
837.11926	875.77136
837.13104	873.9223
837.14288	874.63739
837.15466	875.7569
837.16644	873.99823
837.17828	874.02368
837.19006	874.78271
837.2019	874.97125
837.21368	874.04425
837.22552	873.98944
837.2373	873.59155
837.24908	873.45648
837.26093	874.45795
837.27271	874.45117
837.28455	873.09338
837.29633	876.05536
837.30817	874.00433
837.31995	875.34784
837.33179	874.57404
837.34357	874.1366
837.35535	874.04773
837.36719	874.10107
837.37897	873.83832
837.39081	875.37048
837.40259	875.40802
837.41443	874.16223
837.42621	874.71869
837.43799	875.56671
837.44983	874.29761
837.46161	874.2077
837.47345	874.7287
837.48523	874.95367
837.49707	874.5611
837.50885	875.05182
837.52069	875.32886
837.53247	875.72516
837.54425	873.89923
837.55609	872.88251
837.56787	873.35266
837.57971	872.88062
837.59149	874.22913
837.60333	875.50677
837.61511	874.78418
837.62689	872.87213
837.63873	874.74329
837.65051	873.54425
837.66235	874.05237
837.67413	874.58344
837.68597	873.56226
837.69775	874.85382
837.70953	877.42743
837.72137	875.35077
837.73315	871.67761
837.745	873.37036
837.75677	874.56616
837.76862	874.15649
837.7804	873.47461
837.79224	875.13623
837.80402	876.5517
837.8158	875.09937
837.82764	877.03033
837.83942	875.04016
837.85126	873.99554
837.86304	872.73242
837.87488	874.61676
837.88666	873.58112
837.89844	873.82178
837.91028	873.40039
837.92206	873.53162
837.9339	875.03979
837.94568	874.71271
837.95752	874.22821
837.9693	872.40228
837.98114	873.19946
837.99292	873.37201
838.0047	873.58759
838.01654	874.65015
838.02832	873.16284
838.04016	874.70264
838.05194	874.03406
838.06378	874.6123
838.07556	874.63196
838.08734	872.70154
838.09918	873.36578
838.11096	874.89819
838.1228	876.21777
838.13458	874.85278
838.14642	874.95996
838.1582	874.88641
838.16998	876.29211
838.18182	875.75336
838.1936	873.8161
838.20544	872.94257
838.21722	871.88141
838.22906	875.78198
838.24084	875.45721
838.25269	876.55774
838.26447	872.73602
838.27625	875.05542
838.28809	873.59821
838.29987	870.35736
838.31171	873.33282
838.32349	875.55542
838.33533	874.50897
838.34711	874.20416
838.35889	875.34052
838.37073	876.10211
838.38251	875.60724
838.39435	873.95343
838.40613	873.63983
838.41797	875.39374
838.42975	872.97809
838.44153	874.30231
838.45337	873.09802
838.46515	875.93738
838.47699	874.27313
838.48877	874.80804
838.50061	873.22961
838.51239	875.09033
838.52423	874.59827
838.53601	873.98224
838.54779	873.83063
838.55963	875.13116
838.57141	873.82391
838.58325	872.87268
838.59503	873.86841
838.60687	873.8183
838.61865	872.94873
838.63043	874.23224
838.64227	872.88641
838.65405	873.70953
838.66589	872.52545
838.67767	876.00397
838.68951	874.26276
838.70129	876.427
838.71313	872.49017
838.72491	872.19916
838.73669	872.61798
838.74854	873.80432
838.76031	874.48511
838.77216	874.61499
838.78394	873.87036
838.79578	876.07507
838.80756	876.07324
838.81934	875.11572
838.83118	875.99744
838.84296	876.13477
838.8548	875.35706
838.86658	875.98322
838.87842	873.76593
838.8902	876.25189
838.90198	874.35303
838.91382	872.24365
838.9256	875.89008
838.93744	875.74164
838.94922	876.51294
838.96106	875.32971
838.97284	874.6778
838.98468	875.36865
838.99646	875.45233
839.00824	873.96381
839.02008	874.02612
839.03186	873.98981
839.0437	875.27264
839.05548	876.31732
839.06732	875.99408
839.0791	873.88763
839.09088	872.16144
839.10272	876.70197
839.1145	876.21375
839.12634	877.62799
839.13812	875.84833
839.14996	874.00409
839.16174	876.20276
839.17358	874.67303
839.18536	873.27936
839.19714	875.03418
839.20898	874.4306
839.22076	874.66168
839.2326	877.29285
839.24438	875.49658
839.25623	875.69696
839.26801	875.78699
839.27979	877.21783
839.29163	875.49707
839.30341	872.08881
839.31525	874.0871
839.32703	874.44885
839.33887	875.04584
839.35065	876.28845
839.36243	876.13721
839.37427	874.10291
839.38605	874.22632
839.39789	875.4845
839.40967	875.88513
839.42151	873.74969
839.43329	871.17261
839.44513	874.92688
839.45691	875.86249
839.46869	875.15393
839.48053	877.22827
839.49231	873.7655
839.50415	875.93634
839.51593	873.5813
839.52777	874.48376
839.53955	872.09595
839.55133	874.16272
839.56317	876.1745
839.57495	875.49744
839.58679	874.40717
839.59857	875.33411
839.61041	873.28448
839.62219	875.38147
839.63397	874.21881
839.64581	874.1701
839.65759	874.7395
839.66943	873.81287
839.68121	876.35669
839.69305	872.93011
839.70483	873.70465
839.71667	875.49817
839.72845	874.58661
839.74023	874.80463
839.75208	874.11047
839.76385	874.54053
839.7757	874.40173
839.78748	874.1825
839.79932	874.38672
839.8111	873.84686
839.82288	876.31982
839.83472	876.01282
839.8465	874.6123
839.85834	875.19305
839.87012	872.75024
839.88196	875.56012
839.89374	873.34503
839.90558	874.17633
839.91736	875.65747
839.92914	875.43481
839.94098	875.21838
839.95276	874.08295
839.9646	873.76031
839.97638	873.64532
839.98822	874.17474
840	875.73047
