800.14166	871.89337
800.1535	873.03284
800.16528	870.92328
800.17712	871.95599
800.1889	873.2663
800.20068	872.08459
800.21252	869.92554
800.2243	871.50745
800.23615	871.73718
800.24792	874.6673
800.25977	874.56909
800.27155	873.37152
800.28333	873.02142
800.29517	872.58911
800.30695	871.46283
800.31879	871.59216
800.33057	872.39441
800.34241	871.80713
800.35419	873.73962
800.36603	872.41223
800.37781	872.09589
800.38959	870.20636
800.40143	873.61487
800.41321	873.13879
800.42505	874.6651
800.43683	874.19379
800.44867	872.53662
800.46045	872.63672
800.47223	873.7879
800.48407	872.92834
800.49585	872.5719
800.50769	874.35419
800.51947	874.31757
800.53131	871.89795
800.54309	871.18689
800.55487	870.26398
800.56671	870.04578
800.57849	872.75317
800.59033	874.29883
800.60211	875.24854
800.61395	872.11169
800.62573	872.02002
800.63757	873.1322
800.64935	875.25043
800.66113	873.76166
800.67297	874.72284
800.68475	873.02985
800.69659	871.88556
800.70837	871.31311
800.72021	870.47876
800.73199	873.91266
800.74377	872.995
800.75562	871.32117
800.7674	873.58392
800.77924	873.4126
800.79102	874.8869
800.80286	870.94879
800.81464	875.74951
800.82642	873.19702
800.83826	871.16492
800.85004	871.7467
800.86188	872.47528
800.87366	873.25067
800.8855	874.3692
800.89728	873.15833
800.90912	872.54053
800.9209	873.68445
800.93268	872.87238
800.94452	873.08038
800.9563	874.45947
800.96814	875.15698
800.97992	875.92017
800.99176	874.10919
801.00354	875.27271
801.01532	876.61511
801.02716	874.04498
801.03894	872.30396
801.05078	874.2475
801.06256	872.27716
801.0744	872.90833
801.08618	874.02332
801.09802	872.68964
801.1098	873.53815
801.12158	874.11389
801.13342	871.9007
801.1452	872.56342
801.15704	872.29462
801.16882	872.99792
801.18066	872.62524
801.19244	870.29663
801.20422	873.32196
801.21606	873.32196
801.22784	872.9892
801.23969	873.54468
801.25146	872.08276
801.26331	870.16144
801.27509	873.48712
801.28687	871.79791
801.29871	871.22632
801.31049	874.05487
801.32233	874.3277
801.33411	873.28064
801.34595	873.57629
801.35773	872.81653
801.36957	873.16498
801.38135	872.65192
801.39313	872.41583
801.40497	874.35272
801.41675	869.66766
801.42859	871.53998
801.44037	873.72589
801.45221	872.30078
801.46399	875.48895
801.47577	875.14215
801.48761	874.19006
801.49939	872.73676
801.51123	871.84839
801.52301	872.72357
801.53485	873.09735
801.54663	873.22797
801.55847	874.48157
801.57025	873.77722
801.58203	872.37994
801.59387	874.37213
801.60565	873.96832
801.61749	873.14288
801.62927	873.97882
801.64111	874.71326
801.65289	875.34937
801.66467	875.30292
801.67651	873.77747
801.68829	872.90967
801.70013	871.29205
801.71191	872.57483
801.72375	874.41547
801.73553	873.78967
801.74731	872.28906
801.75916	873.13947
801.77094	875.11273
801.78278	874.67877
801.79456	872.94092
801.8064	871.82013
801.81818	871.23065
801.83002	871.18481
801.8418	874.86499
801.85358	872.95776
801.86542	874.52722
801.8772	875.60687
801.88904	872.4137
801.90082	873.07532
801.91266	872.62256
801.92444	873.42456
801.93622	872.51709
801.94806	871.51379
801.95984	873.65558
801.97168	873.22418
801.98346	871.87079
801.9953	873.34894
802.00708	872.13159
802.01886	872.87415
802.0307	873.8457
802.04248	870.96539
802.05432	872.00073
802.0661	871.18219
802.07794	873.42969
802.08972	872.15472
802.10156	872.40259
802.11334	873.54645
802.12512	872.20398
802.13696	873.2345
802.14874	871.29272
802.16058	871.07806
802.17236	872.21509
802.1842	870.78552
802.19598	870.34369
802.20776	872.94678
802.2196	874.99915
802.23138	874.74432
802.24323	872.40875
802.255	871.13354
802.26685	871.01257
802.27863	875.72943
802.29047	875.44312
802.30225	872.3374
802.31403	875.47858
802.32587	873.51483
802.33765	875.32111
802.34949	874.06183
802.36127	874.15857
802.37311	874.29626
802.38489	873.23059
802.39667	874.5235
802.40851	876.80762
802.42029	877.31158
802.43213	876.07361
802.44391	873.83685
802.45575	872.0603
802.46753	871.9054
802.47931	872.24316
802.49115	873.90265
802.50293	874.21423
802.51477	872.0213
802.52655	874.77228
802.53839	874.63086
802.55017	873.46869
802.56201	872.84644
802.57379	874.99329
802.58557	872.15503
802.59741	874.03491
802.60919	873.66968
802.62103	873.87396
802.63281	873.21106
802.64465	871.883
802.65643	871.09375
802.66821	872.0235
802.68005	872.45807
802.69183	871.93701
802.70367	874.51666
802.71545	874.73956
802.72729	874.70715
802.73907	874.84149
802.75092	873.37634
802.7627	872.80597
802.77448	874.2804
802.78632	870.91931
802.7981	873.02643
802.80994	872.74933
802.82172	871.92462
802.83356	871.74152
802.84534	874.94202
802.85712	875.43713
802.86896	873.8526
802.88074	875.06897
802.89258	873.81244
802.90436	872.43115
802.9162	873.76672
802.92798	873.38385
802.93976	873.20026
802.9516	872.92297
802.96338	872.8927
802.97522	873.7572
802.987	875.11279
802.99884	873.65393
803.01062	874.00598
803.02246	875.62915
803.03424	872.63354
803.04602	873.51031
803.05786	875.04285
803.06964	873.03589
803.08148	873.79242
803.09326	877.05444
803.1051	874.71606
803.11688	874.11865
803.12866	874.47467
803.1405	873.08929
803.15228	872.64734
803.16412	873.97778
803.1759	874.31976
803.18774	873.68726
803.19952	875.61444
803.2113	875.68854
803.22314	874.32129
803.23492	874.92218
803.24677	873.15228
803.25854	872.43347
803.27039	871.88458
803.28217	870.98444
803.29401	873.66425
803.30579	873.64722
803.31757	874.88483
803.32941	875.53265
803.34119	872.81433
803.35303	873.91766
803.36481	875.93445
803.37665	874.52618
803.38843	872.81146
803.40021	873.38654
803.41205	873.57794
803.42383	872.88513
803.43567	872.86566
803.44745	872.57513
803.45929	872.68176
803.47107	872.06476
803.48291	874.74133
803.49469	875.97003
803.50647	874.19202
803.51831	872.51392
803.53009	873.07477
803.54193	873.24677
803.55371	873.99756
803.56555	875.34814
803.57733	874.61084
803.58911	873.85907
803.60095	873.69824
803.61273	873.51971
803.62457	873.41272
803.63635	873.00812
803.64819	872.1026
803.65997	872.58813
803.67175	873.61505
803.68359	872.46564
803.69537	873.20483
803.70721	874.15363
803.71899	874.4566
803.73083	873.41742
803.74261	873.28705
803.75446	873.68933
803.76624	871.73541
803.77802	871.68268
803.78986	872.51886
803.80164	874.13776
803.81348	874.23267
803.82526	871.59753
803.8371	870.71729
803.84888	873.11572
803.86066	871.78778
803.8725	871.59772
803.88428	873.54236
803.89612	874.40668
803.9079	874.11633
803.91974	874.11169
803.93152	871.75256
803.94336	870.26331
803.95514	872.26581
803.96692	873.52283
803.97876	873.5058
803.99054	872.15369
804.00238	872.50861
804.01416	872.94843
804.026	873.46124
804.03778	874.91034
804.04956	875.48517
804.0614	874.77765
804.07318	872.57544
804.08502	872.23499
804.0968	872.91101
804.10864	873.36249
804.12042	872.59387
804.1322	872.14136
804.14404	873.86523
804.15582	873.8092
804.16766	873.00275
804.17944	873.3042
804.19128	873.26288
804.20306	871.48541
804.2149	872.65356
804.22668	874.20929
804.23846	872.26276
804.25031	871.1709
804.26208	873.25122
804.27393	874.87573
804.28571	873.16431
804.29755	873.68573
804.30933	874.48914
804.32111	873.68243
804.33295	873.43323
804.34473	873.59113
804.35657	871.81952
804.36835	873.85052
804.38019	874.32068
804.39197	874.08099
804.40375	873.62885
804.41559	874.12421
804.42737	873.80231
804.43921	871.89117
804.45099	873.94421
804.46283	874.94238
804.47461	874.60596
804.48645	873.91345
804.49823	873.3421
804.51001	873.78333
804.52185	872.57166
804.53363	871.70496
804.54547	872.22845
804.55725	872.81848
804.56909	875.0036
804.58087	872.46948
804.59265	874.3288
804.60449	874.23663
804.61627	873.86249
804.62811	874.56879
804.63989	876.18408
804.65173	873.34296
804.66351	873.54175
804.67535	874.22882
804.68713	873.72449
804.69891	874.22742
804.71075	873.70087
804.72253	873.0282
804.73438	870.99133
804.74615	871.85706
804.758	873.64618
804.76978	872.61011
804.78156	872.55994
804.7934	872.81409
804.80518	872.67627
804.81702	874.58301
804.8288	873.78766
804.84064	873.05475
804.85242	871.50354
804.8642	875.33917
804.87604	872.32452
804.88782	872.99243
804.89966	871.38312
804.91144	874.23401
804.92328	874.1228
804.93506	872.33746
804.9469	874.09326
804.95868	873.60602
804.97046	872.47711
804.9823	871.17761
804.99408	871.43854
805.00592	872.99744
805.0177	873.46198
805.02954	872.89099
805.04132	873.81317
805.0531	873.00861
805.06494	872.06604
805.07672	872.43121
805.08856	872.17267
805.10034	872.86377
805.11218	872.698
805.12396	871.75183
805.1358	872.5332
805.14758	872.91986
805.15936	875.93115
805.1712	873.64227
805.18298	874.73676
805.19482	875.13678
805.2066	873.92236
805.21844	873.60858
805.23022	873.0517
805.242	872.19183
805.25385	871.86688
805.26563	870.71802
805.27747	875.33264
805.28925	872.16797
805.30109	872.56915
805.31287	873.80267
805.32465	874.38324
805.33649	874.84656
805.34827	875.79358
805.36011	874.08093
805.37189	872.02875
805.38373	871.54102
805.39551	872.39441
805.40735	872.76855
805.41913	872.32947
805.43091	871.90668
805.44275	871.4201
805.45453	871.74902
805.46637	873.28333
805.47815	874.92267
805.48999	874.74231
805.50177	873.58905
805.51355	876.12933
805.52539	874.49951
805.53717	871.38232
805.54901	873.0791
805.56079	874.05853
805.57263	872.12219
805.58441	871.81183
805.59625	874.48932
805.60803	873.97552
805.61981	873.91333
805.63165	874.16827
805.64343	872.71503
805.65527	874.37292
805.66705	874.68335
805.67889	873.55621
805.69067	872.46216
805.70245	873.5639
805.71429	873.5304
805.72607	874.29987
805.73792	875.16266
805.74969	873.9682
805.76154	874.01697
805.77332	874.22333
805.7851	875.0907
805.79694	873.70093
805.80872	875.46777
805.82056	875.14142
805.83234	873.59186
805.84418	873.86157
805.85596	873.5307
805.8678	875.24377
805.87958	871.93134
805.89136	873.99976
805.9032	873.40967
805.91498	872.85413
805.92682	874.34027
805.9386	874.94562
805.95044	874.32715
805.96222	874.138
805.974	872.58777
805.98584	873.19897
805.99762	874.26477
806.00946	874.20483
806.02124	873.41339
806.03308	873.74341
806.04486	872.89691
806.05664	872.75299
806.06848	872.59668
806.08026	872.28168
806.0921	873.37262
806.10388	873.8269
806.11572	873.27783
806.1275	871.34283
806.13934	873.75879
806.15112	874.00549
806.1629	872.03564
806.17474	871.83594
806.18652	873.6311
806.19836	873.06201
806.21014	873.47424
806.22198	873.64178
806.23376	871.95496
806.24554	870.68909
806.25739	872.62067
806.26917	871.54175
806.28101	874.11279
806.29279	873.10376
806.30463	874.30988
806.31641	873.09021
806.32825	873.53345
806.34003	873.85675
806.35181	874.18756
806.36365	873.43738
806.37543	874.60657
806.38727	874.29114
806.39905	872.76129
806.41089	873.37268
806.42267	874.09802
806.43445	873.45526
806.44629	874.35431
806.45807	874.53955
806.46991	874.73834
806.48169	873.96393
806.49353	874.98956
806.50531	873.86646
806.51709	873.0285
806.52893	871.11395
806.54071	873.74103
806.55255	875.85211
806.56433	874.79633
806.57617	873.55115
806.58795	874.29865
806.59979	873.28693
806.61157	874.02234
806.62335	870.98132
806.63519	871.88129
806.64697	870.96277
806.65881	873.46777
806.67059	872.69745
806.68243	875.22632
806.69421	873.7572
806.70599	873.76605
806.71783	873.38849
806.72961	872.84589
806.74146	875.28052
806.75323	872.86023
806.76508	874.82715
806.77686	872.52594
806.7887	873.16089
806.80048	874.53094
806.81226	874.01563
806.8241	873.57422
806.83588	871.38226
806.84772	871.47748
806.8595	873.35547
806.87134	873.70538
806.88312	872.64069
806.8949	872.40948
806.90674	872.96503
806.91852	873.60168
806.93036	873.91101
806.94214	874.99127
806.95398	874.82025
806.96576	873.92078
806.97754	873.1203
806.98938	874.25629
807.00116	872.88098
807.013	873.78357
807.02478	871.66083
807.03662	873.84277
807.0484	872.60455
807.06024	873.24933
807.07202	873.98834
807.0838	873.07758
807.09564	873.57556
807.10742	873.22748
807.11926	873.42047
807.13104	875.03271
807.14288	873.83643
807.15466	872.76862
807.16644	872.71997
807.17828	872.42529
807.19006	872.742
807.2019	874.75354
807.21368	873.73456
807.22552	872.38055
807.2373	871.92212
807.24908	872.41931
807.26093	873.84656
807.27271	874.9267
807.28455	873.85016
807.29633	873.60236
807.30817	874.45038
807.31995	874.69855
807.33179	873.90112
807.34357	872.78088
807.35535	872.58966
807.36719	874.93341
807.37897	874.69745
807.39081	874.22437
807.40259	873.37823
807.41443	873.6723
807.42621	873.08899
807.43799	874.6778
807.44983	873.98474
807.46161	872.36884
807.47345	875.09344
807.48523	873.89862
807.49707	873.57904
807.50885	873.77991
807.52069	873.95129
807.53247	875.17395
807.54425	875.36597
807.55609	874.1889
807.56787	874.31995
807.57971	874.46722
807.59149	873.91626
807.60333	873.66156
807.61511	874.146
807.62689	873.5545
807.63873	874.16827
807.65051	874.47974
807.66235	874.86987
807.67413	875.97437
807.68597	874.5249
807.69775	873.79004
807.70953	874.211
807.72137	873.87201
807.73315	874.61011
807.745	876.09613
807.75677	874.16052
807.76862	875.93738
807.7804	876.823
807.79224	874.99005
807.80402	873.88055
807.8158	876.07825
807.82764	875.61426
807.83942	875.28369
807.85126	875.48438
807.86304	873.72491
807.87488	874.73328
807.88666	872.71625
807.89844	874.24969
807.91028	875.47809
807.92206	875.36603
807.9339	875.98663
807.94568	874.06335
807.95752	873.80554
807.9693	874.67126
807.98114	874.60663
807.99292	874.33496
808.0047	874.10272
808.01654	873.65576
808.02832	873.81256
808.04016	874.96112
808.05194	872.98212
808.06378	873.58691
808.07556	874.36462
808.08734	873.21844
808.09918	872.32617
808.11096	873.58649
808.1228	874.78735
808.13458	872.8479
808.14642	871.87152
808.1582	873.78204
808.16998	873.77887
808.18182	874.18225
808.1936	874.20111
808.20544	874.09064
808.21722	874.35803
808.22906	875.03802
808.24084	874.26404
808.25269	872.87097
808.26447	873.55933
808.27625	873.52582
808.28809	874.16339
808.29987	874.14844
808.31171	874.70392
808.32349	874.77814
808.33533	874.78607
808.34711	876.21729
808.35889	874.64886
808.37073	873.04309
808.38251	875.07495
808.39435	873.55267
808.40613	875.58887
808.41797	874.17236
808.42975	874.7406
808.44153	874.25226
808.45337	875.66278
808.46515	872.34369
808.47699	874.20966
808.48877	873.9859
808.50061	874.2179
808.51239	876.32391
808.52423	873.29913
808.53601	873.8429
808.54779	872.88879
808.55963	873.69519
808.57141	874.51404
808.58325	874.95319
808.59503	873.16199
808.60687	874.61383
808.61865	874.38947
808.63043	873.18811
808.64227	874.03784
808.65405	873.95966
808.66589	874.34711
808.67767	874.24799
808.68951	873.80414
808.70129	873.24799
808.71313	873.09686
808.72491	872.5708
808.73669	872.87994
808.74854	873.565
808.76031	873.78796
808.77216	874.13904
808.78394	876.09338
808.79578	876.43787
808.80756	874.58282
808.81934	874.16681
808.83118	873.02081
808.84296	873.94824
808.8548	875.09094
808.86658	874.64008
808.87842	875.89417
808.8902	875.98199
808.90198	875.18854
808.91382	873.92102
808.9256	874.64722
808.93744	873.42841
808.94922	872.65826
808.96106	873.64038
808.97284	875.31757
808.98468	874.05035
808.99646	873.39825
809.00824	874.7995
809.02008	875.15228
809.03186	875.56494
809.0437	875.32471
809.05548	874.2132
809.06732	873.0498
809.0791	873.79181
809.09088	875.23547
809.10272	874.09143
809.1145	874.41522
809.12634	874.8985
809.13812	874.24384
809.14996	873.70459
809.16174	874.77924
809.17358	873.38605
809.18536	873.63519
809.19714	876.10608
809.20898	876.02472
809.22076	875.49268
809.2326	875.03156
809.24438	874.20758
809.25623	874.7262
809.26801	874.85162
809.27979	873.73383
809.29163	873.48956
809.30341	875.19397
809.31525	873.76874
809.32703	875.22949
809.33887	876.61633
809.35065	873.93176
809.36243	874.90063
809.37427	873.66309
809.38605	874.39825
809.39789	874.66132
809.40967	875.74561
809.42151	875.51385
809.43329	873.84991
809.44513	875.23224
809.45691	874.86334
809.46869	874.31268
809.48053	874.49066
809.49231	875.68164
809.50415	876.52338
809.51593	876.08429
809.52777	875.46704
809.53955	875.77386
809.55133	876.63904
809.56317	874.54041
809.57495	875.1778
809.58679	875.33392
809.59857	874.91724
809.61041	875.49805
809.62219	875.77069
809.63397	875.29669
809.64581	875.43372
809.65759	873.31232
809.66943	875.74042
809.68121	874.97394
809.69305	874.61932
809.70483	875.37146
809.71667	875.3952
809.72845	876.00775
809.74023	876.09827
809.75208	876.29651
809.76385	876.49506
809.7757	875.91644
809.78748	875.37939
809.79932	876.38538
809.8111	875.60443
809.82288	875.24396
809.83472	876.69873
809.8465	875.58606
809.85834	876.63409
809.87012	875.16663
809.88196	875.8501
809.89374	875.1449
809.90558	874.34802
809.91736	875.2196
809.92914	876.79449
809.94098	875.12299
809.95276	876.30719
809.9646	876.64655
809.97638	877.13409
809.98822	876.03363
810	875.27954
810.01178	874.67767
810.02362	874.78278
810.0354	875.86011
810.04724	875.92145
810.05902	874.31384
810.07086	875.36707
810.08264	875.37878
810.09442	875.95215
810.10626	875.60168
810.11804	875.74982
810.12988	875.25385
810.14166	876.00287
810.1535	876.21094
810.16528	876.04315
810.17712	875.98157
810.1889	876.22369
810.20068	876.34943
810.21252	876.96997
810.2243	876.21417
810.23615	877.10675
810.24792	877.6463
810.25977	877.09583
810.27155	878.60669
810.28333	876.38477
810.29517	878.2005
810.30695	877.59283
810.31879	878.07349
810.33057	878.24878
810.34241	876.54291
810.35419	877.69159
810.36603	877.0155
810.37781	878.63153
810.38959	876.88232
810.40143	876.72992
810.41321	877.88745
810.42505	877.06775
810.43683	877.76416
810.44867	877.94824
810.46045	878.18976
810.47223	878.24573
810.48407	878.60803
810.49585	878.23444
810.50769	877.31079
810.51947	879.33411
810.53131	878.06104
810.54309	879.53436
810.55487	879.3811
810.56671	878.50623
810.57849	877.56207
810.59033	878.27087
810.60211	879.30896
810.61395	877.54565
810.62573	877.52332
810.63757	879.2691
810.64935	879.99457
810.66113	878.91565
810.67297	877.43939
810.68475	879.11328
810.69659	880.40723
810.70837	879.51147
810.72021	879.90228
810.73199	878.44922
810.74377	879.19666
810.75562	882.08014
810.7674	880.48999
810.77924	879.85602
810.79102	881.67322
810.80286	879.48907
810.81464	878.78119
810.82642	880.70264
810.83826	879.89459
810.85004	881.19971
810.86188	882.58319
810.87366	883.23071
810.8855	881.61646
810.89728	881.82056
810.90912	882.76263
810.9209	882.45831
810.93268	882.81427
810.94452	880.85425
810.9563	880.12952
810.96814	883.88733
810.97992	883.60223
810.99176	883.84674
811.00354	883.95599
811.01532	886.37451
811.02716	884.79547
811.03894	885.2793
811.05078	886.0448
811.06256	886.7475
811.0744	886.13501
811.08618	886.0484
811.09802	886.66846
811.1098	883.81445
811.12158	884.85437
811.13342	886.19885
811.1452	886.00385
811.15704	887.9679
811.16882	889.50269
811.18066	888.47748
811.19244	890.92828
811.20422	889.71979
811.21606	888.59357
811.22784	887.8623
811.23969	888.92596
811.25146	889.83551
811.26331	891.41736
811.27509	891.98413
811.28687	891.82825
811.29871	891.1358
811.31049	892.17145
811.32233	894.94208
811.33411	892.55237
811.34595	892.81439
811.35773	891.92371
811.36957	891.47552
811.38135	893.34705
811.39313	892.41675
811.40497	892.92676
811.41675	891.21417
811.42859	890.11597
811.44037	890.92212
811.45221	891.47827
811.46399	892.67871
811.47577	894.39154
811.48761	893.44489
811.49939	893.19452
811.51123	892.4848
811.52301	892.59979
811.53485	892.08081
811.54663	890.96716
811.55847	889.50842
811.57025	890.08594
811.58203	889.96228
811.59387	892.16791
811.60565	891.44696
811.61749	891.58447
811.62927	891.66449
811.64111	892.17926
811.65289	891.4837
811.66467	891.11169
811.67651	889.33838
811.68829	892.40295
811.70013	891.64587
811.71191	891.41602
811.72375	889.22803
811.73553	889.13397
811.74731	890.20227
811.75916	889.17389
811.77094	887.17957
811.78278	886.19208
811.79456	888.164
811.8064	886.41064
811.81818	885.48523
811.83002	889.53998
811.8418	887.05609
811.85358	886.40192
811.86542	886.66815
811.8772	885.57874
811.88904	886.65466
811.90082	885.36322
811.91266	885.47577
811.92444	885.86292
811.93622	885.28638
811.94806	888.28931
811.95984	886.02661
811.97168	885.21405
811.98346	885.57104
811.9953	887.46887
812.00708	886.33551
812.01886	885.39575
812.0307	884.81891
812.04248	883.75684
812.05432	884.28778
812.0661	883.66333
812.07794	882.10956
812.08972	884.12891
812.10156	883.40363
812.11334	881.93945
812.12512	883.99762
812.13696	885.05096
812.14874	884.72565
812.16058	884.21729
812.17236	883.05627
812.1842	883.02576
812.19598	881.98315
812.20776	883.28278
812.2196	882.71082
812.23138	883.32068
812.24323	884.16565
812.255	884.39758
812.26685	884.11456
812.27863	885.05573
812.29047	885.44385
812.30225	884.6308
812.31403	884.61005
812.32587	883.77014
812.33765	882.78583
812.34949	882.24194
812.36127	882.99554
812.37311	884.50763
812.38489	883.88281
812.39667	882.74915
812.40851	884.63257
812.42029	884.0686
812.43213	881.7229
812.44391	882.4361
812.45575	883.55975
812.46753	884.60944
812.47931	883.13403
812.49115	882.43054
812.50293	883.4577
812.51477	884.68469
812.52655	882.45038
812.53839	883.87097
812.55017	883.75757
812.56201	882.6236
812.57379	883.09119
812.58557	883.37744
812.59741	881.74072
812.60919	882.11066
812.62103	885.54938
812.63281	885.58246
812.64465	884.26837
812.65643	883.23273
812.66821	883.45416
812.68005	884.10028
812.69183	884.67572
812.70367	886.36383
812.71545	883.95111
812.72729	883.78552
812.73907	883.88379
812.75092	886.94739
812.7627	884.60114
812.77448	884.93134
812.78632	884.49005
812.7981	885.96777
812.80994	885.06305
812.82172	884.96533
812.83356	886.33752
812.84534	886.44403
812.85712	884.29822
812.86896	883.64337
812.88074	885.72308
812.89258	884.3739
812.90436	887.00671
812.9162	884.69965
812.92798	886.12598
812.93976	883.19135
812.9516	887.72217
812.96338	885.06464
812.97522	883.58765
812.987	887.49506
812.99884	888.3537
813.01062	887.63959
813.02246	888.25464
813.03424	887.62146
813.04602	889.59924
813.05786	889.08551
813.06964	887.44183
813.08148	889.28259
813.09326	888.2984
813.1051	888.00629
813.11688	888.55768
813.12866	888.49658
813.1405	890.08221
813.15228	890.55896
813.16412	887.06372
813.1759	890.57733
813.18774	889.25592
813.19952	889.70105
813.2113	891.07611
813.22314	890.48645
813.23492	891.46094
813.24677	891.79272
813.25854	891.93237
813.27039	893.62524
813.28217	893.98926
813.29401	892.80658
813.30579	893.21564
813.31757	893.60858
813.32941	895.53601
813.34119	895.7865
813.35303	895.98682
813.36481	896.62885
813.37665	896.28967
813.38843	897.75787
813.40021	898.04462
813.41205	896.46429
813.42383	897.15186
813.43567	896.61499
813.44745	898.62415
813.45929	897.63733
813.47107	899.15472
813.48291	900.1131
813.49469	900.69885
813.50647	902.04541
813.51831	900.4043
813.53009	901.64771
813.54193	905.77338
813.55371	904.54187
813.56555	901.20221
813.57733	907.0791
813.58911	906.94238
813.60095	904.56445
813.61273	908.83649
813.62457	906.60596
813.63635	910.61487
813.64819	909.86542
813.65997	910.19379
813.67175	912.11475
813.68359	911.25098
813.69537	917.03949
813.70721	913.71417
813.71899	918.66064
813.73083	911.995
813.74261	916.27484
813.75446	917.02026
813.76624	917.57281
813.77802	920.24054
813.78986	925.63995
813.80164	923.16333
813.81348	922.33588
813.82526	922.37372
813.8371	925.62433
813.84888	923.98737
813.86066	931.03571
813.8725	933.51685
813.88428	933.33795
813.89612	931.22815
813.9079	932.58563
813.91974	933.82574
813.93152	934.19287
813.94336	938.10773
813.95514	939.55188
813.96692	939.96692
813.97876	940.47168
813.99054	945.42657
814.00238	944.95941
814.01416	949.01617
814.026	949.83295
814.03778	944.86676
814.04956	945.46442
814.0614	949.6712
814.07318	954.5238
814.08502	954.92072
814.0968	952.84686
814.10864	951.43347
814.12042	953.68555
814.1322	956.21429
814.14404	954.42615
814.15582	960.62549
814.16766	960.67065
814.17944	960.20074
814.19128	954.86584
814.20306	958.64117
814.2149	958.37268
814.22668	952.44611
814.23846	955.66156
814.25031	956.84857
814.26208	956.50372
814.27393	956.80554
814.28571	949.7243
814.29755	952.1236
814.30933	950.53094
814.32111	950.45575
814.33295	950.61664
814.34473	947.30457
814.35657	946.54089
814.36835	944.53821
814.38019	945.20715
814.39197	944.90948
814.40375	943.39282
814.41559	940.51532
814.42737	938.73187
814.43921	938.74347
814.45099	939.27301
814.46283	937.22968
814.47461	933.23395
814.48645	933.47839
814.49823	931.55756
814.51001	931.57416
814.52185	931.09039
814.53363	932.57947
814.54547	927.68951
814.55725	924.76678
814.56909	925.9361
814.58087	922.50476
814.59265	918.94989
814.60449	915.78998
814.61627	918.37604
814.62811	920.33191
814.63989	917.87878
814.65173	917.48779
814.66351	916.8125
814.67535	918.62347
814.68713	915.88824
814.69891	914.9942
814.71075	913.31982
814.72253	916.30975
814.73438	914.93011
814.74615	912.62378
814.758	909.63129
814.76978	911.63647
814.78156	910.23517
814.7934	910.47443
814.80518	907.91418
814.81702	905.20502
814.8288	907.53052
814.84064	906.14636
814.85242	903.77765
814.8642	906.44202
814.87604	906.34283
814.88782	905.16364
814.89966	903.49231
814.91144	902.703
814.92328	905.42834
814.93506	903.22137
814.9469	902.59784
814.95868	902.67413
814.97046	900.90265
814.9823	898.61298
814.99408	900.33685
815.00592	901.3006
815.0177	900.45557
815.02954	899.21381
815.04132	899.26318
815.0531	897.74414
815.06494	900.89447
815.07672	899.5343
815.08856	900.18719
815.10034	898.54834
815.11218	899.33008
815.12396	897.58905
815.1358	894.12634
815.14758	895.17224
815.15936	898.14679
815.1712	896.30933
815.18298	896.33112
815.19482	896.60223
815.2066	896.75012
815.21844	894.99066
815.23022	895.31604
815.242	892.73169
815.25385	894.74268
815.26563	895.16626
815.27747	892.63983
815.28925	894.1712
815.30109	894.76031
815.31287	894.9342
815.32465	892.75543
815.33649	890.83063
815.34827	890.14227
815.36011	889.76868
815.37189	891.22443
815.38373	890.23077
815.39551	891.60834
815.40735	891.49622
815.41913	891.40234
815.43091	890.30847
815.44275	890.57709
815.45453	887.5788
815.46637	888.77283
815.47815	888.56427
815.48999	889.11963
815.50177	887.08594
815.51355	890.59839
815.52539	888.27557
815.53717	888.46613
815.54901	889.05548
815.56079	887.19147
815.57263	888.7085
815.58441	887.362
815.59625	890.65393
815.60803	888.67224
815.61981	890.16876
815.63165	886.25238
815.64343	886.84924
815.65527	888.9397
815.66705	886.11261
815.67889	886.98309
815.69067	885.07611
815.70245	885.32397
815.71429	884.45306
815.72607	884.94763
815.73792	886.85358
815.74969	884.89508
815.76154	884.09149
815.77332	884.0882
815.7851	882.48572
815.79694	882.11731
815.80872	884.39148
815.82056	884.12726
815.83234	883.6394
815.84418	883.52136
815.85596	881.02563
815.8678	882.48303
815.87958	883.90698
815.89136	883.66272
815.9032	883.97467
815.91498	884.2395
815.92682	882.68921
815.9386	883.84943
815.95044	882.54633
815.96222	883.31653
815.974	880.30603
815.98584	881.64301
815.99762	882.70313
816.00946	881.47705
816.02124	879.3764
816.03308	880.15375
816.04486	879.92242
816.05664	880.55811
816.06848	881.78662
816.08026	882.38623
816.0921	880.75098
816.10388	879.68445
816.11572	880.58032
816.1275	880.24036
816.13934	877.17334
816.15112	879.56372
816.1629	879.94611
816.17474	881.68799
816.18652	882.65869
816.19836	879.64001
816.21014	879.0462
816.22198	880.6358
816.23376	880.16901
816.24554	880.04517
816.25739	880.06122
816.26917	879.07916
816.28101	879.68903
816.29279	881.10358
816.30463	880.74872
816.31641	878.46973
816.32825	878.17468
816.34003	878.03357
816.35181	879.93036
816.36365	880.71393
816.37543	880.15753
816.38727	879.33441
816.39905	879.14899
816.41089	878.76251
816.42267	879.84851
816.43445	880.55188
816.44629	878.95605
816.45807	879.33032
816.46991	879.45422
816.48169	878.61414
816.49353	879.40588
816.50531	879.48572
816.51709	877.08972
816.52893	878.84943
816.54071	879.41205
816.55255	879.45587
816.56433	879.11169
816.57617	878.71417
816.58795	878.52942
816.59979	879.39722
816.61157	879.56427
816.62335	878.24561
816.63519	876.93658
816.64697	878.15631
816.65881	877.57312
816.67059	878.40991
816.68243	877.66821
816.69421	877.90759
816.70599	877.98706
816.71783	879.38013
816.72961	878.4682
816.74146	878.3844
816.75323	877.58832
816.76508	878.05872
816.77686	877.37305
816.7887	877.79932
816.80048	878.82367
816.81226	877.19263
816.8241	878.12524
816.83588	878.50653
816.84772	877.92322
816.8595	876.7901
816.87134	876.61517
816.88312	876.27667
816.8949	876.27179
816.90674	878.60101
816.91852	876.70892
816.93036	877.12604
816.94214	877.89087
816.95398	876.52228
816.96576	877.62366
816.97754	877.64374
816.98938	877.4328
817.00116	876.59833
817.013	877.39087
817.02478	875.7063
817.03662	876.79327
817.0484	876.18658
817.06024	875.44666
817.07202	875.14447
817.0838	876.83032
817.09564	877.33002
817.10742	875.60547
817.11926	877.01807
817.13104	876.05151
817.14288	877.15002
817.15466	876.58923
817.16644	876.6416
817.17828	875.86212
817.19006	876.80652
817.2019	875.94189
817.21368	874.98981
817.22552	877.06641
817.2373	877.23395
817.24908	876.03723
817.26093	875.32013
817.27271	876.42194
817.28455	876.32941
817.29633	876.55615
817.30817	876.36902
817.31995	875.13519
817.33179	875.8327
817.34357	875.83368
817.35535	874.77734
817.36719	876.92102
817.37897	875.95422
817.39081	876.55591
817.40259	876.54633
817.41443	876.70428
817.42621	875.54242
817.43799	877.00629
817.44983	875.78796
817.46161	875.99384
817.47345	875.91296
817.48523	875.87927
817.49707	876.60175
817.50885	876.2912
817.52069	876.08032
817.53247	875.51184
817.54425	874.91284
817.55609	875.52844
817.56787	874.5285
817.57971	874.60425
817.59149	876.11481
817.60333	876.1474
817.61511	875.80975
817.62689	875.93439
817.63873	875.09906
817.65051	877.81567
817.66235	876.05853
817.67413	876.3714
817.68597	874.4325
817.69775	875.35736
817.70953	874.69666
817.72137	875.07715
817.73315	875.91803
817.745	875.08936
817.75677	875.12823
817.76862	875.48865
817.7804	873.80316
817.79224	874.37268
817.80402	877.18964
817.8158	875.90161
817.82764	875.95416
817.83942	876.54523
817.85126	874.979
817.86304	877.82623
817.87488	877.01837
817.88666	877.0799
817.89844	876.94067
817.91028	876.80493
817.92206	876.05658
817.9339	875.7384
817.94568	875.29028
817.95752	875.03058
817.9693	875.11798
817.98114	875.39526
817.99292	875.96655
818.0047	875.95386
818.01654	876.15796
818.02832	875.90332
818.04016	874.75067
818.05194	875.5434
818.06378	875.89093
818.07556	875.29761
818.08734	874.82611
818.09918	875.71729
818.11096	875.11493
818.1228	876.18756
818.13458	875.2948
818.14642	876.02911
818.1582	876.96674
818.16998	875.22327
818.18182	874.97009
818.1936	874.82886
818.20544	873.75507
818.21722	875.39282
818.22906	875.51526
818.24084	873.92712
818.25269	874.8006
818.26447	874.55176
818.27625	874.70984
818.28809	874.52869
818.29987	874.85236
818.31171	875.48926
818.32349	874.00226
818.33533	874.01074
818.34711	876.13428
818.35889	874.91284
818.37073	874.84912
818.38251	875.56696
818.39435	876.44598
818.40613	874.30426
818.41797	874.29706
818.42975	875.44177
818.44153	876.04181
818.45337	874.18683
818.46515	874.30798
818.47699	874.55261
818.48877	874.91162
818.50061	875.27612
818.51239	875.39368
818.52423	875.24445
818.53601	874.73633
818.54779	874.92676
818.55963	875.57648
818.57141	875.47632
818.58325	875.49097
818.59503	874.57587
818.60687	873.89124
818.61865	875.5174
818.63043	875.10474
818.64227	874.00189
818.65405	873.95099
818.66589	873.96722
818.67767	875.65863
818.68951	875.85272
818.70129	874.92798
818.71313	875.66443
818.72491	875.26282
818.73669	875.17346
818.74854	874.41718
818.76031	874.96118
818.77216	875.18658
818.78394	874.75641
818.79578	874.33014
818.80756	876.18646
818.81934	875.27167
818.83118	874.39252
818.84296	875.99463
818.8548	876.26807
818.86658	875.5332
818.87842	876.15643
818.8902	874.37048
818.90198	875.75366
818.91382	874.84875
818.9256	874.88458
818.93744	874.16882
818.94922	874.75775
818.96106	874.29388
818.97284	874.7395
818.98468	873.54272
818.99646	874.90814
819.00824	876.52374
819.02008	875.25098
819.03186	875.15906
819.0437	875.40381
819.05548	875.87103
819.06732	875.18018
819.0791	874.27698
819.09088	874.54529
819.10272	874.41736
819.1145	874.6546
819.12634	875.53094
819.13812	874.87238
819.14996	874.84589
819.16174	874.79889
819.17358	874.95917
819.18536	874.47791
819.19714	874.7594
819.20898	875.34857
819.22076	875.50781
819.2326	875.02313
819.24438	874.12787
819.25623	874.14728
819.26801	875.45392
819.27979	874.14264
819.29163	873.16333
819.30341	873.96185
819.31525	874.40991
819.32703	873.9151
819.33887	874.08539
819.35065	873.42291
819.36243	873.70587
819.37427	872.91705
819.38605	873.89563
819.39789	874.85944
819.40967	874.59991
819.42151	872.59357
819.43329	872.5882
819.44513	874.49976
819.45691	874.06952
819.46869	874.50427
819.48053	874.35986
819.49231	874.13727
819.50415	872.95697
819.51593	874.23798
819.52777	875.04248
819.53955	874.59467
819.55133	874.55023
819.56317	875.11993
819.57495	875.18024
819.58679	874.49542
819.59857	874.62317
819.61041	874.07605
819.62219	874.41022
819.63397	874.49091
819.64581	874.27728
819.65759	873.69061
819.66943	875.19757
819.68121	874.32971
819.69305	873.41394
819.70483	873.1933
819.71667	873.11707
819.72845	873.33771
819.74023	872.36749
819.75208	873.28192
819.76385	874.10431
819.7757	874.04047
819.78748	873.76459
819.79932	873.41632
819.8111	874.75018
819.82288	874.43988
819.83472	874.3902
819.8465	874.14954
819.85834	873.88361
819.87012	873.2146
819.88196	873.81335
819.89374	871.53394
819.90558	873.45581
819.91736	874.12653
819.92914	873.01532
819.94098	873.52618
819.95276	873.81976
819.9646	873.22949
819.97638	873.61188
819.98822	873.92615
820	872.82098
820.01178	874.94635
820.02362	873.94928
820.0354	874.43286
820.04724	874.47552
820.05902	873.12823
820.07086	872.98126
820.08264	872.03534
820.09442	873.14038
820.10626	873.61987
820.11804	874.40106
820.12988	874.59644
820.14166	873.25214
820.1535	872.92255
820.16528	873.89319
820.17712	874.96997
820.1889	874.85193
820.20068	876.05695
820.21252	874.58356
820.2243	875.02448
820.23615	875.46478
820.24792	874.02173
820.25977	874.88025
820.27155	873.41913
820.28333	874.13306
820.29517	873.02649
820.30695	874.17902
820.31879	873.73047
820.33057	873.06158
820.34241	872.30994
820.35419	872.15131
820.36603	874.0434
820.37781	873.36957
820.38959	872.66919
820.40143	872.50262
820.41321	871.66455
820.42505	873.16711
820.43683	873.6189
820.44867	874.21765
820.46045	874.59814
820.47223	873.72723
820.48407	874.22797
820.49585	873.92065
820.50769	874.1803
820.51947	873.89789
820.53131	874.25934
820.54309	874.72534
820.55487	874.55078
820.56671	873.57507
820.57849	873.51996
820.59033	873.12128
820.60211	873.49719
820.61395	874.09399
820.62573	874.29279
820.63757	874.4317
820.64935	873.16144
820.66113	875.02063
820.67297	874.73413
820.68475	873.69739
820.69659	873.25903
820.70837	874.41632
820.72021	873.78345
820.73199	873.901
820.74377	875.77924
820.75562	874.70331
820.7674	873.4339
820.77924	873.88696
820.79102	873.49738
820.80286	874.3551
820.81464	874.08203
820.82642	873.58392
820.83826	873.07385
820.85004	873.02081
820.86188	871.39313
820.87366	872.64282
820.8855	872.24646
820.89728	871.73608
820.90912	872.5636
820.9209	872.61688
820.93268	873.35419
820.94452	875.29504
820.9563	874.60815
820.96814	873.67517
820.97992	873.00891
820.99176	873.02765
821.00354	873.71484
821.01532	873.5647
821.02716	874.2699
821.03894	871.84216
821.05078	871.77197
821.06256	873.09613
821.0744	874.36737
821.08618	873.70142
821.09802	872.86859
821.1098	872.24017
821.12158	872.45178
821.13342	872.9455
821.1452	873.30963
821.15704	872.92126
821.16882	874.08478
821.18066	872.62439
821.19244	872.6308
821.20422	872.83411
821.21606	874.05969
821.22784	875.35834
821.23969	873.28052
821.25146	873.64667
821.26331	873.09308
821.27509	872.88647
821.28687	873.02368
821.29871	872.88977
821.31049	873.43549
821.32233	873.01526
821.33411	873.33893
821.34595	873.07764
821.35773	872.3277
821.36957	871.70166
821.38135	871.18451
821.39313	872.14716
821.40497	873.89191
821.41675	873.40015
821.42859	872.92474
821.44037	873.0127
821.45221	874.32556
821.46399	874.33972
821.47577	873.38953
821.48761	872.76276
821.49939	873.46759
821.51123	872.47076
821.52301	873.23358
821.53485	873.26361
821.54663	873.54755
821.55847	872.966
821.57025	873.37134
821.58203	873.4884
821.59387	872.59906
821.60565	871.73633
821.61749	872.67737
821.62927	873.98114
821.64111	872.41718
821.65289	871.87482
821.66467	871.55804
821.67651	871.9906
821.68829	873.02124
821.70013	872.83685
821.71191	871.92627
821.72375	872.20062
821.73553	872.52008
821.74731	871.87659
821.75916	871.94904
821.77094	872.4978
821.78278	873.09747
821.79456	873.66248
821.8064	873.63458
821.81818	873.77399
821.83002	871.90662
821.8418	871.37659
821.85358	872.98645
821.86542	873.01587
821.8772	871.54028
821.88904	872.78351
821.90082	872.53339
821.91266	872.74097
821.92444	872.75317
821.93622	872.81592
821.94806	873.08417
821.95984	872.5224
821.97168	872.26471
821.98346	872.56647
821.9953	872.39282
822.00708	872.85272
822.01886	872.4162
822.0307	872.14813
822.04248	871.79303
822.05432	872.88342
822.0661	872.92139
822.07794	871.97064
822.08972	871.55573
822.10156	873.40985
822.11334	874.11816
822.12512	872.82397
822.13696	872.18677
822.14874	872.71973
822.16058	872.79218
822.17236	873.73761
822.1842	872.61603
822.19598	872.82147
822.20776	872.71936
822.2196	870.50684
822.23138	871.81195
822.24323	872.72363
822.255	872.52423
822.26685	871.48419
822.27863	873.09369
822.29047	873.11578
822.30225	870.66949
822.31403	872.39545
822.32587	871.58752
822.33765	871.63342
822.34949	872.09607
822.36127	872.64606
822.37311	870.97845
822.38489	872.11255
822.39667	871.8476
822.40851	871.05652
822.42029	872.65057
822.43213	872.14819
822.44391	872.03888
822.45575	872.95447
822.46753	871.5202
822.47931	871.47607
822.49115	871.88892
822.50293	871.31036
822.51477	872.8515
822.52655	872.71069
822.53839	873.81891
822.55017	873.08569
822.56201	873.80823
822.57379	870.27588
822.58557	872.52869
822.59741	872.29156
822.60919	871.67065
822.62103	871.23962
822.63281	871.6239
822.64465	871.56921
822.65643	873.22815
822.66821	874.25671
822.68005	871.33447
822.69183	871.03888
822.70367	872.63159
822.71545	872.77618
822.72729	871.2395
822.73907	873.39893
822.75092	871.91095
822.7627	873.43079
822.77448	872.1651
822.78632	872.88965
822.7981	872.1524
822.80994	872.28223
822.82172	871.43036
822.83356	872.6358
822.84534	871.92438
822.85712	870.59052
822.86896	871.80322
822.88074	872.97308
822.89258	871.815
822.90436	872.24274
822.9162	872.93738
822.92798	872.48914
822.93976	872.09412
822.9516	870.7644
822.96338	872.74249
822.97522	872.85406
822.987	873.40857
822.99884	872.90778
823.01062	873.58771
823.02246	873.25159
823.03424	870.60535
823.04602	871.46991
823.05786	871.81488
823.06964	872.61041
823.08148	873.16052
823.09326	872.82538
823.1051	872.28271
823.11688	874.03943
823.12866	872.8385
823.1405	873.38403
823.15228	873.83142
823.16412	872.45477
823.1759	872.92169
823.18774	872.70764
823.19952	872.35669
823.2113	872.21124
823.22314	871.12994
823.23492	872.19458
823.24677	873.4364
823.25854	872.1225
823.27039	872.24329
823.28217	874.18207
823.29401	871.43915
823.30579	872.37402
823.31757	872.14935
823.32941	873.51483
823.34119	873.43909
823.35303	872.78772
823.36481	872.88617
823.37665	872.75903
823.38843	874.01025
823.40021	872.98608
823.41205	872.93622
823.42383	872.3924
823.43567	871.96002
823.44745	871.48853
823.45929	871.63788
823.47107	872.51141
823.48291	873.02844
823.49469	873.46326
823.50647	872.68945
823.51831	871.31592
823.53009	870.99677
823.54193	872.02319
823.55371	873.40094
823.56555	872.74487
823.57733	872.28259
823.58911	873.55353
823.60095	871.77411
823.61273	873.93457
823.62457	871.27832
823.63635	873.19104
823.64819	873.12195
823.65997	872.80396
823.67175	873.22034
823.68359	875.086
823.69537	872.58759
823.70721	871.31482
823.71899	871.91107
823.73083	872.56891
823.74261	873.0368
823.75446	873.81708
823.76624	873.32159
823.77802	873.33563
823.78986	869.39923
823.80164	872.12378
823.81348	873.48865
823.82526	872.44476
823.8371	872.75006
823.84888	873.07141
823.86066	873.41669
823.8725	873.4505
823.88428	873.01007
823.89612	871.95648
823.9079	872.25928
823.91974	873.07257
823.93152	873.14001
823.94336	870.57098
823.95514	870.32977
823.96692	871.99072
823.97876	872.98083
823.99054	871.67694
824.00238	873.18884
824.01416	872.43652
824.026	873.3078
824.03778	872.80316
824.04956	871.099
824.0614	872.24072
824.07318	871.1004
824.08502	872.72076
824.0968	874.26392
824.10864	873.67047
824.12042	872.22186
824.1322	872.98291
824.14404	871.48785
824.15582	870.82648
824.16766	872.58081
824.17944	874.52295
824.19128	872.49292
824.20306	871.87799
824.2149	872.61108
824.22668	873.13824
824.23846	872.90625
824.25031	872.66736
824.26208	872.38312
824.27393	871.53845
824.28571	873.86823
824.29755	873.82037
824.30933	872.44849
824.32111	873.06683
824.33295	873.79663
824.34473	872.08173
824.35657	872.01324
824.36835	872.44861
824.38019	872.2207
824.39197	872.58246
824.40375	872.14502
824.41559	872.12445
824.42737	872.58868
824.43921	874.02979
824.45099	873.89795
824.46283	871.98029
824.47461	871.75964
824.48645	872.84918
824.49823	873.59985
824.51001	872.17371
824.52185	872.80481
824.53363	872.33966
824.54547	872.41205
824.55725	872.59363
824.56909	872.00342
824.58087	872.40326
824.59265	872.92645
824.60449	874.35614
824.61627	872.59003
824.62811	872.23895
824.63989	872.02899
824.65173	873.21399
824.66351	871.30988
824.67535	871.79047
824.68713	872.65601
824.69891	872.21082
824.71075	872.30463
824.72253	873.17303
824.73438	872.67163
824.74615	872.57861
824.758	873.02826
824.76978	872.47864
824.78156	872.1861
824.7934	873.28845
824.80518	874.43439
824.81702	873.37109
824.8288	871.62177
824.84064	873.24927
824.85242	872.0108
824.8642	871.87659
824.87604	872.86804
824.88782	873.33838
824.89966	872.74988
824.91144	871.33746
824.92328	872.65295
824.93506	873.8147
824.9469	872.48669
824.95868	872.21631
824.97046	872.66772
824.9823	872.35852
824.99408	872.91486
825.00592	872.10498
825.0177	872.43115
825.02954	871.11121
825.04132	872.26642
825.0531	873.71729
825.06494	874.68201
825.07672	872.77393
825.08856	873.42175
825.10034	873.07031
825.11218	874.78369
825.12396	873.84375
825.1358	873.63068
825.14758	872.95972
825.15936	873.14789
825.1712	873.05292
825.18298	873.59656
825.19482	874.4903
825.2066	872.16144
825.21844	870.36914
825.23022	871.21515
825.242	873.21362
825.25385	871.46167
825.26563	873.1709
825.27747	872.77161
825.28925	872.03601
825.30109	873.87463
825.31287	872.16547
825.32465	872.68219
825.33649	872.09534
825.34827	873.42505
825.36011	873.66803
825.37189	872.77954
825.38373	871.92242
825.39551	873.25543
825.40735	872.03436
825.41913	871.77209
825.43091	873.02875
825.44275	872.36389
825.45453	874.61572
825.46637	873.31232
825.47815	872.75067
825.48999	873.05444
825.50177	873.2453
825.51355	872.90735
825.52539	873.90088
825.53717	873.23914
825.54901	873.21564
825.56079	873.53375
825.57263	871.92664
825.58441	871.41522
825.59625	872.25494
825.60803	872.70306
825.61981	873.23499
825.63165	872.84192
825.64343	873.26953
825.65527	872.10632
825.66705	872.32623
825.67889	872.68408
825.69067	872.60168
825.70245	871.92664
825.71429	873.38928
825.72607	873.40411
825.73792	872.33014
825.74969	872.81732
825.76154	873.51672
825.77332	871.37451
825.7851	871.06091
825.79694	872.21747
825.80872	871.54565
825.82056	871.88342
825.83234	871.85437
825.84418	872.44568
825.85596	872.85406
825.8678	873.46802
825.87958	873.39642
825.89136	871.94257
825.9032	872.42017
825.91498	871.81628
825.92682	872.6358
825.9386	872.95001
825.95044	873.15424
825.96222	872.8075
825.974	872.99255
825.98584	872.84137
825.99762	873.53424
826.00946	872.77856
826.02124	873.67493
826.03308	876.15424
826.04486	871.69116
826.05664	872.98059
826.06848	873.40723
826.08026	871.8241
826.0921	873.37054
826.10388	874.00818
826.11572	871.94409
826.1275	873.17761
826.13934	872.01038
826.15112	873.38855
826.1629	872.89813
826.17474	872.41199
826.18652	873.24396
826.19836	872.76569
826.21014	873.75452
826.22198	872.32092
826.23376	872.02063
826.24554	872.88324
826.25739	873.87402
826.26917	872.19031
826.28101	872.01678
826.29279	872.49023
826.30463	874.53571
826.31641	870.33075
826.32825	872.76746
826.34003	871.71802
826.35181	872.06934
826.36365	872.84894
826.37543	873.94672
826.38727	872.32465
826.39905	874.4472
826.41089	874.25592
826.42267	873.5105
826.43445	872.69757
826.44629	873.67523
826.45807	873.80103
826.46991	873.9884
826.48169	872.1167
826.49353	871.68896
826.50531	873.40778
826.51709	871.60175
826.52893	873.66162
826.54071	874.98071
826.55255	872.98645
826.56433	873.03107
826.57617	872.95074
826.58795	873.16296
826.59979	873.49225
826.61157	871.88354
826.62335	872.35168
826.63519	871.7265
826.64697	873.16321
826.65881	873.76257
826.67059	874.08374
826.68243	872.82617
826.69421	872.80243
826.70599	872.27197
826.71783	872.70581
826.72961	873.11267
826.74146	872.2464
826.75323	872.20996
826.76508	872.64996
826.77686	872.56293
826.7887	872.12012
826.80048	872.71204
826.81226	872.32935
826.8241	873.69812
826.83588	875.71686
826.84772	873.17914
826.8595	873.25122
826.87134	873.37177
826.88312	872.2984
826.8949	873.70911
826.90674	874.02728
826.91852	873.09277
826.93036	873.96698
826.94214	874.74432
826.95398	873.71838
826.96576	872.9339
826.97754	874.28143
826.98938	874.30988
827.00116	875.15741
827.013	874.85211
827.02478	875.62164
827.03662	874.62122
827.0484	873.50873
827.06024	872.6745
827.07202	873.69446
827.0838	873.9234
827.09564	872.66748
827.10742	873.33472
827.11926	874.25793
827.13104	872.79114
827.14288	872.62073
827.15466	872.28174
827.16644	873.5423
827.17828	873.25299
827.19006	873.82159
827.2019	872.76447
827.21368	872.34442
827.22552	873.37524
827.2373	874.6673
827.24908	872.56519
827.26093	873.24164
827.27271	872.99585
827.28455	874.61377
827.29633	874.08191
827.30817	874.14148
827.31995	873.12115
827.33179	874.49451
827.34357	874.66425
827.35535	873.2691
827.36719	874.03729
827.37897	875.20325
827.39081	872.84515
827.40259	871.89581
827.41443	873.35809
827.42621	873.11096
827.43799	873.56439
827.44983	874.7226
827.46161	872.8642
827.47345	873.93579
827.48523	874.8689
827.49707	876.29266
827.50885	875.53107
827.52069	874.50629
827.53247	873.91974
827.54425	871.7157
827.55609	872.65564
827.56787	872.81281
827.57971	873.05084
827.59149	872.8269
827.60333	873.20959
827.61511	873.90735
827.62689	874.32428
827.63873	873.4809
827.65051	872.15442
827.66235	873.98273
827.67413	875.01666
827.68597	873.13684
827.69775	872.49463
827.70953	873.01019
827.72137	874.17572
827.73315	874.8042
827.745	875.99615
827.75677	874.52826
827.76862	874.78381
827.7804	874.56213
827.79224	873.63641
827.80402	873.93683
827.8158	874.03571
827.82764	873.91266
827.83942	874.82434
827.85126	874.07904
827.86304	873.32141
827.87488	873.01379
827.88666	874.65332
827.89844	873.86713
827.91028	874.30127
827.92206	873.32306
827.9339	874.37439
827.94568	874.34778
827.95752	874.37299
827.9693	874.4942
827.98114	874.33972
827.99292	874.36359
828.0047	873.77258
828.01654	874.96344
828.02832	872.61975
828.04016	872.0578
828.05194	872.89545
828.06378	874.01666
828.07556	874.40454
828.08734	874.19812
828.09918	874.03223
828.11096	873.28149
828.1228	871.36572
828.13458	874.57928
828.14642	873.39478
828.1582	873.35193
828.16998	874.17828
828.18182	875.16266
828.1936	873.88214
828.20544	873.91473
828.21722	873.36249
828.22906	872.40936
828.24084	872.84137
828.25269	874.62787
828.26447	874.7627
828.27625	873.52484
828.28809	874.72205
828.29987	873.27747
828.31171	873.11572
828.32349	874.06445
828.33533	875.22992
828.34711	874.67291
828.35889	874.72119
828.37073	874.10492
828.38251	872.93555
828.39435	873.89087
828.40613	874.73584
828.41797	874.74329
828.42975	874.70685
828.44153	874.20392
828.45337	872.28156
828.46515	874.06024
828.47699	874.72198
828.48877	875.45251
828.50061	875.58136
828.51239	873.31073
828.52423	874.70258
828.53601	874.9754
828.54779	873.92889
828.55963	874.22559
828.57141	874.88965
828.58325	874.34216
828.59503	875.13507
828.60687	876.53894
828.61865	876.65662
828.63043	874.85828
828.64227	873.93512
828.65405	874.34369
828.66589	873.92676
828.67767	875.00751
828.68951	874.633
828.70129	875.4668
828.71313	874.14423
828.72491	875.77045
828.73669	874.28351
828.74854	875.66693
828.76031	875.18597
828.77216	874.99432
828.78394	875.57239
828.79578	874.8125
828.80756	876.12823
828.81934	874.9046
828.83118	874.43549
828.84296	875.03571
828.8548	876.02161
828.86658	875.70154
828.87842	876.87292
828.8902	875.26892
828.90198	873.29327
828.91382	874.04633
828.9256	875.60535
828.93744	873.31573
828.94922	875.24957
828.96106	875.47107
828.97284	874.67804
828.98468	874.05164
828.99646	874.62341
829.00824	875.10828
829.02008	876.18689
829.03186	875.24902
829.0437	874.52338
829.05548	874.14752
829.06732	875.14746
829.0791	874.51758
829.09088	875.65436
829.10272	876.60461
829.1145	875.55194
829.12634	874.36151
829.13812	874.77191
829.14996	876.10114
829.16174	874.88477
829.17358	874.61163
829.18536	876.14026
829.19714	875.71124
829.20898	875.32562
829.22076	874.68774
829.2326	876.1781
829.24438	875.5083
829.25623	876.05865
829.26801	874.57227
829.27979	874.21423
829.29163	875.20557
829.30341	875.96741
829.31525	875.55493
829.32703	874.98407
829.33887	876.14502
829.35065	874.80109
829.36243	874.5954
829.37427	876.9491
829.38605	876.65558
829.39789	874.56628
829.40967	875.44818
829.42151	875.63409
829.43329	875.81622
829.44513	874.66827
829.45691	875.26306
829.46869	872.95599
829.48053	874.5506
829.49231	876.18457
829.50415	875.20349
829.51593	874.69897
829.52777	874.29468
829.53955	877.92041
829.55133	877.31146
829.56317	876.49481
829.57495	874.79614
829.58679	874.80554
829.59857	877.06049
829.61041	875.24219
829.62219	873.89783
829.63397	877.40466
829.64581	876.14624
829.65759	876.6076
829.66943	876.48126
829.68121	875.70538
829.69305	875.1521
829.70483	875.45935
829.71667	877.15308
829.72845	876.14917
829.74023	876.88519
829.75208	876.10345
829.76385	875.6618
829.7757	875.59924
829.78748	877.479
829.79932	878.67761
829.8111	876.78436
829.82288	877.97235
829.83472	877.39612
829.8465	877.76129
829.85834	879.04938
829.87012	878.97644
829.88196	878.61285
829.89374	879.46094
829.90558	878.71844
829.91736	877.05054
829.92914	876.99628
829.94098	877.35376
829.95276	878.58813
829.9646	879.3009
829.97638	876.87646
829.98822	876.95111
830	878.08539
830.01178	880.00348
830.02362	880.43573
830.0354	878.47174
830.04724	878.99963
830.05902	878.67017
830.07086	881.72754
830.08264	880.45404
830.09442	879.59558
830.10626	880.01154
830.11804	880.09027
830.12988	880.26196
830.14166	879.36395
830.1535	880.69568
830.16528	878.9621
830.17712	878.62549
830.1889	880.53619
830.20068	879.88092
830.21252	880.3515
830.2243	879.79102
830.23615	880.91217
830.24792	880.29388
830.25977	880.08087
830.27155	881.47369
830.28333	884.08972
830.29517	880.0752
830.30695	880.08313
830.31879	881.44885
830.33057	880.22467
830.34241	881.6059
830.35419	880.25146
830.36603	879.57745
830.37781	881.65417
830.38959	881.77502
830.40143	881.67267
830.41321	882.3847
830.42505	880.34918
830.43683	880.86218
830.44867	883.10199
830.46045	885.22449
830.47223	884.06476
830.48407	882.31476
830.49585	882.14911
830.50769	882.45929
830.51947	882.74902
830.53131	879.62262
830.54309	881.87878
830.55487	883.67566
830.56671	885.50238
830.57849	884.98035
830.59033	884.84601
830.60211	883.51221
830.61395	883.80072
830.62573	885.08508
830.63757	884.93958
830.64935	884.37024
830.66113	884.10211
830.67297	885.16357
830.68475	885.51349
830.69659	884.31567
830.70837	886.9718
830.72021	885.22314
830.73199	886.63544
830.74377	883.28003
830.75562	886.90631
830.7674	887.04315
830.77924	885.84314
830.79102	885.11328
830.80286	887.19354
830.81464	887.47192
830.82642	887.55634
830.83826	888.65594
830.85004	887.86749
830.86188	886.91718
830.87366	886.85022
830.8855	887.83081
830.89728	887.55493
830.90912	889.40424
830.9209	889.46533
830.93268	889.62067
830.94452	889.06122
830.9563	891.03943
830.96814	890.13245
830.97992	892.22858
830.99176	890.13794
831.00354	888.55469
831.01532	892.07233
831.02716	892.07056
831.03894	891.72302
831.05078	892.42694
831.06256	893.50653
831.0744	893.71924
831.08618	894.09845
831.09802	896.03455
831.1098	897.58502
831.12158	896.23425
831.13342	894.84167
831.1452	895.2522
831.15704	897.31171
831.16882	898.4234
831.18066	899.14014
831.19244	901.53491
831.20422	899.48358
831.21606	902.20807
831.22784	902.07465
831.23969	905.6156
831.25146	903.83252
831.26331	902.9408
831.27509	906.93945
831.28687	906.02173
831.29871	905.34851
831.31049	908.30249
831.32233	908.78259
831.33411	909.28064
831.34595	911.51001
831.35773	913.13806
831.36957	913.86169
831.38135	913.22363
831.39313	918.21863
831.40497	916.20178
831.41675	916.65491
831.42859	919.16498
831.44037	921.2926
831.45221	920.97968
831.46399	923.22278
831.47577	921.24274
831.48761	926.42712
831.49939	927.0285
831.51123	929.78101
831.52301	931.90778
831.53485	935.99323
831.54663	937.36548
831.55847	943.76031
831.57025	938.80792
831.58203	945.50342
831.59387	945.04974
831.60565	948.32788
831.61749	953.43909
831.62927	959.19641
831.64111	964.10046
831.65289	963.24756
831.66467	968.22894
831.67651	965.24091
831.68829	975.65063
831.70013	982.9054
831.71191	985.48804
831.72375	992.43903
831.73553	992.39984
831.74731	998.70361
831.75916	1008.6763
831.77094	1015.7099
831.78278	1023.4329
831.79456	1030.4847
831.8064	1036.0092
831.81818	1044.9194
831.83002	1056.7188
831.8418	1064.714
831.85358	1075.2246
831.86542	1097.248
831.8772	1112.8519
831.88904	1133.0382
831.90082	1148.2089
831.91266	1170.718
831.92444	1195.139
831.93622	1227.6986
831.94806	1268.4377
831.95984	1304.1753
831.97168	1352.0509
831.98346	1409.9563
831.9953	1452.9612
832.00708	1545.6313
832.01886	1632.5981
832.0307	1756.7788
832.04248	1889.754
832.05432	2071.0144
832.0661	2296.0381
832.07794	2588.7437
832.08972	2954.8638
832.10156	3420.9292
832.11334	4043.8647
832.12512	4828.0171
832.13696	5795.3926
832.14874	6972.1177
832.16058	8368.0264
832.17236	9872.1641
832.1842	11420.534
832.19598	12924.929
832.20776	14216.08
832.2196	15303.623
832.23138	16027.23
832.24323	16337.655
832.255	16421.309
832.26685	16119.017
832.27863	15509.961
832.29047	14591.637
832.30225	13472.227
832.31403	12185.064
832.32587	10789.026
832.33765	9327.6475
832.34949	7977.6538
832.36127	6750.4707
832.37311	5673.6133
832.38489	4763.4214
832.39667	4062.2385
832.40851	3478.5676
832.42029	3012.876
832.43213	2660.418
832.44391	2361.3076
832.45575	2136.7102
832.46753	1938.1223
832.47931	1780.5734
832.49115	1649.1045
832.50293	1549.4576
832.51477	1473.3601
832.52655	1387.9242
832.53839	1328.0643
832.55017	1283.8311
832.56201	1243.2793
832.57379	1207.8715
832.58557	1175.8804
832.59741	1147.8894
832.60919	1121.6757
832.62103	1110.8284
832.63281	1080.7037
832.64465	1071.25
832.65643	1058.6483
832.66821	1048.5294
832.68005	1038.1616
832.69183	1028.4596
832.70367	1011.771
832.71545	1009.0477
832.72729	999.01703
832.73907	992.31165
832.75092	987.53418
832.7627	975.69971
832.77448	975.51404
832.78632	972.34418
832.7981	965.4209
832.80994	961.12476
832.82172	960.81494
832.83356	954.65997
832.84534	948.43604
832.85712	945.92401
832.86896	938.758
832.88074	933.8017
832.89258	932.66925
832.90436	930.3606
832.9162	928.47034
832.92798	924.72772
832.93976	926.97583
832.9516	923.47504
832.96338	919.73206
832.97522	917.52173
832.987	915.55481
832.99884	914.87732
833.01062	913.8692
833.02246	910.42236
833.03424	913.17883
833.04602	913.90686
833.05786	910.03192
833.06964	909.40863
833.08148	906.75391
833.09326	906.46509
833.1051	905.2215
833.11688	897.20697
833.12866	901.3952
833.1405	899.68298
833.15228	899.04871
833.16412	898.29645
833.1759	893.74933
833.18774	895.93933
833.19952	896.43103
833.2113	894.58386
833.22314	895.01093
833.23492	897.1936
833.24677	894.03192
833.25854	890.65399
833.27039	893.08246
833.28217	893.78479
833.29401	892.11603
833.30579	889.7926
833.31757	893.17865
833.32941	888.64386
833.34119	890.13354
833.35303	888.1225
833.36481	883.90833
833.37665	885.62244
833.38843	888.1568
833.40021	887.06763
833.41205	888.4024
833.42383	887.94678
833.43567	885.70593
833.44745	884.58698
833.45929	882.87811
833.47107	882.138
833.48291	881.80109
833.49469	882.64093
833.50647	884.25616
833.51831	884.79858
833.53009	882.41437
833.54193	883.27386
833.55371	882.17493
833.56555	880.49872
833.57733	882.14954
833.58911	880.11536
833.60095	881.18231
833.61273	881.39673
833.62457	877.93213
833.63635	878.86292
833.64819	878.55054
833.65997	877.77032
833.67175	879.08734
833.68359	877.83344
833.69537	879.23547
833.70721	879.70905
833.71899	878.55011
833.73083	876.76587
833.74261	877.37238
833.75446	878.80511
833.76624	879.13428
833.77802	878.62738
833.78986	878.32959
833.80164	876.44366
833.81348	875.13422
833.82526	875.52075
833.8371	876.77893
833.84888	876.06592
833.86066	876.32587
833.8725	877.0412
833.88428	877.34015
833.89612	876.41187
833.9079	875.24292
833.91974	875.49194
833.93152	875.17957
833.94336	876.02917
833.95514	875.60522
833.96692	872.26617
833.97876	876.38245
833.99054	875.47937
834.00238	874.40381
834.01416	873.62323
834.026	874.49103
834.03778	874.82031
834.04956	876.59839
834.0614	874.91278
834.07318	873.92993
834.08502	875.24951
834.0968	873.96161
834.10864	873.98523
834.12042	873.3089
834.1322	874.94928
834.14404	876.0321
834.15582	874.82306
834.16766	875.1153
834.17944	875.18567
834.19128	873.94025
834.20306	874.18634
834.2149	874.92834
834.22668	874.34167
834.23846	874.23407
834.25031	872.52142
834.26208	874.16681
834.27393	873.85364
834.28571	871.47314
834.29755	873.28851
834.30933	874.10126
834.32111	872.91669
834.33295	875.74945
834.34473	873.65253
834.35657	872.92505
834.36835	873.40845
834.38019	872.20422
834.39197	874.10681
834.40375	872.58966
834.41559	872.92096
834.42737	873.27454
834.43921	870.96136
834.45099	872.70685
834.46283	874.43152
834.47461	872.77167
834.48645	873.61224
834.49823	874.8446
834.51001	871.00983
834.52185	871.89801
834.53363	871.89856
834.54547	874.99799
834.55725	871.9906
834.56909	872.40906
834.58087	873.52655
834.59265	874.00378
834.60449	872.63208
834.61627	871.60614
834.62811	871.7901
834.63989	871.29291
834.65173	872.84973
834.66351	871.46326
834.67535	872.24524
834.68713	872.0528
834.69891	871.29791
834.71075	873.08893
834.72253	872.71375
834.73438	870.79352
834.74615	872.6355
834.758	871.33142
834.76978	870.49451
834.78156	871.68213
834.7934	873.34595
834.80518	873.39728
834.81702	874.31451
834.8288	872.24554
834.84064	871.87878
834.85242	870.95917
834.8642	871.20428
834.87604	872.43732
834.88782	873.54315
834.89966	873.4137
834.91144	871.68945
834.92328	870.21851
834.93506	873.13214
834.9469	871.62524
834.95868	872.2533
834.97046	872.0108
834.9823	872.39172
834.99408	871.60516
835.00592	871.76453
835.0177	872.25299
835.02954	872.80273
835.04132	870.63617
835.0531	871.32245
835.06494	870.58722
835.07672	868.59857
835.08856	868.49921
835.10034	870.8183
835.11218	871.88391
835.12396	872.11591
835.1358	871.79553
835.14758	872.63611
835.15936	870.97491
835.1712	873.3938
835.18298	872.46515
835.19482	869.57104
835.2066	869.61102
835.21844	871.76807
835.23022	871.97406
835.242	871.1897
835.25385	871.78577
835.26563	870.51099
835.27747	873.52124
835.28925	871.17078
835.30109	874.33771
835.31287	871.80206
835.32465	870.48523
835.33649	871.41748
835.34827	872.74817
835.36011	873.20679
835.37189	872.77911
835.38373	871.80383
835.39551	870.27081
835.40735	869.83069
835.41913	872.59521
835.43091	873.41089
835.44275	871.979
835.45453	872.34869
835.46637	873.48364
835.47815	871.70306
835.48999	870.88959
835.50177	872.03986
835.51355	871.01782
835.52539	871.51227
835.53717	871.87939
835.54901	870.79449
835.56079	869.20618
835.57263	871.6145
835.58441	869.99756
835.59625	869.32782
835.60803	870.10931
835.61981	870.31763
835.63165	870.60193
835.64343	869.7757
835.65527	870.26733
835.66705	872.37134
835.67889	871.2309
835.69067	869.49286
835.70245	870.58337
835.71429	870.06726
835.72607	871.25732
835.73792	868.67487
835.74969	868.20477
835.76154	869.93933
835.77332	870.40363
835.7851	871.83923
835.79694	870.77905
835.80872	872.49622
835.82056	870.3371
835.83234	871.02344
835.84418	871.59857
835.85596	872.42493
835.8678	871.19971
835.87958	869.12372
835.89136	869.47662
835.9032	871.17853
835.91498	870.0481
835.92682	870.92725
835.9386	871.40222
835.95044	868.43146
835.96222	870.39032
835.974	871.20435
835.98584	869.80115
835.99762	869.39459
836.00946	870.61261
836.02124	872.01111
836.03308	871.62329
836.04486	871.11383
836.05664	869.66382
836.06848	869.40967
836.08026	869.92181
836.0921	869.36304
836.10388	870.17517
836.11572	870.69128
836.1275	869.9859
836.13934	870.21234
836.15112	869.42194
836.1629	870.60883
836.17474	870.10535
836.18652	871.5849
836.19836	870.80554
836.21014	870.43518
836.22198	870.61292
836.23376	870.57434
836.24554	871.15594
836.25739	871.68329
836.26917	871.19006
836.28101	870.58496
836.29279	869.6377
836.30463	874.17371
836.31641	872.74188
836.32825	870.07263
836.34003	869.51239
836.35181	869.47675
836.36365	868.92535
836.37543	869.58191
836.38727	869.72461
836.39905	870.02515
836.41089	870.7973
836.42267	871.65033
836.43445	872.22333
836.44629	870.51013
836.45807	869.75848
836.46991	869.33228
836.48169	871.32843
836.49353	871.77338
836.50531	872.86896
836.51709	871.05005
836.52893	867.68933
836.54071	872.92853
836.55255	871.90814
836.56433	869.53601
836.57617	871.07343
836.58795	871.39056
836.59979	870.77997
836.61157	871.66113
836.62335	872.09039
836.63519	871.10059
836.64697	870.41266
836.65881	868.87073
836.67059	870.64386
836.68243	870.19092
836.69421	871.30933
836.70599	870.95789
836.71783	867.89893
836.72961	869.44879
836.74146	871.6665
836.75323	870.34479
836.76508	870.07672
836.77686	870.55463
836.7887	871.81329
836.80048	871.65308
836.81226	869.52399
836.8241	870.01843
836.83588	870.09326
836.84772	869.45581
836.8595	869.95251
836.87134	870.1192
836.88312	870.0788
836.8949	871.92999
836.90674	871.52856
836.91852	868.84637
836.93036	870.51569
836.94214	870.64594
836.95398	870.5899
836.96576	870.81982
836.97754	871.86432
836.98938	873.60278
837.00116	872.21576
837.013	870.56683
837.02478	871.24091
837.03662	871.24957
837.0484	870.60187
837.06024	871.09314
837.07202	871.03796
837.0838	869.15314
837.09564	873.30249
837.10742	870.9635
837.11926	868.47003
837.13104	868.57733
837.14288	870.94336
837.15466	869.88306
837.16644	872.36816
837.17828	872.44171
837.19006	871.52203
837.2019	870.53748
837.21368	870.25702
837.22552	871.01239
837.2373	870.99091
837.24908	871.76392
837.26093	870.53802
837.27271	870.06213
837.28455	873.31329
837.29633	871.32202
837.30817	869.37329
837.31995	871.5213
837.33179	869.80365
837.34357	871.12665
837.35535	872.11792
837.36719	870.34924
837.37897	870.08136
837.39081	870.05505
837.40259	871.32727
837.41443	872.39398
837.42621	871.14172
837.43799	870.84833
837.44983	870.66205
837.46161	871.42688
837.47345	872.09369
837.48523	872.50098
837.49707	870.07983
837.50885	869.88904
837.52069	871.12994
837.53247	870.37878
837.54425	869.22369
837.55609	869.1178
837.56787	869.92004
837.57971	871.12555
837.59149	870.80109
837.60333	869.87439
837.61511	869.73486
837.62689	871.32037
837.63873	871.21759
837.65051	870.00244
837.66235	871.24792
837.67413	870.69318
837.68597	870.88074
837.69775	870.72986
837.70953	870.20648
837.72137	870.23138
837.73315	871.36206
837.745	869.92139
837.75677	870.01178
837.76862	871.97125
837.7804	871.20416
837.79224	870.16968
837.80402	871.55121
837.8158	870.13257
837.82764	870.71454
837.83942	871.37756
837.85126	870.23767
837.86304	870.92499
837.87488	871.68079
837.88666	870.21484
837.89844	869.92358
837.91028	869.61298
837.92206	870.88123
837.9339	870.1225
837.94568	871.37836
837.95752	870.57483
837.9693	872.51605
837.98114	872.53601
837.99292	872.47327
838.0047	871.01569
838.01654	871.18384
838.02832	869.71338
838.04016	873.08905
838.05194	869.60938
838.06378	870.74908
838.07556	868.67505
838.08734	870.57056
838.09918	871.10864
838.11096	871.54437
838.1228	871.09326
838.13458	870.12579
838.14642	869.68127
838.1582	870.91656
838.16998	871.57318
838.18182	872.56586
838.1936	870.84705
838.20544	870.97119
838.21722	873.37299
838.22906	871.36725
838.24084	871.68781
838.25269	870.36383
838.26447	874.27301
838.27625	872.07208
838.28809	870.05444
838.29987	873.18945
838.31171	873.79309
838.32349	872.34662
838.33533	871.61835
838.34711	873.34796
838.35889	870.77295
838.37073	870.42578
838.38251	872.50275
838.39435	871.27441
838.40613	870.65735
838.41797	872.18591
838.42975	868.99896
838.44153	869.20807
838.45337	871.77356
838.46515	870.56628
838.47699	870.13257
838.48877	871.68555
838.50061	871.086
838.51239	872.24225
838.52423	873.84576
838.53601	871.84613
838.54779	868.89496
838.55963	872.21008
838.57141	871.68243
838.58325	869.47479
838.59503	870.64545
838.60687	870.20557
838.61865	869.81689
838.63043	869.84833
838.64227	868.86713
838.65405	869.30835
838.66589	870.50085
838.67767	868.34283
838.68951	870.05029
838.70129	871.07941
838.71313	873.22485
838.72491	870.36835
838.73669	871.31396
838.74854	869.4104
838.76031	869.86426
838.77216	869.87006
838.78394	871.68536
838.79578	871.94806
838.80756	871.79749
838.81934	871.72443
838.83118	873.02325
838.84296	870.36011
838.8548	870.64105
838.86658	871.98309
838.87842	870.72363
838.8902	873.10693
838.90198	872.84979
838.91382	872.25861
838.9256	871.42188
838.93744	868.82025
838.94922	870.50763
838.96106	870.64362
838.97284	868.60413
838.98468	870.54193
838.99646	870.40875
839.00824	871.83307
839.02008	869.85431
839.03186	870.33099
839.0437	872.10931
839.05548	871.22211
839.06732	871.27362
839.0791	869.27515
839.09088	871.9079
839.10272	872.1048
839.1145	871.13519
839.12634	872.16327
839.13812	867.65161
839.14996	869.45605
839.16174	872.26422
839.17358	871.16669
839.18536	868.57538
839.19714	871.4707
839.20898	873.24945
839.22076	872.32343
839.2326	872.36005
839.24438	871.9668
839.25623	872.04083
839.26801	873.38953
839.27979	868.40411
839.29163	871.57159
839.30341	869.35742
839.31525	872.56964
839.32703	873.72168
839.33887	869.4895
839.35065	869.33917
839.36243	871.98688
839.37427	870.18073
839.38605	871.4458
839.39789	869.55176
839.40967	870.42816
839.42151	869.88513
839.43329	870.46283
839.44513	871.66913
839.45691	869.07458
839.46869	867.86163
839.48053	871.98926
839.49231	870.33746
839.50415	870.35596
839.51593	871.12842
839.52777	870.88568
839.53955	868.96906
839.55133	869.93671
839.56317	871.34607
839.57495	872.36011
839.58679	871.45721
839.59857	870.47211
839.61041	871.93579
839.62219	869.97919
839.63397	868.80994
839.64581	871.60651
839.65759	870.02734
839.66943	873.03217
839.68121	868.56396
839.69305	870.21289
839.70483	868.03119
839.71667	868.14429
839.72845	872.09326
839.74023	873.32709
839.75208	870.33551
839.76385	869.77869
839.7757	870.63068
839.78748	870.92804
839.79932	873.27362
839.8111	870.79321
839.82288	869.49054
839.83472	873.78192
839.8465	870.97791
839.85834	874.52649
839.87012	869.12268
839.88196	871.84351
839.89374	871.44678
839.90558	867.95959
839.91736	870.61652
839.92914	868.68457
839.94098	868.72394
839.95276	871.17218
839.9646	868.95062
839.97638	870.60596
839.98822	870.78839
840	869.78687
