790.14325	878.43835
790.15515	876.98792
790.16711	874.50305
790.17902	874.37457
790.19098	875.78174
790.20294	876.08173
790.21484	879.08337
790.22681	877.30817
790.23871	876.06982
790.25067	876.03076
790.26257	875.04584
790.27454	876.80005
790.28644	876.6427
790.2984	876.1889
790.31036	876.71454
790.32227	875.75128
790.33423	875.56506
790.34613	876.77789
790.35809	875.64276
790.37	873.38666
790.38196	875.21454
790.39386	877.53802
790.40582	876.08954
790.41779	878.73474
790.42969	875.00977
790.44165	871.28479
790.45355	874.51849
790.46552	873.84338
790.47742	873.94159
790.48938	877.06445
790.50134	879.45325
790.51324	876.83032
790.52521	875.26233
790.53711	875.93799
790.54907	875.20099
790.56097	876.38849
790.57294	877.6394
790.58484	874.14661
790.5968	875.07721
790.60876	876.08594
790.62067	877.47144
790.63263	876.21588
790.64453	876.45892
790.65649	876.56989
790.6684	876.56976
790.68036	877.76898
790.69226	876.13904
790.70422	875.4126
790.71619	877.03528
790.72809	876.23474
790.74005	874.43982
790.75195	874.7865
790.76392	877.78174
790.77582	879.0127
790.78778	878.07013
790.79974	874.32806
790.81165	875.37653
790.82361	874.77667
790.83551	876.37488
790.84747	877.38593
790.85938	876.05902
790.87134	876.11877
790.88324	876.06531
790.8952	875.23895
790.90717	875.88824
790.91907	876.24261
790.93103	876.19659
790.94293	878.06366
790.9549	875.22974
790.9668	877.09222
790.97876	878.96362
790.99066	876.422
791.00262	875.25146
791.01459	875.02661
791.02649	874.32733
791.03845	877.15088
791.05035	875.14386
791.06232	873.76245
791.07422	875.14941
791.08618	874.39838
791.09814	873.62842
791.11005	873.48962
791.12201	876.65265
791.13391	877.27252
791.14587	878.99316
791.15778	877.05646
791.16974	874.35083
791.18164	876.58783
791.1936	875.14172
791.20557	875.23444
791.21747	876.51483
791.22943	877.61127
791.24133	877.25946
791.2533	876.57538
791.2652	877.93939
791.27716	879.23499
791.28906	877.1123
791.30103	876.40472
791.31299	878.01984
791.32489	877.86298
791.33685	875.02557
791.34875	878.7569
791.36072	875.92377
791.37262	876.37219
791.38458	874.69257
791.39648	875.09973
791.40845	875.88098
791.42041	874.36377
791.43231	875.51501
791.44427	876.56677
791.45618	875.12909
791.46814	875.31824
791.48004	873.68585
791.492	874.28992
791.50397	875.86353
791.51587	877.96057
791.52783	876.03528
791.53973	877.86115
791.5517	875.05121
791.5636	876.5788
791.57556	875.97754
791.58746	875.24603
791.59943	874.42877
791.61139	874.8728
791.62329	873.37073
791.63525	874.38501
791.64716	877.95715
791.65912	876.79712
791.67102	878.15118
791.68298	876.75415
791.69489	875.46167
791.70685	874.66663
791.71881	876.54944
791.73071	875.65131
791.74268	877.65802
791.75458	876.86206
791.76654	878.72308
791.77844	878.49225
791.79041	876.82922
791.80237	877.44531
791.81427	877.32678
791.82623	877.27948
791.83813	878.48285
791.8501	876.81909
791.862	875.54388
791.87396	876.9259
791.88586	876.58203
791.89783	876.58136
791.90979	876.56989
791.92169	877.50311
791.93365	878.44977
791.94556	876.54993
791.95752	877.93353
791.96942	876.81927
791.98138	875.73596
791.99329	876.97516
792.00525	876.54041
792.01721	875.66748
792.02911	875.55322
792.04108	875.28534
792.05298	877.50549
792.06494	876.56079
792.07684	877.95526
792.08881	874.25635
792.10077	876.51678
792.11267	877.45251
792.12463	877.12695
792.13654	877.07184
792.1485	874.76056
792.1604	876.56915
792.17236	875.93658
792.18427	875.06976
792.19623	875.86316
792.20819	876.80432
792.22009	876.25134
792.23206	875.24457
792.24396	876.00427
792.25592	876.7251
792.26782	875.56982
792.27979	875.51471
792.29169	875.04456
792.30365	874.57452
792.31561	872.18933
792.32751	877.23804
792.33948	875.56891
792.35138	875.42816
792.36334	875.56982
792.37524	874.58582
792.38721	877.43677
792.39917	878.49939
792.41107	876.84369
792.42303	876.73871
792.43494	876.02051
792.4469	874.06982
792.4588	874.8172
792.47076	877.51111
792.48267	877.52069
792.49463	877.10828
792.50659	878.0484
792.51849	878.53143
792.53046	875.91803
792.54236	878.77222
792.55432	877.66638
792.56622	875.69116
792.57819	878.52625
792.59009	878.00665
792.60205	875.81494
792.61401	877.34686
792.62592	877.15771
792.63788	874.88702
792.64978	876.94928
792.66174	875.19025
792.67365	874.15009
792.68561	874.91827
792.69757	878.05792
792.70947	878.99817
792.72144	876.75024
792.73334	876.9549
792.7453	876.65332
792.7572	877.70251
792.76917	877.03357
792.78107	874.30914
792.79303	875.36432
792.80499	878.11359
792.81689	877.18018
792.82886	875.81915
792.84076	877.01221
792.85272	876.71991
792.86462	876.37604
792.87659	877.48285
792.88849	876.95801
792.90045	876.06982
792.91241	876.0813
792.92432	877.49158
792.93628	877.56982
792.94818	876.73682
792.96014	876.57928
792.97205	874.40814
792.98401	874.51837
792.99597	875.90948
793.00787	875.71198
793.01984	875.31653
793.03174	876.22339
793.0437	878.02087
793.0556	877.4563
793.06757	874.14752
793.07947	876.8576
793.09143	875.62396
793.10339	873.65009
793.1153	874.97095
793.12726	874.0849
793.13916	876.86707
793.15112	877.94476
793.16302	876.38989
793.17499	874.48224
793.18689	872.94159
793.19885	874.76953
793.21082	876.56378
793.22272	875.87622
793.23468	875.24438
793.24658	875.27997
793.25854	874.69897
793.27045	874.44763
793.28241	875.16541
793.29437	875.03662
793.30627	874.05554
793.31824	876.71765
793.33014	874.9303
793.3421	874.88092
793.354	873.87994
793.36597	873.84979
793.37787	872.70801
793.38983	876.25452
793.40179	876.84277
793.4137	876.81488
793.42566	876.66162
793.43756	874.33563
793.44952	873.79962
793.46143	874.75714
793.47339	875.27063
793.48529	876.44232
793.49725	876.01099
793.50922	875.52588
793.52112	874.38397
793.53308	874.19214
793.54498	875.21198
793.55695	871.93176
793.56885	874.9483
793.58081	876.13428
793.59271	875.81445
793.60468	872.16345
793.61664	875.9881
793.62854	878.38025
793.6405	875.75964
793.6524	874.02313
793.66437	875.17786
793.67627	876.01782
793.68823	876.25604
793.7002	876.12451
793.7121	874.94586
793.72406	876.19885
793.73596	877.33972
793.74792	876.30621
793.75983	876.07794
793.77179	874.98657
793.78369	878.04626
793.79565	875.97882
793.80762	876.14972
793.81952	875.54333
793.83148	873.1972
793.84338	874.36121
793.85535	873.31183
793.86725	875.50409
793.87921	877.67224
793.89111	875.77454
793.90308	873.38574
793.91504	873.62805
793.92694	874.15576
793.9389	874.47998
793.95081	875.77191
793.96277	875.75854
793.97467	872.61041
793.98663	874.04285
793.9986	875.07257
794.0105	876.6026
794.02246	876.57086
794.03436	876.63501
794.04633	874.97577
794.05823	873.35352
794.07019	874.71918
794.08209	875.88232
794.09406	873.85242
794.10602	874.87366
794.11792	875.46545
794.12988	874.46326
794.14178	875.4917
794.15375	875.11462
794.16565	874.99316
794.17761	877.37451
794.18951	875.72699
794.20148	875.77997
794.21344	872.06836
794.22534	875.17773
794.2373	876.91754
794.24921	872.18097
794.26117	873.2442
794.27307	876.05756
794.28503	875.11945
794.297	875.03955
794.3089	874.28424
794.32086	873.39929
794.33276	874.67523
794.34473	873.66339
794.35663	873.85742
794.36859	874.4765
794.38049	875.91187
794.39246	873.72205
794.40442	873.85809
794.41632	874.82678
794.42828	875.28015
794.44019	875.26221
794.45215	876.80743
794.46405	873.54773
794.47601	872.67749
794.48792	874.64294
794.49988	873.49982
794.51184	874.60431
794.52374	876.67633
794.53571	875.68109
794.54761	875.39075
794.55957	874.77979
794.57147	875.24658
794.58344	875.5376
794.5954	875.05847
794.6073	873.30841
794.61926	871.68103
794.63116	875.53912
794.64313	879.41199
794.65503	876.51666
794.66699	874.45245
794.67889	875.00653
794.69086	873.45709
794.70282	875.63654
794.71472	872.7973
794.72668	874.29022
794.73859	874.42578
794.75055	876.39917
794.76245	875.19696
794.77441	873.77277
794.78632	873.85156
794.79828	872.68683
794.81024	873.9118
794.82214	875.62891
794.83411	874.87744
794.84601	874.80621
794.85797	873.92908
794.86987	875.6272
794.88184	876.26459
794.8938	872.48035
794.9057	874.0907
794.91766	875.47131
794.92957	876.55054
794.94153	875.76056
794.95343	873.51282
794.96539	876.69452
794.97729	874.59735
794.98926	873.96814
795.00122	875.30194
795.01312	875.45001
795.02509	874.53107
795.03699	875.39771
795.04895	876.33051
795.06085	876.03827
795.07281	875.70276
795.08472	875.04382
795.09668	875.07599
795.10864	874.69135
795.12054	873.07111
795.13251	874.02618
795.14441	875.38208
795.15637	875.04041
795.16827	876.97369
795.18024	877.86987
795.1922	876.18774
795.2041	875.29266
795.21606	875.6698
795.22797	875.02045
795.23993	875.02094
795.25183	877.48749
795.26379	875.64008
795.2757	874.43677
795.28766	872.31915
795.29962	872.89435
795.31152	873.03522
795.32349	875.13477
795.33539	875.92682
795.34735	874.2995
795.35925	874.08978
795.37122	874.28851
795.38312	875.93292
795.39508	875.8894
795.40704	873.75989
795.41895	874.18866
795.43091	873.51581
795.44281	874.20001
795.45477	875.27155
795.46667	874.52832
795.47864	877.26257
795.4906	875.17566
795.5025	873.75879
795.51447	875.48663
795.52637	874.46832
795.53833	873.0412
795.55023	874.23407
795.56219	874.74054
795.5741	875.45819
795.58606	874.53137
795.59802	874.24554
795.60992	873.81287
795.62189	874.04773
795.63379	874.60284
795.64575	875.28015
795.65765	874.88007
795.66962	874.2439
795.68152	873.75665
795.69348	875.29431
795.70544	873.86261
795.71735	874.2782
795.72931	874.87793
795.74121	875.68292
795.75317	875.96918
795.76508	876.32751
795.77704	874.79688
795.789	873.55994
795.8009	872.60522
795.81287	872.28534
795.82477	872.73621
795.83673	873.50201
795.84863	873.25714
795.8606	874.36035
795.8725	874.53058
795.88446	873.62921
795.89642	874.08936
795.90833	874.97772
795.92029	875.13171
795.93219	876.50842
795.94415	877.01385
795.95605	875.14435
795.96802	872.59869
795.97992	873.74042
795.99188	871.79999
796.00385	875.03656
796.01575	874.66699
796.02771	874.00922
796.03961	874.36438
796.05157	873.53339
796.06348	874.854
796.07544	875.36517
796.08734	873.83789
796.0993	874.17267
796.11127	874.26849
796.12317	876.06665
796.13513	876.66382
796.14703	874.57361
796.159	875.03607
796.1709	876.74432
796.18286	875.34717
796.19482	875.36182
796.20673	876.80151
796.21869	875.72327
796.23059	874.50348
796.24255	875.03601
796.25446	872.69257
796.26642	872.46527
796.27832	875.0625
796.29028	875.78607
796.30225	873.74506
796.31415	875.2851
796.32611	877.63745
796.33801	875.07666
796.34998	876.80768
796.36188	874.93518
796.37384	877.03381
796.38574	875.69061
796.39771	873.62128
796.40967	875.43207
796.42157	874.52118
796.43353	874.47308
796.44543	874.93384
796.4574	873.8009
796.4693	874.79016
796.48126	875.55133
796.49323	874.30927
796.50513	875.42004
796.51709	874.46027
796.52899	876.37775
796.54095	877.86212
796.55286	875.58252
796.56482	874.44025
796.57672	874.98499
796.58868	874.08429
796.60065	873.09277
796.61255	874.8548
796.62451	875.2392
796.63641	874.7749
796.64838	875.28534
796.66028	875.15692
796.67224	873.52948
796.68414	873.43317
796.69611	876.11517
796.70807	877.24152
796.71997	875.14148
796.73193	874.19159
796.74384	874.03522
796.7558	873.05463
796.7677	873.96332
796.77966	875.9491
796.79163	875.58099
796.80353	875.09711
796.81549	874.96674
796.82739	874.44867
796.83936	874.98987
796.85126	874.02386
796.86322	871.41675
796.87512	874.60162
796.88708	876.1319
796.89905	874.22852
796.91095	874.5177
796.92291	874.9765
796.93481	874.8244
796.94678	875.67236
796.95868	876.41132
796.97064	876.19641
796.98254	874.29926
796.99451	875.099
797.00647	875.06873
797.01837	874.12878
797.03033	872.74286
797.04224	873.26105
797.0542	874.31616
797.0661	874.12762
797.07806	874.21808
797.09003	875.94727
797.10193	874.56396
797.11389	873.76697
797.12579	873.82922
797.13776	873.42316
797.14966	876.20044
797.16162	875.20178
797.17352	873.35327
797.18549	872.56604
797.19745	873.82788
797.20935	874.57251
797.22131	875.00098
797.23322	875.32086
797.24518	874.24182
797.25708	873.89136
797.26904	873.98364
797.28094	873.53833
797.29291	875.24939
797.30487	874.98163
797.31677	873.79346
797.32874	873.99097
797.34064	875.10352
797.3526	875.28717
797.3645	873.51099
797.37646	873.95892
797.38843	874.44183
797.40033	874.41632
797.41229	874.51978
797.42419	873.35138
797.43616	874.20947
797.44806	874.60718
797.46002	874.36169
797.47192	874.45337
797.48389	873.62476
797.49585	874.77948
797.50775	875.42859
797.51971	875.26599
797.53162	875.09088
797.54358	874.68372
797.55548	874.56146
797.56744	875.18347
797.57935	875.21173
797.59131	873.5047
797.60327	873.8457
797.61517	872.08337
797.62714	873.4458
797.63904	873.8075
797.651	874.41638
797.6629	871.16064
797.67487	872.70569
797.68683	873.73914
797.69873	872.86212
797.71069	873.41772
797.7226	873.66943
797.73456	872.24365
797.74646	873.23145
797.75842	873.84454
797.77032	873.58807
797.78229	872.36615
797.79425	875.92163
797.80615	873.5379
797.81812	873.79437
797.83002	873.71021
797.84198	875.02252
797.85388	874.6908
797.86584	874.48712
797.87775	874.06439
797.88971	871.56622
797.90167	875.63849
797.91357	870.91278
797.92554	871.94824
797.93744	870.96387
797.9494	871.39099
797.9613	873.81427
797.97327	874.86499
797.98523	874.30908
797.99713	873.32178
798.00909	873.34515
798.021	874.66888
798.03296	874.96228
798.04486	873.69318
798.05682	873.09076
798.06873	872.80377
798.08069	872.80518
798.09265	874.02667
798.10455	873.98346
798.11652	872.49542
798.12842	871.86694
798.14038	873.32312
798.15228	872.61414
798.16425	875.74945
798.17615	874.67596
798.18811	872.48926
798.20007	871.6134
798.21198	872.82593
798.22394	873.63019
798.23584	873.63855
798.2478	874.02258
798.2597	873.11462
798.27167	873.68634
798.28363	873.25616
798.29553	872.61621
798.3075	873.93024
798.3194	873.72253
798.33136	873.37799
798.34326	872.95428
798.35522	872.87073
798.36713	874.59454
798.37909	874.46771
798.39105	873.0014
798.40295	874.02985
798.41492	873.89252
798.42682	874.05304
798.43878	873.7323
798.45068	872.59961
798.46265	874.2774
798.47455	873.8548
798.48651	873.98676
798.49847	873.79889
798.51038	870.4364
798.52234	871.43872
798.53424	872.84277
798.5462	873.47449
798.55811	873.43616
798.57007	873.58667
798.58197	873.77289
798.59393	875.54083
798.6059	873.30865
798.6178	873.57849
798.62976	871.89899
798.64166	872.76355
798.65363	872.84259
798.66553	874.37598
798.67749	874.44727
798.68945	874.17035
798.70135	875.58929
798.71332	873.04993
798.72522	873.56299
798.73718	874.03796
798.74908	872.60248
798.76105	873.74371
798.77295	874.86926
798.78491	874.15057
798.79688	874.25348
798.80878	872.45593
798.82074	874.11383
798.83264	875.64722
798.8446	873.47913
798.85651	873.5307
798.86847	873.76636
798.88037	873.38098
798.89233	872.46051
798.9043	874.45715
798.9162	875.76379
798.92816	874.87762
798.94006	873.47473
798.95203	874.5509
798.96393	874.70117
798.97589	875.1405
798.98785	874.36328
798.99976	873.1452
799.01172	872.95813
799.02362	874.177
799.03558	873.64832
799.04749	872.77063
799.05945	871.81519
799.07135	873.27051
799.08331	875.17896
799.09528	873.34344
799.10718	874.19678
799.11914	874.93494
799.13104	873.33014
799.14301	872.15436
799.15491	872.82849
799.16687	874.42053
799.17877	874.38171
799.19073	874.78955
799.2027	875.16132
799.2146	875.19916
799.22656	873.92261
799.23846	873.87341
799.25043	874.24463
799.26233	873.93475
799.27429	874.18097
799.28625	873.19989
799.29816	873.58038
799.31012	875.56415
799.32202	875.17108
799.33398	872.92731
799.34589	875.09198
799.35785	875.45239
799.36975	874.81494
799.38171	872.86536
799.39368	872.09454
799.40558	872.76013
799.41754	875.39783
799.42944	872.91235
799.44141	873.87463
799.45331	872.94019
799.46527	872.6662
799.47717	873.60468
799.48914	872.28345
799.5011	872.77783
799.513	872.85358
799.52496	872.27905
799.53687	873.12439
799.54883	874.24524
799.56073	874.51489
799.57269	873.59619
799.58466	873.42468
799.59656	874.04529
799.60852	873.49249
799.62042	872.6579
799.63239	873.25342
799.64429	873.83569
799.65625	872.61719
799.66815	873.97552
799.68011	874.72711
799.69208	871.87927
799.70398	873.93036
799.71594	874.65533
799.72784	873.79877
799.73981	875.22626
799.75171	874.05005
799.76367	872.71106
799.77557	873.74719
799.78754	872.34167
799.7995	873.65643
799.8114	874.29828
799.82336	873.70361
799.83527	873.47906
799.84723	874.38513
799.85913	872.10419
799.87109	874.27063
799.88306	876.07312
799.89496	875.72443
799.90692	873.40631
799.91882	871.75861
799.93079	873.14392
799.94269	873.57703
799.95465	872.46661
799.96655	875.12927
799.97852	873.78137
799.99048	873.18689
800.00238	873.37506
800.01434	872.77924
800.02625	874.49573
800.03821	875.58508
800.05011	873.96173
800.06207	873.74487
800.07397	872.83258
800.08594	872.73334
800.0979	874.17474
800.1098	873.72888
800.12177	873.88367
800.13367	873.85431
800.14563	873.62469
800.15753	873.67456
800.16949	873.3559
800.18146	873.97205
800.19336	873.979
800.20532	873.62915
800.21722	873.47333
800.22919	872.03308
800.24109	872.56
800.25305	873.85773
800.26495	873.37604
800.27692	873.66254
800.28888	872.04785
800.30078	872.31067
800.31274	872.13196
800.32465	873.62103
800.33661	874.79388
800.34851	875.69
800.36047	874.8667
800.37238	874.38538
800.38434	873.85345
800.3963	873.12854
800.4082	874.35303
800.42017	872.8653
800.43207	872.6709
800.44403	872.69299
800.45593	873.54517
800.4679	873.86322
800.47986	872.30084
800.49176	873.27271
800.50372	873.45178
800.51563	872.99762
800.52759	874.12115
800.53949	872.33307
800.55145	874.24359
800.56335	874.40564
800.57532	873.74493
800.58728	873.06525
800.59918	874.14111
800.61115	873.65533
800.62305	872.85925
800.63501	873.25232
800.64691	872.67157
800.65887	872.44641
800.67078	873.52606
800.68274	872.49786
800.6947	873.85162
800.7066	874.28369
800.71857	874.14661
800.73047	874.64917
800.74243	874.19318
800.75433	875.87762
800.7663	876.20789
800.7782	873.51605
800.79016	872.5675
800.80212	871.12006
800.81403	872.04523
800.82599	872.68079
800.83789	872.40808
800.84985	874.24475
800.86176	873.68524
800.87372	874.27203
800.88568	873.75476
800.89758	873.86517
800.90955	870.97064
800.92145	872.42609
800.93341	873.23315
800.94531	874.68445
800.95728	873.10596
800.96918	873.51501
800.98114	874.56915
800.9931	873.91736
801.005	871.05701
801.01697	872.33087
801.02887	874.09344
801.04083	874.42261
801.05273	873.12335
801.0647	871.75684
801.0766	874.24817
801.08856	874.22021
801.10052	872.60815
801.11243	872.83862
801.12439	873.59204
801.13629	873.4007
801.14825	874.28198
801.16016	873.94781
801.17212	873.54425
801.18408	874.36859
801.19598	874.84009
801.20795	872.83575
801.21985	872.75024
801.23181	871.46625
801.24371	873.65363
801.25568	872.28949
801.26758	871.64465
801.27954	872.67499
801.2915	874.0094
801.30341	872.86566
801.31537	872.32837
801.32727	872.46021
801.33923	873.08264
801.35114	873.4801
801.3631	873.59613
801.375	874.44019
801.38696	874.54095
801.39893	872.86902
801.41083	870.09369
801.42279	873.19092
801.43469	873.92371
801.44666	874.29248
801.45856	872.24475
801.47052	873.73663
801.48248	873.75262
801.49438	873.48309
801.50635	873.79327
801.51825	874.09637
801.53021	874.34839
801.54211	872.75958
801.55408	871.94171
801.56598	872.63763
801.57794	873.63171
801.5899	873.95233
801.60181	873.4848
801.61377	873.09869
801.62567	874.52142
801.63763	874.2536
801.64954	874.75598
801.6615	873.89319
801.6734	872.31659
801.68536	872.74927
801.69733	873.54639
801.70923	872.08014
801.72119	873.95374
801.73309	873.93872
801.74506	874.57391
801.75696	873.85297
801.76892	873.06232
801.78088	873.74957
801.79279	873.39948
801.80475	872.19397
801.81665	873.21088
801.82861	872.89642
801.84052	872.25995
801.85248	872.36011
801.86438	872.09729
801.87634	872.98999
801.88831	873.28021
801.90021	873.06702
801.91217	874.0954
801.92407	872.69293
801.93604	873.00806
801.94794	873.57269
801.9599	873.69104
801.9718	873.00079
801.98376	874.12671
801.99573	874.00824
802.00763	872.49518
802.01959	872.48309
802.03149	873.71552
802.04346	872.64532
802.05536	872.95874
802.06732	872.94189
802.07928	873.15082
802.09119	872.73676
802.10315	873.41821
802.11505	873.40515
802.12701	871.97571
802.13892	872.43359
802.15088	873.58984
802.16278	872.43738
802.17474	872.41156
802.18671	873.10944
802.19861	872.89514
802.21057	872.48108
802.22247	871.79346
802.23444	871.27594
802.24634	870.48926
802.2583	872.94812
802.2702	871.6123
802.28217	874.02325
802.29413	872.07031
802.30603	875.39679
802.31799	872.44928
802.3299	872.62329
802.34186	871.65002
802.35376	872.92047
802.36572	873.01245
802.37769	870.9682
802.38959	872.81964
802.40155	873.28375
802.41345	873.60931
802.42542	874.83704
802.43732	874.58783
802.44928	874.1413
802.46118	872.67535
802.47314	874.48132
802.48511	874.90161
802.49701	874.00604
802.50897	873.99493
802.52087	873.9162
802.53284	873.55493
802.54474	873.71234
802.5567	873.04456
802.5686	872.7724
802.58057	874.25543
802.59253	874.00293
802.60443	872.13501
802.61639	872.76221
802.6283	874.43439
802.64026	871.62878
802.65216	872.86353
802.66412	872.77661
802.67609	872.21069
802.68799	872.03369
802.69995	872.04333
802.71185	873.98291
802.72382	873.97766
802.73572	873.39752
802.74768	872.78625
802.75958	872.30591
802.77155	874.00647
802.78351	871.72607
802.79541	871.47998
802.80737	873.79565
802.81927	873.47974
802.83124	871.25049
802.84314	870.72241
802.8551	872.50378
802.867	872.84979
802.87897	873.63629
802.89093	873.11414
802.90283	870.98798
802.91479	870.70258
802.9267	872.92871
802.93866	872.86035
802.95056	873.00165
802.96252	873.06104
802.97449	872.43726
802.98639	872.28265
802.99835	873.62982
803.01025	875.01709
803.02222	874.43683
803.03412	873.48303
803.04608	871.73962
803.05798	872.07996
803.06995	871.73932
803.08191	873.13843
803.09381	874.89539
803.10577	873.48511
803.11768	871.75085
803.12964	872.30322
803.14154	871.15295
803.1535	870.81525
803.16541	873.7453
803.17737	872.89447
803.18933	872.99176
803.20123	871.97687
803.2132	873.8009
803.2251	872.96454
803.23706	872.31311
803.24896	872.12689
803.26093	872.83228
803.27283	871.96887
803.28479	871.71503
803.29675	873.27014
803.30865	872.96643
803.32062	873.83923
803.33252	873.88806
803.34448	872.96509
803.35638	873.2771
803.36835	872.1748
803.38031	872.37787
803.39221	872.5437
803.40417	872.67035
803.41608	872.68243
803.42804	872.99036
803.43994	872.98187
803.4519	873.08282
803.46381	872.48364
803.47577	873.40936
803.48773	874.82312
803.49963	872.9621
803.5116	872.32367
803.5235	872.89697
803.53546	872.45844
803.54736	871.59912
803.55933	872.97375
803.57123	873.21527
803.58319	872.32416
803.59515	873.16449
803.60706	872.58942
803.61902	872.52875
803.63092	871.80096
803.64288	871.54657
803.65479	873.64581
803.66675	873.4834
803.67871	873.02826
803.69061	873.9054
803.70258	871.95129
803.71448	872.39319
803.72644	873.6795
803.73834	873.56055
803.75031	873.71912
803.76221	873.59857
803.77417	873.19904
803.78613	874.1676
803.79803	873.37628
803.81	873.03149
803.8219	872.83716
803.83386	872.53174
803.84576	872.04004
803.85773	872.32635
803.86963	872.8479
803.88159	872.36304
803.89355	872.28052
803.90546	872.80621
803.91742	872.63397
803.92932	872.31671
803.94128	872.77539
803.95319	872.57959
803.96515	871.49048
803.97711	874.01874
803.98901	872.87378
804.00098	872.50891
804.01288	872.26208
804.02484	873.69183
804.03674	873.43506
804.04871	873.64124
804.06061	873.65955
804.07257	873.97235
804.08453	873.51086
804.09644	873.0105
804.1084	872.06421
804.1203	873.03131
804.13226	873.1391
804.14417	874.00909
804.15613	872.03595
804.16803	872.14575
804.17999	873.45227
804.19196	873.56226
804.20386	873.13702
804.21582	872.56934
804.22772	872.20941
804.23969	873.3042
804.25159	873.14789
804.26355	875.57617
804.27551	875.33344
804.28741	874.35437
804.29938	872.15186
804.31128	873.59802
804.32324	874.18958
804.33514	872.75629
804.34711	871.84296
804.35901	871.81384
804.37097	872.10352
804.38293	872.25024
804.39484	871.78448
804.4068	874.2608
804.4187	873.08282
804.43066	871.32629
804.44257	874.09357
804.45453	874.42328
804.46643	872.71448
804.47839	872.97205
804.49036	872.53168
804.50226	873.47772
804.51422	872.63416
804.52612	874.4657
804.53809	874.19617
804.54999	873.86932
804.56195	874.24921
804.57391	873.94446
804.58582	874.19659
804.59778	874.06042
804.60968	873.14368
804.62164	873.43988
804.63354	873.83521
804.64551	873.22589
804.65741	872.3847
804.66937	872.19202
804.68134	872.28955
804.69324	871.72278
804.7052	872.36298
804.7171	871.64282
804.72906	872.80774
804.74097	873.83624
804.75293	872.9975
804.76483	874.12762
804.77679	872.28906
804.78876	873.75525
804.80066	874.40295
804.81262	872.30469
804.82452	873.77948
804.83649	872.43854
804.84839	872.18597
804.86035	872.16113
804.87231	871.31616
804.88422	874.13196
804.89618	873.71075
804.90808	873.0434
804.92004	873.99969
804.93195	874.18958
804.94391	873.48914
804.95581	873.05609
804.96777	872.70099
804.97974	872.7821
804.99164	872.27661
805.0036	872.86804
805.0155	873.99622
805.02747	874.112
805.03937	872.17603
805.05133	872.81732
805.06323	873.70691
805.0752	873.31989
805.08716	872.47498
805.09906	872.59039
805.11102	873.63599
805.12292	873.97693
805.13489	873.87317
805.14679	873.63739
805.15875	873.16296
805.17072	872.22986
805.18262	873.85486
805.19458	873.83203
805.20648	873.88715
805.21844	874.22974
805.23035	872.48383
805.24231	873.61926
805.25421	873.07648
805.26617	873.74713
805.27814	872.6051
805.29004	872.12549
805.302	872.66608
805.3139	872.76593
805.32587	871.09149
805.33777	873.42407
805.34973	873.88818
805.36163	873.21838
805.3736	873.6886
805.38556	874.32538
805.39746	873.37665
805.40942	875.15613
805.42133	873.21045
805.43329	873.9989
805.44519	873.63129
805.45715	874.43402
805.46912	871.85797
805.48102	872.91864
805.49298	871.22894
805.50488	871.74371
805.51685	873.77118
805.52875	874.47186
805.54071	873.61029
805.55261	872.49048
805.56458	872.15735
805.57654	873.12616
805.58844	874.71552
805.6004	872.64789
805.6123	873.90533
805.62427	874.50122
805.63617	872.87311
805.64813	871.5011
805.66003	874.75867
805.672	873.57538
805.68396	871.742
805.69586	871.08527
805.70782	873.5647
805.71973	873.67712
805.73169	874.80145
805.74359	872.65442
805.75555	873.8139
805.76746	873.10138
805.77942	873.53217
805.79138	871.60724
805.80328	872.67865
805.81525	873.43457
805.82715	869.74298
805.83911	872.38446
805.85101	872.59198
805.86298	871.44519
805.87494	871.64575
805.88684	873.3197
805.8988	872.38983
805.91071	873.78876
805.92267	874.40936
805.93457	873.9281
805.94653	873.52618
805.95844	873.75476
805.9704	873.85681
805.98236	874.18219
805.99426	873.50989
806.00623	873.56024
806.01813	873.38458
806.03009	873.93964
806.04199	872.56055
806.05396	873.86548
806.06586	874.0993
806.07782	874.19818
806.08978	873.73425
806.10168	875.32776
806.11365	873.65167
806.12555	872.24194
806.13751	872.79138
806.14941	874.01868
806.16138	874.2486
806.17334	873.72839
806.18524	873.94879
806.1972	871.21899
806.20911	871.94031
806.22107	873.43634
806.23297	872.89618
806.24493	873.48438
806.25684	872.28973
806.2688	872.94275
806.28076	873.24072
806.29266	873.48773
806.30463	873.40875
806.31653	873.69672
806.32849	874.66864
806.34039	872.78094
806.35236	872.24805
806.36426	873.36414
806.37622	872.65906
806.38818	873.6665
806.40009	874.69812
806.41205	874.40497
806.42395	873.00183
806.43591	874.41803
806.44781	871.5011
806.45978	874.3147
806.47174	873.77393
806.48364	871.62488
806.49561	870.44794
806.50751	873.09625
806.51947	873.01166
806.53137	873.70245
806.54333	873.34625
806.55524	872.60321
806.5672	874.23615
806.57916	871.95679
806.59106	872.05212
806.60303	873.65759
806.61493	874.53711
806.62689	873.48871
806.63879	871.68329
806.65076	873.08875
806.66266	874.22882
806.67462	875.63843
806.68658	873.78082
806.69849	870.98004
806.71045	872.85443
806.72235	873.7027
806.73431	872.89844
806.74622	872.37921
806.75818	872.43427
806.77014	872.90552
806.78204	873.47791
806.79401	874.12305
806.80591	875.12708
806.81787	874.21454
806.82977	873.56482
806.84174	872.55426
806.85364	873.29303
806.8656	871.64008
806.87756	871.98999
806.88947	874.02142
806.90143	873.8736
806.91333	872.26715
806.92529	873.46942
806.93719	873.74652
806.94916	873.72217
806.96106	873.17932
806.97302	872.7121
806.98499	873.07971
806.99689	874.42566
807.00885	872.00897
807.02075	872.87915
807.03271	872.508
807.04462	873.8313
807.05658	874.82867
807.06854	874.90887
807.08044	875.1264
807.09241	873.7132
807.10431	873.92297
807.11627	874.46521
807.12817	873.46631
807.14014	874.13855
807.15204	873.38422
807.164	873.85529
807.17596	874.67273
807.18787	873.74176
807.19983	872.69318
807.21173	871.98254
807.22369	875.14478
807.2356	874.44287
807.24756	873.08398
807.25946	872.91193
807.27142	873.71191
807.28339	874.19897
807.29529	873.97388
807.30725	873.88715
807.31915	873.49139
807.33112	873.01379
807.34302	871.95056
807.35498	876.35864
807.36694	875.26154
807.37885	873.91394
807.39081	871.46887
807.40271	873.98926
807.41467	874.72992
807.42657	874.65228
807.43854	873.72552
807.45044	874.27032
807.4624	873.84015
807.47437	873.30634
807.48627	873.58167
807.49823	874.19281
807.51013	874.1521
807.52209	873.45349
807.534	873.29688
807.54596	873.29431
807.55786	873.16467
807.56982	873.72015
807.58179	873.62976
807.59369	874.37732
807.60565	873.78546
807.61755	873.21411
807.62952	874.68646
807.64142	875.80005
807.65338	875.95483
807.66534	874.39313
807.67725	874.7453
807.68921	874.48431
807.70111	872.6828
807.71307	872.55396
807.72498	874.04663
807.73694	874.26428
807.74884	875.39514
807.7608	874.34326
807.77277	873.1286
807.78467	874.27649
807.79663	873.53729
807.80853	873.29163
807.8205	876.28015
807.8324	873.9552
807.84436	873.3681
807.85626	871.76593
807.86823	874.04816
807.88019	870.67273
807.89209	872.14716
807.90405	873.84656
807.91595	874.9126
807.92792	872.08429
807.93982	871.55481
807.95178	872.82861
807.96368	872.18604
807.97565	875.73358
807.98761	873.73035
807.99951	874.04285
808.01147	875.97943
808.02338	874.3205
808.03534	870.73529
808.04724	873.75452
808.0592	873.39368
808.07117	874.68225
808.08307	875.63916
808.09503	874.54437
808.10693	873.60193
808.1189	874.73999
808.1308	874.6629
808.14276	874.41986
808.15466	875.52307
808.16663	875.35712
808.17859	874.24426
808.19049	873.93359
808.20245	873.61353
808.21436	874.36548
808.22632	874.23444
808.23822	875.18494
808.25018	875.01801
808.26208	873.83057
808.27405	873.79132
808.28601	874.03888
808.29791	874.33722
808.30988	874.97723
808.32178	874.57837
808.33374	874.66217
808.34564	875.08997
808.3576	876.237
808.36957	874.6651
808.38147	872.92371
808.39343	873.28912
808.40533	873.51111
808.4173	873.44342
808.4292	873.54065
808.44116	875.07886
808.45306	873.67755
808.46503	872.22302
808.47699	875.46826
808.48889	873.91956
808.50085	874.23834
808.51276	873.07587
808.52472	873.61707
808.53662	873.89276
808.54858	873.51099
808.56049	874.37823
808.57245	873.76312
808.58441	873.36981
808.59631	874.41858
808.60828	875.26898
808.62018	874.59534
808.63214	874.30304
808.64404	874.51166
808.65601	873.84271
808.66797	875.88446
808.67987	876.3515
808.69183	874.33856
808.70374	872.08026
808.7157	875.19336
808.7276	875.61798
808.73956	875.58228
808.75146	874.03235
808.76343	874.66589
808.77539	873.396
808.78729	873.61096
808.79926	873.71368
808.81116	874.09167
808.82312	874.51971
808.83502	874.82959
808.84698	874.84045
808.85889	874.7439
808.87085	875.5592
808.88281	874.99664
808.89471	875.22778
808.90668	875.80615
808.91858	875.01874
808.93054	874.22614
808.94244	873.62573
808.95441	874.64862
808.96637	874.57904
808.97827	873.17181
808.99023	875.23865
809.00214	875.27087
809.0141	875.74127
809.026	875.09167
809.03796	875.62665
809.04987	874.28021
809.06183	875.01251
809.07379	877.89075
809.08569	876.53485
809.09766	876.96045
809.10956	874.30688
809.12152	874.12482
809.13342	874.46307
809.14539	873.20746
809.15729	874.40021
809.16925	875.37012
809.18121	873.67798
809.19312	876.40076
809.20508	876.70038
809.21698	873.41632
809.22894	873.77759
809.24084	874.67297
809.25281	874.55682
809.26477	873.45856
809.27667	873.05023
809.28864	874.25397
809.30054	876.06708
809.3125	875.70007
809.3244	874.61621
809.33636	876.54761
809.34827	875.00476
809.36023	874.30658
809.37219	874.76276
809.38409	877.29193
809.39606	875.24011
809.40796	876.29523
809.41992	876.24518
809.43182	875.26514
809.44379	874.98492
809.45569	876.48853
809.46765	876.52155
809.47961	876.02502
809.49152	876.11346
809.50348	876.3822
809.51538	877.36261
809.52734	875.59247
809.53925	876.00208
809.55121	874.77393
809.56317	875.87457
809.57507	874.81494
809.58704	876.09241
809.59894	875.55951
809.6109	878.42737
809.6228	877.7337
809.63477	875.43573
809.64667	874.91772
809.65863	874.00775
809.67059	876.11932
809.6825	876.35626
809.69446	874.45142
809.70636	875.34717
809.71832	876.76288
809.73022	877.02393
809.74219	876.78357
809.75409	876.62323
809.76605	876.85046
809.77802	875.62427
809.78992	875.78186
809.80188	875.4339
809.81378	873.29913
809.82574	874.50616
809.83765	875.12018
809.84961	874.86505
809.86157	875.79761
809.87347	876.61475
809.88544	877.30127
809.89734	876.29633
809.9093	876.02612
809.9212	876.2605
809.93317	874.98553
809.94507	874.64648
809.95703	875.07465
809.96899	875.00647
809.9809	876.15424
809.99286	876.15405
810.00476	878.138
810.01672	877.13867
810.02863	877.58887
810.04059	877.24219
810.05249	876.12732
810.06445	875.74585
810.07642	877.27148
810.08832	877.45117
810.10028	878.42401
810.11218	877.69366
810.12415	878.43976
810.13605	877.70374
810.14801	877.40967
810.15997	878.57971
810.17188	875.4798
810.18384	877.98639
810.19574	878.23615
810.2077	878.74683
810.2196	878.24915
810.23157	877.11572
810.24347	877.34247
810.25543	875.82153
810.2674	876.55084
810.2793	877.64056
810.29126	875.83417
810.30316	877.31573
810.31512	878.87482
810.32703	877.92682
810.33899	877.54828
810.35089	876.94611
810.36285	876.5874
810.37482	876.12695
810.38672	876.35797
810.39868	877.33093
810.41058	878.61847
810.42255	876.70477
810.43445	874.41541
810.44641	877.51495
810.45831	878.349
810.47028	876.78192
810.48224	879.76508
810.49414	878.60883
810.5061	877.97418
810.51801	878.33582
810.52997	876.52246
810.54187	879.31616
810.55383	879.23309
810.5658	879.98529
810.5777	878.84827
810.58966	876.97089
810.60156	880.01532
810.61353	880.49799
810.62543	877.23682
810.63739	878.13892
810.64929	880.00781
810.66125	879.36188
810.67322	877.32489
810.68512	877.48743
810.69708	879.32922
810.70898	878.66534
810.72095	881.76202
810.73285	880.7691
810.74481	881.17017
810.75671	877.04944
810.76868	877.68756
810.78064	881.89813
810.79254	881.84155
810.8045	881.25323
810.81641	880.20966
810.82837	881.13141
810.84027	881.8924
810.85223	883.89392
810.8642	881.89441
810.8761	882.72229
810.88806	880.06775
810.89996	882.73297
810.91193	879.52881
810.92383	883.34674
810.93579	882.36011
810.94769	880.56281
810.95966	881.38129
810.97162	883.36163
810.98352	882.75598
810.99548	883.71759
811.00739	883.13409
811.01935	883.23889
811.03125	885.12329
811.04321	885.50769
811.05511	886.11719
811.06708	885.95691
811.07904	882.60205
811.09094	883.68329
811.10291	885.2616
811.11481	886.94385
811.12677	887.67999
811.13867	885.85254
811.15063	886.62939
811.1626	884.62238
811.1745	886.31378
811.18646	887.55292
811.19836	887.99609
811.21033	889.29742
811.22223	886.43634
811.23419	887.82635
811.24609	890.47626
811.25806	889.10773
811.27002	889.46674
811.28192	890.04358
811.29388	890.01184
811.30579	889.36865
811.31775	890.36053
811.32965	891.17871
811.34161	893.95715
811.35352	891.45264
811.36548	891.09448
811.37744	892.83441
811.38934	891.90686
811.40131	889.82135
811.41321	891.56018
811.42517	890.80017
811.43707	890.46667
811.44904	891.88782
811.461	890.65808
811.4729	891.04596
811.48486	895.07452
811.49677	893.17078
811.50873	889.68915
811.52063	887.63342
811.53259	890.55292
811.54449	892.67181
811.55646	888.45538
811.56842	888.9491
811.58032	890.08771
811.59229	893.59412
811.60419	893.64795
811.61615	891.00427
811.62805	892.66583
811.64001	892.11011
811.65192	892.51111
811.66388	891.0799
811.67584	890.92004
811.68774	888.04028
811.69971	889.96997
811.71161	886.8324
811.72357	889.79785
811.73547	890.11963
811.74744	889.81641
811.7594	891.47675
811.7713	888.55096
811.78326	887.66345
811.79517	889.07001
811.80713	886.92444
811.81903	887.89661
811.83099	887.78467
811.8429	889.32928
811.85486	888.48669
811.86682	888.69928
811.87872	886.41205
811.89069	888.40173
811.90259	891.09094
811.91455	887.73242
811.92645	887.17755
811.93842	886.06482
811.95032	887.81372
811.96228	888.95514
811.97424	887.521
811.98615	886.35693
811.99811	887.18433
812.01001	885.35999
812.02197	887.47089
812.03387	887.41949
812.04584	885.8476
812.0578	885.16656
812.0697	887.35596
812.08167	888.24091
812.09357	887.36353
812.10553	888.56036
812.11743	888.78693
812.12939	885.9364
812.1413	885.50543
812.15326	885.84717
812.16522	885.20337
812.17712	883.31934
812.18909	884.27173
812.20099	884.71997
812.21295	887.12598
812.22485	885.20819
812.23682	883.73926
812.24872	882.8645
812.26068	884.16284
812.27264	882.90375
812.28455	881.7915
812.29651	882.5575
812.30841	884.83356
812.32037	882.17853
812.33228	883.06927
812.34424	883.9682
812.3562	884.27271
812.3681	882.6106
812.38007	883.51593
812.39197	882.52173
812.40393	883.00073
812.41583	883.29388
812.4278	883.81079
812.4397	883.4425
812.45166	881.75116
812.46362	883.75568
812.47552	884.92499
812.48749	882.9696
812.49939	882.49774
812.51135	883.41736
812.52325	883.94385
812.53522	881.84448
812.54712	880.37653
812.55908	880.02832
812.57104	885.08484
812.58295	885.75348
812.59491	882.40308
812.60681	883.10815
812.61877	885.26672
812.63068	880.9292
812.64264	880.69147
812.65454	882.97052
812.6665	882.349
812.67847	883.86218
812.69037	885.50372
812.70233	882.13257
812.71423	880.00055
812.7262	881.57538
812.7381	883.70428
812.75006	884.48645
812.76202	883.92517
812.77393	883.98358
812.78589	883.5896
812.79779	886.35565
812.80975	883.62384
812.82166	880.50061
812.83362	883.38135
812.84552	884.34967
812.85748	885.42773
812.86945	884.71765
812.88135	886.39148
812.89331	886.09796
812.90521	886.61127
812.91718	886.88318
812.92908	885.69495
812.94104	886.98431
812.95294	886.80273
812.9649	887.31812
812.97687	887.70789
812.98877	886.58197
813.00073	884.10394
813.01263	883.37329
813.0246	887.42773
813.0365	884.23865
813.04846	883.02386
813.06042	886.68622
813.07233	886.54095
813.08429	886.88654
813.09619	887.99982
813.10815	886.7937
813.12006	887.84399
813.13202	890.35046
813.14392	889.54974
813.15588	886.44775
813.16785	889.07758
813.17975	888.80054
813.19171	888.98621
813.20361	890.0318
813.21558	888.66962
813.22748	884.18146
813.23944	888.79144
813.25134	891.74487
813.26331	890.80994
813.27527	890.01361
813.28717	887.97998
813.29913	891.034
813.31104	890.87762
813.323	888.56268
813.3349	890.96924
813.34686	893.02136
813.35883	891.9057
813.37073	892.5293
813.38269	893.38586
813.39459	893.05115
813.40656	893.72046
813.41846	894.8595
813.43042	896.31635
813.44232	892.43945
813.45428	896.30902
813.46625	898.50867
813.47815	899.02252
813.49011	896.38898
813.50201	897.4248
813.51398	896.99268
813.52588	898.22949
813.53784	900.17627
813.54974	897.5824
813.56171	901.7926
813.57367	897.8125
813.58557	898.61511
813.59753	899.53516
813.60944	901.45288
813.6214	901.97687
813.6333	906.88782
813.64526	905.89044
813.65723	903.20319
813.66913	906.5506
813.68109	906.88843
813.69299	910.38281
813.70496	910.00555
813.71686	911.71277
813.72882	905.89471
813.74072	908.84381
813.75269	911.79333
813.76465	914.77368
813.77655	913.56738
813.78851	911.80023
813.80042	917.07916
813.81238	917.52496
813.82428	918.56488
813.83624	919.94281
813.84814	919.88013
813.86011	921.52271
813.87207	924.11328
813.88397	923.12195
813.89594	925.38281
813.90784	930.86218
813.9198	925.35632
813.9317	928.42065
813.94366	928.98816
813.95563	931.35168
813.96753	931.7735
813.97949	934.47742
813.99139	935.22852
814.00336	934.08313
814.01526	937.95386
814.02722	939.1687
814.03912	943.40009
814.05109	944.87878
814.06305	942.95068
814.07495	940.79071
814.08691	942.65833
814.09882	942.77661
814.11078	940.69775
814.12268	944.67834
814.13464	944.78955
814.14655	948.82727
814.15851	952.06421
814.17047	953.66522
814.18237	951.33868
814.19434	950.00818
814.20624	950.992
814.2182	947.38928
814.2301	952.05298
814.24207	953.91699
814.25403	953.2868
814.26593	950.36322
814.27789	951.36908
814.28979	950.39703
814.30176	947.9585
814.31366	949.42938
814.32562	948.24799
814.33752	946.69452
814.34949	943.80286
814.36145	941.55127
814.37335	944.65515
814.38531	943.47058
814.39722	943.01184
814.40918	942.92261
814.42108	940.72894
814.43304	939.4458
814.44495	938.39661
814.45691	939.31464
814.46887	936.86737
814.48077	935.33075
814.49274	929.62061
814.50464	930.92438
814.5166	930.77936
814.5285	929.97662
814.54047	924.88965
814.55243	930.38959
814.56433	926.78717
814.57629	924.84094
814.5882	925.12488
814.60016	924.08417
814.61206	925.02789
814.62402	921.17694
814.63593	923.40631
814.64789	920.08429
814.65985	915.89526
814.67175	915.48737
814.68372	915.15826
814.69562	915.33435
814.70758	918.45264
814.71948	911.29865
814.73145	910.8833
814.74335	908.76056
814.75531	913.93561
814.76727	910.72736
814.77917	911.79291
814.79114	909.59174
814.80304	908.08624
814.815	907.31329
814.8269	906.91107
814.83887	909.98743
814.85083	906.10168
814.86273	907.13098
814.87469	905.47827
814.8866	907.72803
814.89856	902.31415
814.91046	903.28442
814.92242	903.57819
814.93433	898.3656
814.94629	900.17468
814.95825	903.44196
814.97015	902.07904
814.98212	900.81744
814.99402	897.21606
815.00598	902.27594
815.01788	898.72614
815.02985	896.45807
815.04175	900.05322
815.05371	897.06018
815.06567	899.58978
815.07758	897.96973
815.08954	896.11365
815.10144	894.27026
815.1134	893.88275
815.12531	897.42047
815.13727	889.87927
815.14917	897.03186
815.16113	892.52429
815.1731	895.46906
815.185	893.38611
815.19696	888.10651
815.20886	892.86139
815.22083	892.28455
815.23273	894.04572
815.24469	889.77917
815.25665	892.22034
815.26855	895.54504
815.28052	892.7276
815.29242	888.25214
815.30438	890.07751
815.31628	891.27917
815.32825	890.20374
815.34015	889.37921
815.35211	887.92896
815.36407	886.4715
815.37598	886.20581
815.38794	886.53339
815.39984	886.57483
815.4118	887.81952
815.42371	888.46295
815.43567	886.35486
815.44757	883.45856
815.45953	886.53247
815.4715	882.53131
815.4834	881.61401
815.49536	885.55048
815.50726	884.06531
815.51923	882.78046
815.53113	883.63763
815.54309	884.21509
815.55505	882.75629
815.56696	883.19775
815.57892	879.33466
815.59082	882.85675
815.60278	883.28992
815.61469	881.625
815.62665	881.70062
815.63855	880.77197
815.65051	881.5741
815.66248	881.39771
815.67438	880.31836
815.68634	881.69836
815.69824	880.67139
815.71021	880.4093
815.72211	880.80902
815.73407	880.89325
815.74597	880.51514
815.75793	881.44275
815.7699	880.85089
815.7818	880.98889
815.79376	879.67206
815.80566	880.4657
815.81763	881.63513
815.82953	878.90112
815.84149	878.7168
815.85345	880.71484
815.86536	876.78857
815.87732	878.06085
815.88922	879.71765
815.90118	875.7998
815.91309	878.42401
815.92505	878.18683
815.93695	878.46106
815.94891	878.92981
815.96088	877.6925
815.97278	878.04041
815.98474	878.24304
815.99664	879.22394
816.00861	876.21991
816.02051	879.17743
816.03247	877.86707
816.04437	875.09045
816.05634	874.51978
816.0683	877.95789
816.0802	876.61719
816.09216	877.04327
816.10406	873.9541
816.11603	875.96735
816.12793	875.26843
816.13989	876.38965
816.15186	875.33252
816.16376	876.25055
816.17572	877.44794
816.18762	877.50793
816.19958	875.77051
816.21149	876.32794
816.22345	875.91132
816.23535	876.24969
816.24731	875.65533
816.25928	876.98651
816.27118	875.21344
816.28314	875.78748
816.29504	874.53101
816.30701	875.09497
816.31891	875.1698
816.33087	874.87579
816.34277	873.78809
816.35474	876.37073
816.3667	873.09662
816.3786	876.83014
816.39056	876.74084
816.40247	875.05322
816.41443	876.73663
816.42633	874.11505
816.43829	875.03461
816.45026	873.60034
816.46216	875.74847
816.47412	875.89978
816.48602	874.27734
816.49799	873.65424
816.50989	875.00128
816.52185	874.56372
816.53375	875.63812
816.54572	872.17426
816.55768	874.17737
816.56958	873.50519
816.58154	874.3941
816.59344	873.60022
816.60541	874.00439
816.61731	873.49591
816.62927	874.95111
816.64117	874.11945
816.65314	872.82947
816.6651	872.95966
816.677	873.8233
816.68896	872.51526
816.70087	872.36115
816.71283	873.31781
816.72473	874.16949
816.73669	874.06787
816.74866	872.54468
816.76056	872.75238
816.77252	872.92902
816.78442	872.42249
816.79639	872.16821
816.80829	873.51495
816.82025	873.75024
816.83215	872.67133
816.84412	870.71155
816.85608	870.75824
816.86798	870.62799
816.87994	871.75336
816.89185	873.21936
816.90381	873.99524
816.91571	873.12994
816.92767	872.96417
816.93958	870.53046
816.95154	871.44781
816.9635	872.98834
816.9754	872.92474
816.98737	872.0979
816.99927	872.77643
817.01123	872.56476
817.02313	872.02765
817.0351	871.56732
817.04706	872.44373
817.05896	871.98883
817.07092	871.83447
817.08282	872.54645
817.09479	871.49933
817.10669	871.17236
817.11865	871.61432
817.13055	872.70221
817.14252	870.73322
817.15448	870.66193
817.16638	870.76593
817.17834	871.99298
817.19025	871.28827
817.20221	871.75
817.21411	871.95648
817.22607	872.50208
817.23798	872.64575
817.24994	872.10303
817.2619	870.25397
817.2738	872.16022
817.28577	872.05072
817.29767	870.95715
817.30963	871.5545
817.32153	870.62177
817.3335	871.70068
817.34546	872.25665
817.35736	871.79584
817.36932	871.84619
817.38123	872.46936
817.39319	870.9787
817.40509	871.08698
817.41705	871.84106
817.42896	869.26923
817.44092	872.05536
817.45288	871.07129
817.46478	872.21942
817.47675	872.21576
817.48865	873.17456
817.50061	870.34167
817.51251	871.125
817.52448	872.10596
817.53638	871.37201
817.54834	872.03839
817.5603	872.302
817.5722	871.88202
817.58417	872.83685
817.59607	872.29987
817.60803	873.12921
817.61993	870.6535
817.6319	871.70807
817.6438	871.15662
817.65576	871.96332
817.66772	872.56702
817.67963	873.53821
817.69159	871.28571
817.70349	871.37921
817.71545	869.91711
817.72736	871.38904
817.73932	870.64661
817.75128	872.0097
817.76318	871.55463
817.77515	872.20526
817.78705	871.6803
817.79901	870.78168
817.81091	871.50421
817.82288	870.21375
817.83478	872.02924
817.84674	871.78149
817.8587	871.25153
817.87061	871.52881
817.88257	870.94586
817.89447	870.68298
817.90643	871.02197
817.91833	869.5592
817.9303	870.74933
817.9422	869.47791
817.95416	870.8067
817.96613	869.92395
817.97803	872.47363
817.98999	871.33606
818.00189	870.96936
818.01385	870.91602
818.02576	872.24512
818.03772	871.55536
818.04968	870.40393
818.06158	871.64832
818.07355	871.8338
818.08545	872.33832
818.09741	871.90247
818.10931	870.62854
818.12128	869.34143
818.13318	871.04999
818.14514	871.19812
818.1571	872.30212
818.16901	871.51746
818.18097	870.14117
818.19287	872.2381
818.20483	871.46637
818.21674	870.69513
818.2287	870.13831
818.2406	872.65155
818.25256	871.81439
818.26453	870.57806
818.27643	870.02991
818.28839	871.33838
818.30029	868.61243
818.31226	870.68091
818.32416	870.14697
818.33612	868.61108
818.34808	870.70886
818.35999	871.39478
818.37195	869.48517
818.38385	871.45715
818.39581	871.90338
818.40771	872.5589
818.41968	872.24847
818.43158	870.47583
818.44354	871.05212
818.45551	869.49609
818.46741	871.3504
818.47937	871.72052
818.49127	869.72308
818.50323	872.02246
818.51514	871.26715
818.5271	870.42328
818.539	868.57605
818.55096	870.29962
818.56293	871.27118
818.57483	870.32288
818.58679	871.5697
818.59869	870.6557
818.61066	870.40759
818.62256	869.39752
818.63452	869.77325
818.64648	871.13818
818.65839	870.18066
818.67035	871.19501
818.68225	869.72266
818.69421	871.58948
818.70612	871.84412
818.71808	871.36322
818.72998	871.28009
818.74194	870.26935
818.75391	869.27319
818.76581	871.06915
818.77777	869.18121
818.78967	870.53699
818.80164	871.11438
818.81354	871.01831
818.8255	869.90424
818.8374	870.75317
818.84937	870.6084
818.86133	869.91986
818.87323	871.44336
818.88519	870.78461
818.89709	870.51959
818.90906	871.40234
818.92096	871.6792
818.93292	871.74225
818.94489	870.84833
818.95679	871.68652
818.96875	870.68683
818.98065	869.71997
818.99261	871.32104
819.00452	871.74475
819.01648	871.23425
819.02838	870.62329
819.04034	870.13928
819.05231	871.2262
819.06421	870.80035
819.07617	870.88196
819.08807	871.19
819.10004	871.02203
819.11194	868.84033
819.1239	869.86298
819.1358	871.00977
819.14777	870.37933
819.15973	870.11133
819.17163	870.29846
819.18359	870.03741
819.1955	869.58649
819.20746	869.29163
819.21936	870.1842
819.23132	869.4234
819.24329	869.82263
819.25519	869.74963
819.26715	869.15649
819.27905	871.02307
819.29102	871.83588
819.30292	872.10406
819.31488	871.91785
819.32678	871.38171
819.33875	870.38599
819.35071	870.62878
819.36261	872.06805
819.37457	872.45227
819.38647	871.50769
819.39844	870.48126
819.41034	870.89233
819.4223	869.65857
819.4342	870.34607
819.44617	870.68109
819.45813	871.75317
819.47003	870.9527
819.48199	871.41296
819.4939	871.09253
819.50586	870.7572
819.51776	870.44836
819.52972	870.93176
819.54169	871.30841
819.55359	871.29126
819.56555	870.65314
819.57745	871.79053
819.58942	871.49054
819.60132	869.8623
819.61328	870.07642
819.62518	870.75806
819.63715	870.91638
819.64911	871.86017
819.66101	871.15527
819.67297	870.73077
819.68488	869.88416
819.69684	869.42645
819.70874	872.86194
819.7207	870.2113
819.7326	870.74243
819.74457	872.01672
819.75653	870.86475
819.76843	870.52057
819.7804	868.72888
819.7923	869.6178
819.80426	869.58368
819.81616	871.64154
819.82813	872.10651
819.84003	872.65826
819.85199	870.61053
819.86395	869.66437
819.87585	871.09949
819.88782	870.60504
819.89972	870.18439
819.91168	870.48975
819.92358	869.66046
819.93555	871.2049
819.94751	871.80933
819.95941	871.71149
819.97137	870.07617
819.98328	868.96155
819.99524	870.59375
820.00714	869.8631
820.0191	870.91101
820.03101	871.81366
820.04297	870.98938
820.05493	871.34668
820.06683	870.51007
820.0788	871.00464
820.0907	871.46796
820.10266	869.35956
820.11456	871.07611
820.12653	872.0285
820.13843	871.35748
820.15039	871.82281
820.16235	870.64874
820.17426	872.83881
820.18622	872.67145
820.19812	872.62921
820.21008	873.02106
820.22198	872.64508
820.23395	872.05707
820.24591	871.73297
820.25781	871.04175
820.26978	870.58301
820.28168	870.75604
820.29364	870.67542
820.30554	872.13495
820.3175	871.08026
820.32941	869.76501
820.34137	872.47601
820.35333	871.60992
820.36523	871.96832
820.3772	872.05927
820.3891	872.013
820.40106	872.18787
820.41296	871.64941
820.42493	869.77814
820.43683	870.03644
820.44879	870.25262
820.46075	870.8446
820.47266	869.43353
820.48462	870.76398
820.49652	870.1142
820.50848	871.15808
820.52039	872.20325
820.53235	869.95465
820.54431	870.52795
820.55621	869.37598
820.56818	872.18964
820.58008	870.99896
820.59204	868.99628
820.60394	871.83551
820.61591	869.29443
820.62781	870.44727
820.63977	870.62994
820.65173	869.82825
820.66364	871.35187
820.6756	871.20825
820.6875	872.58783
820.69946	871.71973
820.71136	871.88196
820.72333	871.9231
820.73523	869.39233
820.74719	870.64612
820.75916	870.38043
820.77106	872.00586
820.78302	871.13702
820.79492	871.21063
820.80688	871.22137
820.81879	870.82898
820.83075	870.28094
820.84271	871.33441
820.85461	871.15002
820.86658	872.47485
820.87848	871.50067
820.89044	871.49506
820.90234	870.69641
820.91431	871.40533
820.92621	870.96588
820.93817	870.24249
820.95013	869.12378
820.96204	871.79578
820.974	872.18695
820.9859	872.16541
820.99786	871.24329
821.00977	870.52875
821.02173	870.97607
821.03363	871.10284
821.04559	870.04596
821.05756	871.43256
821.06946	871.64502
821.08142	871.13837
821.09332	871.00311
821.10529	871.78021
821.11719	871.14343
821.12915	870.60822
821.14111	870.12207
821.15302	870.73505
821.16498	869.54767
821.17688	869.82251
821.18884	870.60071
821.20074	870.89276
821.21271	870.66895
821.22461	870.1203
821.23657	871.47577
821.24854	870.49243
821.26044	871.30908
821.2724	870.85858
821.2843	869.90851
821.29626	869.15228
821.30817	870.41272
821.32013	870.62708
821.33203	869.91394
821.34399	872.10181
821.35596	871.34106
821.36786	870.02679
821.37982	869.95959
821.39172	871.27112
821.40369	870.617
821.41559	870.74707
821.42755	869.97546
821.43951	870.4881
821.45142	870.36823
821.46338	870.40112
821.47528	869.46881
821.48724	870.90967
821.49915	869.6131
821.51111	870.70874
821.52301	870.19891
821.53497	871.0896
821.54694	871.67932
821.55884	872.17328
821.5708	871.54089
821.5827	870.12799
821.59467	871.86725
821.60657	868.71161
821.61853	871.45947
821.63043	870.9823
821.6424	870.94592
821.65436	870.77112
821.66626	872.39709
821.67822	873.22626
821.69012	870.43579
821.70209	869.85333
821.71399	870.70197
821.72595	870.6889
821.73792	870.94366
821.74982	871.64075
821.76178	870.72467
821.77368	871.92566
821.78564	871.48743
821.79755	870.67169
821.80951	870.9754
821.82141	871.79993
821.83337	871.64154
821.84534	870.99481
821.85724	871.60114
821.8692	871.13495
821.8811	870.63702
821.89307	870.71411
821.90497	870.742
821.91693	870.84814
821.92883	870.68359
821.9408	869.97784
821.95276	870.00262
821.96466	870.96576
821.97662	871.78595
821.98853	871.26276
822.00049	871.14105
822.01239	870.90955
822.02435	869.85681
822.03632	870.25092
822.04822	870.79553
822.06018	870.13733
822.07208	870.28668
822.08405	871.54016
822.09595	871.65393
822.10791	871.71008
822.11981	870.02539
822.13177	870.24268
822.14374	871.08862
822.15564	870.30487
822.1676	870.70526
822.1795	870.57788
822.19147	871.17438
822.20337	870.43109
822.21533	869.36646
822.22723	869.60883
822.2392	871.1015
822.25116	870.26514
822.26306	871.30853
822.27502	869.26434
822.28693	870.9502
822.29889	872.35028
822.31079	870.23047
822.32275	869.21277
822.33466	871.60162
822.34662	869.94788
822.35858	870.51965
822.37048	870.48431
822.38245	871.17316
822.39435	871.0379
822.40631	870.31122
822.41821	871.15216
822.43018	870.86627
822.44214	869.98193
822.45404	870.88837
822.466	870.96295
822.47791	870.91748
822.48987	869.16132
822.50177	870.63177
822.51373	870.26147
822.52563	870.31677
822.5376	870.32257
822.54956	870.04224
822.56146	870.01239
822.57343	871.4173
822.58533	871.33704
822.59729	871.10742
822.60919	871.64978
822.62115	871.41833
822.63306	871.85651
822.64502	870.99078
822.65698	870.64539
822.66888	871.44928
822.68085	871.29376
822.69275	870.87207
822.70471	870.4447
822.71661	870.50635
822.72858	871.08325
822.74054	871.26239
822.75244	870.10205
822.7644	870.94232
822.77631	870.00183
822.78827	870.16425
822.80017	870.78796
822.81213	869.86566
822.82404	869.77271
822.836	868.35352
822.84796	869.40686
822.85986	870.33459
822.87183	871.6687
822.88373	872.06299
822.89569	871.38422
822.90759	871.45605
822.91956	870.58154
822.93146	870.46216
822.94342	870.71844
822.95538	870.75208
822.96729	869.19171
822.97925	871.08014
822.99115	870.64838
823.00311	871.02551
823.01501	870.37115
823.02698	869.98981
823.03894	872.3147
823.05084	871.41992
823.06281	871.00134
823.07471	871.23401
823.08667	870.87616
823.09857	871.35785
823.11053	872.04456
823.12244	870.83368
823.1344	872.10645
823.14636	871.82721
823.15826	870.74561
823.17023	869.5542
823.18213	870.1452
823.19409	871.91431
823.20599	871.56274
823.21796	870.59381
823.22986	870.22327
823.24182	869.9837
823.25378	871.19556
823.26569	870.85522
823.27765	869.89795
823.28955	871.20691
823.30151	871.70996
823.31342	869.97394
823.32538	870.23889
823.33734	870.53473
823.34924	870.96454
823.36121	871.05829
823.37311	869.51038
823.38507	868.79651
823.39697	869.70776
823.40894	869.58362
823.42084	868.48987
823.4328	868.76727
823.44476	868.77917
823.45667	869.80646
823.46863	871.16241
823.48053	871.92114
823.49249	871.34302
823.50439	871.82367
823.51636	871.91449
823.52826	871.76947
823.54022	871.32159
823.55219	871.50018
823.56409	870.89215
823.57605	868.33459
823.58795	871.9447
823.59991	871.81036
823.61182	870.2619
823.62378	869.69806
823.63574	870.99072
823.64764	869.85834
823.65961	871.2511
823.67151	870.87726
823.68347	870.99084
823.69537	870.3551
823.70734	870.93231
823.71924	870.09442
823.7312	871.5564
823.74316	871.8551
823.75507	872.49335
823.76703	871.20905
823.77893	869.18994
823.79089	871.31616
823.8028	871.16486
823.81476	871.77271
823.82666	870.79297
823.83862	870.50995
823.85059	869.87909
823.86249	869.39044
823.87445	871.95825
823.88635	870.19537
823.89832	869.35718
823.91022	871.12555
823.92218	871.72241
823.93414	872.85699
823.94604	871.64819
823.95801	871.27002
823.96991	870.00018
823.98187	869.44348
823.99377	870.16058
824.00574	868.77496
824.01764	870.08136
824.0296	870.91498
824.04156	870.784
824.05347	870.50946
824.06543	871.74042
824.07733	870.67407
824.08929	870.14392
824.1012	871.57104
824.11316	870.30859
824.12506	870.71716
824.13702	871.68311
824.14899	871.88672
824.16089	870.7179
824.17285	871.98907
824.18475	871.09662
824.19672	871.50745
824.20862	871.33966
824.22058	870.75647
824.23254	870.76611
824.24445	871.16309
824.25641	869.97955
824.26831	871.16827
824.28027	870.8642
824.29218	872.1123
824.30414	868.84528
824.31604	869.00653
824.328	870.30157
824.33997	870.1178
824.35187	871.1637
824.36383	870.26849
824.37573	871.77606
824.3877	871.49469
824.3996	871.15607
824.41156	872.26288
824.42346	871.10461
824.43542	869.91473
824.44739	869.97742
824.45929	870.25293
824.47125	870.97919
824.48315	870.7041
824.49512	871.4516
824.50702	869.86743
824.51898	870.76123
824.53088	870.83289
824.54285	870.06824
824.55481	871.83813
824.56671	870.88245
824.57867	871.28888
824.59058	869.22113
824.60254	870.35242
824.61444	871.51184
824.6264	870.86829
824.63837	870.64099
824.65027	871.00073
824.66223	871.88953
824.67413	871.24109
824.6861	871.93744
824.698	868.37024
824.70996	871.16589
824.72186	872.55804
824.73383	869.76056
824.74579	871.12329
824.75769	870.91962
824.76965	870.97992
824.78156	869.63239
824.79352	870.78729
824.80542	870.40967
824.81738	870.80103
824.82928	870.24982
824.84125	871.43304
824.85321	871.7226
824.86511	870.6684
824.87708	870.62048
824.88898	870.45203
824.90094	871.24774
824.91284	872.5542
824.9248	872.2691
824.93677	871.28174
824.94867	870.40063
824.96063	871.14514
824.97253	871.68781
824.9845	871.68707
824.9964	873.07532
825.00836	873.6012
825.02026	872.55579
825.03223	871.41235
825.04419	870.90686
825.05609	870.36847
825.06805	870.62506
825.07996	870.99152
825.09192	871.28796
825.10382	871.25104
825.11578	871.70209
825.12769	871.73047
825.13965	870.68713
825.15161	871.7652
825.16351	872.34943
825.17548	872.57172
825.18738	872.29169
825.19934	871.52753
825.21124	872.14716
825.22321	872.26276
825.23517	872.60626
825.24707	872.20349
825.25903	873.15936
825.27094	870.67963
825.2829	872.02997
825.2948	872.3717
825.30676	871.89728
825.31866	871.979
825.33063	872.07269
825.34259	871.23602
825.35449	871.75604
825.36646	872.19958
825.37836	871.50061
825.39032	870.86743
825.40222	871.82703
825.41418	871.78821
825.42609	873.263
825.43805	872.12122
825.45001	870.92371
825.46191	870.67749
825.47388	872.44128
825.48578	873.04297
825.49774	871.21405
825.50964	871.12048
825.52161	871.12488
825.53357	870.25299
825.54547	872.70447
825.55743	871.44476
825.56934	872.26288
825.5813	870.8559
825.5932	871.26666
825.60516	872.59637
825.61707	872.0274
825.62903	872.70178
825.64099	870.67645
825.65289	871.98535
825.66486	872.03979
825.67676	871.45685
825.68872	872.02795
825.70062	873.18634
825.71259	872.41858
825.72449	872.32587
825.73645	871.38312
825.74841	870.49017
825.76031	870.68109
825.77228	870.93073
825.78418	869.4046
825.79614	870.72137
825.80804	870.74286
825.82001	872.61682
825.83197	871.50647
825.84387	872.44818
825.85583	870.51782
825.86774	869.1731
825.8797	871.91016
825.8916	871.13635
825.90356	871.75275
825.91547	872.4953
825.92743	871.4281
825.93939	870.77509
825.95129	872.58698
825.96326	871.98767
825.97516	872.35028
825.98712	872.51709
825.99902	872.07452
826.01099	870.75653
826.02289	871.26953
826.03485	873.00183
826.04681	874.38019
826.05872	872.16479
826.07068	869.83392
826.08258	870.69739
826.09454	871.25
826.10645	868.02838
826.11841	872.12146
826.13037	870.91718
826.14227	870.06396
826.15424	870.19177
826.16614	872.37482
826.1781	870.67682
826.19	871.35046
826.20197	873.07654
826.21387	872.21704
826.22583	872.06061
826.23779	872.12878
826.24969	870.99249
826.26166	871.1394
826.27356	869.95355
826.28552	871.38831
826.29742	871.82733
826.30939	871.51019
826.32129	871.84564
826.33325	871.08405
826.34521	870.9743
826.35712	871.40314
826.36908	872.32697
826.38098	872.3739
826.39294	872.20959
826.40485	871.54224
826.41681	871.8515
826.42877	872.88898
826.44067	871.57031
826.45264	871.34113
826.46454	872.35339
826.4765	872.39868
826.4884	871.31946
826.50037	870.75775
826.51227	870.99042
826.52423	871.21173
826.53619	871.6947
826.5481	871.04333
826.56006	870.89331
826.57196	870.92902
826.58392	870.77179
826.59583	870.16809
826.60779	872.30243
826.61969	871.44452
826.63165	871.49384
826.64362	869.90363
826.65552	870.05542
826.66748	871.80707
826.67938	870.37823
826.69135	872.0213
826.70325	872.42969
826.71521	872.94989
826.72717	870.93951
826.73907	873.2215
826.75104	871.32037
826.76294	871.289
826.7749	872.0611
826.7868	870.36432
826.79877	871.77747
826.81067	872.78058
826.82263	872.22192
826.83459	871.83685
826.8465	870.82745
826.85846	870.65277
826.87036	873.06226
826.88232	872.70129
826.89423	872.59772
826.90619	873.54218
826.91809	873.16333
826.93005	873.43451
826.94202	872.54883
826.95392	872.33124
826.96588	871.6369
826.97778	871.27917
826.98975	872.59216
827.00165	873.33099
827.01361	872.37231
827.02551	870.85107
827.03748	870.80951
827.04944	872.39789
827.06134	872.93799
827.0733	873.17725
827.08521	874.16772
827.09717	870.9303
827.10907	874.61584
827.12103	872.85284
827.133	872.13831
827.1449	870.05066
827.15686	871.23926
827.16876	873.24115
827.18073	874.99188
827.19263	873.03546
827.20459	874.09406
827.21649	872.06427
827.22845	872.70483
827.24042	871.66199
827.25232	871.28564
827.26428	872.09515
827.27618	871.71808
827.28815	870.49896
827.30005	871.05627
827.31201	872.75763
827.32391	872.94073
827.33588	871.79041
827.34784	871.50885
827.35974	871.19171
827.3717	871.50732
827.38361	874.12549
827.39557	873.38666
827.40747	872.79474
827.41943	871.87317
827.4314	872.57208
827.4433	872.2533
827.45526	871.3894
827.46716	872.50134
827.47913	872.95038
827.49103	871.96088
827.50299	871.50433
827.51489	872.59204
827.52686	873.59192
827.53882	873.35364
827.55072	872.15686
827.56268	871.18225
827.57458	873.08527
827.58655	873.49054
827.59845	871.81696
827.61041	872.39899
827.62231	873.99945
827.63428	871.87683
827.64624	872.59595
827.65814	873.17108
827.6701	872.25519
827.68201	871.7995
827.69397	872.14288
827.70587	872.70923
827.71783	872.65259
827.7298	872.82751
827.7417	871.48981
827.75366	873.216
827.76556	873.38245
827.77753	871.99078
827.78943	871.94818
827.80139	872.21661
827.81329	872.0968
827.82526	873.37952
827.83722	872.08801
827.84912	872.61005
827.86108	873.64172
827.87299	874.271
827.88495	873.32227
827.89685	871.28516
827.90881	872.42609
827.92072	874.17407
827.93268	873.85822
827.94464	873.57239
827.95654	874.30786
827.96851	873.27783
827.98041	873.44232
827.99237	874.2572
828.00427	871.76996
828.01624	873.43414
828.0282	873.55298
828.0401	872.51392
828.05206	872.50183
828.06396	874.27594
828.07593	873.82617
828.08783	873.06146
828.09979	872.02661
828.11169	873.2735
828.12366	874.29303
828.13562	874.85864
828.14752	874.60376
828.15948	872.85236
828.17139	872.48181
828.18335	872.38574
828.19525	872.07397
828.20721	872.48785
828.21912	873.28259
828.23108	873.64209
828.24304	873.43811
828.25494	872.70587
828.26691	873.25378
828.27881	873.9613
828.29077	873.44733
828.30267	873.34674
828.31464	873.77527
828.3266	874.97571
828.3385	873.21106
828.35046	873.22406
828.36237	874.34906
828.37433	873.26831
828.38623	872.9707
828.39819	872.46472
828.4101	873.99365
828.42206	874.08594
828.43402	874.52551
828.44592	874.81775
828.45789	873.46228
828.46979	874.23615
828.48175	873.26398
828.49365	873.89441
828.50562	874.90338
828.51752	872.12067
828.52948	873.43701
828.54144	872.28473
828.55334	872.58124
828.56531	873.33386
828.57721	872.12201
828.58917	872.66541
828.60107	871.96259
828.61304	872.89374
828.625	875.27075
828.6369	873.92627
828.64886	873.32593
828.66077	873.25867
828.67273	874.29633
828.68463	875.15692
828.69659	873.61328
828.7085	874.78119
828.72046	873.98822
828.73242	873.94073
828.74432	874.66022
828.75629	874.68561
828.76819	872.21515
828.78015	873.78265
828.79205	874.99219
828.80402	873.97742
828.81592	875.25372
828.82788	874.27673
828.83984	873.3327
828.85175	874.51953
828.86371	874.53198
828.87561	875.26849
828.88757	875.08679
828.89948	874.33191
828.91144	873.91284
828.9234	874.01239
828.9353	874.35388
828.94727	874.8761
828.95917	875.51837
828.97113	875.33923
828.98303	873.66986
828.995	873.85156
829.0069	873.42871
829.01886	873.5567
829.03082	873.38898
829.04272	872.55554
829.05469	871.94073
829.06659	873.57874
829.07855	872.93964
829.09045	871.90656
829.10242	873.52875
829.11432	874.96338
829.12628	874.13165
829.13824	873.22913
829.15015	874.23779
829.16211	874.25012
829.17401	874.03442
829.18597	875.35596
829.19788	875.77869
829.20984	875.43384
829.2218	875.4353
829.2337	875.37421
829.24567	874.36688
829.25757	872.22803
829.26953	873.82983
829.28143	873.6275
829.2934	874.27417
829.3053	874.18225
829.31726	873.69098
829.32922	873.2887
829.34113	875.98553
829.35309	873.93982
829.36499	874.34143
829.37695	873.9621
829.38885	875.521
829.40082	873.23755
829.41272	873.81647
829.42468	874.1037
829.43665	874.42603
829.44855	874.48224
829.46051	876.44293
829.47241	875.47504
829.48438	874.91193
829.49628	875.69153
829.50824	874.19928
829.52014	872.8125
829.5321	874.22754
829.54407	873.98065
829.55597	874.08063
829.56793	874.21454
829.57983	875.23328
829.5918	876.07227
829.6037	875.38147
829.61566	874.42627
829.62762	873.79938
829.63953	875.2265
829.65149	874.25714
829.66339	873.69434
829.67535	873.53418
829.68726	874.56848
829.69922	873.06061
829.71112	872.89471
829.72308	875.49835
829.73505	875.01672
829.74695	875.49323
829.75891	875.50787
829.77081	873.99701
829.78278	874.28851
829.79468	874.10077
829.80664	876.29785
829.81854	874.21576
829.83051	875.09485
829.84247	874.35822
829.85437	875.28754
829.86633	875.05347
829.87823	874.37805
829.8902	874.86694
829.9021	873.99457
829.91406	875.8653
829.92603	877.65613
829.93793	877.22815
829.94989	875.3858
829.96179	875.45306
829.97375	875.12292
829.98566	874.51245
829.99762	874.26776
830.00952	875.44366
830.02148	874.8634
830.03345	875.1972
830.04535	874.40808
830.05731	874.20142
830.06921	875.60046
830.08118	874.1012
830.09308	874.27802
830.10504	875.55829
830.11694	875.43744
830.12891	875.82001
830.14087	874.60681
830.15277	875.26471
830.16473	876.36633
830.17664	875.43414
830.1886	873.81238
830.2005	876.33691
830.21246	877.09918
830.22443	876.53455
830.23633	874.8728
830.24829	875.55035
830.26019	876.58307
830.27216	876.52155
830.28406	874.86755
830.29602	874.62256
830.30792	874.11066
830.31989	876.0434
830.33185	875.32892
830.34375	875.39087
830.35571	875.99438
830.36761	876.11578
830.37958	874.99664
830.39148	874.74152
830.40344	873.89069
830.41534	875.03638
830.42731	875.97888
830.43927	875.52826
830.45117	876.76648
830.46313	876.46191
830.47504	875.14294
830.487	874.81146
830.4989	876.0166
830.51086	876.26044
830.52283	875.9776
830.53473	876.22101
830.54669	876.42194
830.55859	875.36572
830.57056	877.3277
830.58246	876.09845
830.59442	874.33832
830.60632	875.80487
830.61829	874.73956
830.63025	876.3446
830.64215	874.63678
830.65411	875.50659
830.66602	875.50702
830.67798	875.01062
830.68988	875.01794
830.70184	875.61249
830.71375	875.56097
830.72571	874.90967
830.73767	872.44928
830.74957	874.58673
830.76154	877.38336
830.77344	875.69489
830.7854	873.18164
830.7973	876.12073
830.80927	876.32556
830.82123	875.13324
830.83313	875.11151
830.84509	876.35181
830.85699	873.97504
830.86896	875.35748
830.88086	874.15216
830.89282	875.07983
830.90472	875.66461
830.91669	876.82257
830.92865	877.32269
830.94055	876.84399
830.95251	874.92285
830.96442	875.48187
830.97638	877.10907
830.98828	876.68439
831.00024	877.53815
831.01215	877.10834
831.02411	874.4176
831.03607	873.99347
831.04797	875.62952
831.05994	876.82269
831.07184	875.75977
831.0838	876.8996
831.0957	874.11981
831.10767	872.33087
831.11963	876.64258
831.13153	874.95996
831.14349	876.51172
831.1554	878.27557
831.16736	875.5769
831.17926	877.39111
831.19122	877.20355
831.20313	875.65228
831.21509	876.3241
831.22705	877.57794
831.23895	875.62231
831.25092	875.33734
831.26282	876.64026
831.27478	875.7464
831.28668	875.87134
831.29865	875.36536
831.31055	876.88043
831.32251	875.32538
831.33447	876.21368
831.34637	877.34558
831.35834	874.74133
831.37024	876.54395
831.3822	876.62793
831.3941	876.47351
831.40607	877.38489
831.41803	876.82129
831.42993	877.034
831.44189	876.97217
831.4538	876.15302
831.46576	877.30859
831.47766	876.42108
831.48962	877.27124
831.50153	876.93311
831.51349	876.85431
831.52545	878.50671
831.53735	875.36676
831.54932	876.81592
831.56122	878.8924
831.57318	876.92212
831.58508	877.29077
831.59705	877.74011
831.60895	876.46729
831.62091	877.07806
831.63287	877.09662
831.64478	877.6496
831.65674	877.22748
831.66864	876.81165
831.6806	877.74695
831.6925	878.40277
831.70447	877.30225
831.71637	877.62738
831.72833	876.84399
831.7403	877.58582
831.7522	880.065
831.76416	875.22992
831.77606	875.63348
831.78802	877.87158
831.79993	878.55908
831.81189	876.24805
831.82385	879.64465
831.83575	878.39063
831.84772	876.60474
831.85962	876.47583
831.87158	877.92426
831.88348	878.37451
831.89545	878.64874
831.90735	875.99878
831.91931	877.66577
831.93127	878.79456
831.94318	879.81567
831.95514	877.78217
831.96704	875.88458
831.979	878.67078
831.99091	878.84802
832.00287	877.03052
832.01477	877.52216
832.02673	876.6618
832.0387	878.84418
832.0506	878.60468
832.06256	878.25781
832.07446	878.18005
832.08643	878.62299
832.09833	879.17462
832.11029	879.51251
832.12225	877.38275
832.13416	876.88647
832.14612	878.43213
832.15802	879.28937
832.16998	879.21069
832.18188	877.89832
832.19385	878.71869
832.20575	878.97803
832.21771	880.22607
832.22968	879.67383
832.24158	878.07965
832.25354	879.6994
832.26544	880.26569
832.2774	878.21954
832.28931	879.66876
832.30127	879.94495
832.31317	880.17072
832.32513	881.12061
832.3371	879.05658
832.349	878.74408
832.36096	878.51764
832.37286	878.06042
832.38483	878.65222
832.39673	879.74072
832.40869	880.83826
832.42065	880.40759
832.43256	879.92273
832.44452	879.72046
832.45642	880.45428
832.46838	880.7666
832.48029	879.8465
832.49225	880.67084
832.50415	881.31464
832.51611	880.66705
832.52808	882.54669
832.53998	879.20825
832.55194	882.66229
832.56384	881.79236
832.57581	880.91559
832.58771	881.00134
832.59967	882.25897
832.61157	877.73071
832.62354	880.34772
832.6355	879.65875
832.6474	879.75012
832.65936	880.05194
832.67126	881.724
832.68323	879.64331
832.69513	880.62854
832.70709	882.77368
832.71906	882.89362
832.73096	884.0401
832.74292	881.24005
832.75482	883.09161
832.76678	884.1568
832.77869	882.47992
832.79065	882.74573
832.80255	882.05115
832.81451	881.45178
832.82648	882.45728
832.83838	881.06866
832.85034	882.44836
832.86224	881.20673
832.87421	883.34052
832.88611	882.99146
832.89807	881.8894
832.90997	883.95374
832.92194	884.59601
832.9339	885.03973
832.9458	885.02167
832.95776	883.73499
832.96967	884.96332
832.98163	882.47748
832.99353	882.85657
833.00549	883.1474
833.01746	883.58215
833.02936	884.24152
833.04132	884.89612
833.05322	885.56079
833.06519	886.2616
833.07709	886.58252
833.08905	886.9212
833.10095	886.26038
833.11292	884.43402
833.12488	884.97626
833.13678	885.07379
833.14874	884.27258
833.16064	885.84167
833.17261	886.74896
833.18451	887.4198
833.19647	885.27698
833.20837	882.02985
833.22034	886.42712
833.2323	885.24127
833.2442	886.20337
833.25616	888.76611
833.26807	888.14331
833.28003	888.90979
833.29193	888.15814
833.30389	887.53503
833.31586	887.35608
833.32776	884.86389
833.33972	887.99603
833.35162	888.54761
833.36359	887.13782
833.37549	885.6156
833.38745	887.96375
833.39935	886.25531
833.41132	888.99524
833.42328	890.20996
833.43518	888.27649
833.44714	888.41052
833.45905	886.78387
833.47101	890.04907
833.48291	888.84479
833.49487	890.24945
833.50677	891.33246
833.51874	894.46545
833.5307	892.83148
833.5426	892.30322
833.55457	889.40698
833.56647	890.18597
833.57843	889.80328
833.59033	894.54767
833.60229	893.42731
833.61426	892.86414
833.62616	893.84241
833.63812	892.91614
833.65002	895.24481
833.66199	894.77026
833.67389	894.88409
833.68585	894.16437
833.69775	895.70325
833.70972	895.55109
833.72168	896.1355
833.73358	896.39838
833.74554	898.13916
833.75745	900.14319
833.76941	899.49377
833.78131	900.55023
833.79327	900.98956
833.80518	901.64642
833.81714	900.68152
833.8291	903.24133
833.841	904.03442
833.85297	905.95959
833.86487	906.84375
833.87683	906.08978
833.88873	908.50641
833.9007	913.59595
833.91266	907.87073
833.92456	910.31091
833.93652	910.90533
833.94843	916.41846
833.96039	915.62634
833.97229	918.78149
833.98425	921.05432
833.99615	924.10822
834.00812	922.3866
834.02008	923.47516
834.03198	927.87671
834.04395	934.62286
834.05585	938.04431
834.06781	942.11676
834.07971	942.40973
834.09167	947.90619
834.10358	955.74316
834.11554	959.81738
834.1275	961.2467
834.1394	972.31647
834.15137	983.11328
834.16327	988.95361
834.17523	995.98639
834.18713	1008.7203
834.1991	1021.019
834.211	1036.3097
834.22296	1062.9513
834.23492	1073.6737
834.24683	1109.9186
834.25879	1154.2556
834.27069	1211.5156
834.28265	1269.548
834.29456	1368.5619
834.30652	1487.3934
834.31848	1654.3201
834.33038	1847.6858
834.34235	2088.3284
834.35425	2369.8152
834.36621	2709.3643
834.37811	3091.3467
834.39008	3519.4612
834.40198	3945.1121
834.41394	4355.2773
834.4259	4676.6089
834.43781	4915.7505
834.44977	5073.5474
834.46167	5171.9604
834.47363	5134.1992
834.48553	4920.5674
834.4975	4600.0742
834.5094	4240.583
834.52136	3869.4336
834.53333	3450.2532
834.54523	3011.0083
834.55719	2650.3135
834.56909	2290.8196
834.58105	2007.7317
834.59296	1777.7655
834.60492	1580.517
834.61688	1440.2559
834.62878	1341.1791
834.64075	1236.4257
834.65265	1180.0237
834.66461	1143.9767
834.67651	1106.7438
834.68848	1064.7224
834.70038	1048.6063
834.71234	1023.2624
834.7243	1000.4989
834.73621	982.41461
834.74817	966.07556
834.76007	962.72455
834.77203	951.37506
834.78394	943.45508
834.7959	933.71344
834.8078	931.51733
834.81976	927.73602
834.83173	922.5014
834.84363	919.00287
834.85559	911.4632
834.86749	912.86578
834.87946	908.02106
834.89136	909.86304
834.90332	901.05072
834.91528	904.88678
834.92719	905.12512
834.93915	897.08289
834.95105	897.86212
834.96301	894.1571
834.97491	890.95435
834.98688	894.54382
834.99878	891.71185
835.01074	890.60162
835.02271	890.27429
835.03461	889.91351
835.04657	887.74603
835.05847	884.9248
835.07043	890.65155
835.08234	886.97601
835.0943	884.8468
835.1062	887.85223
835.11816	886.5708
835.13013	886.14282
835.14203	886.44464
835.15399	879.86023
835.16589	882.08685
835.17786	882.1344
835.18976	886.07043
835.20172	881.06537
835.21368	881.66937
835.22559	883.98083
835.23755	881.07214
835.24945	882.55347
835.26141	881.87427
835.27332	882.28302
835.28528	882.75714
835.29718	881.32843
835.30914	881.07214
835.32111	879.06732
835.33301	879.3714
835.34497	881.06409
835.35687	878.88
835.36884	881.15527
835.38074	878.41498
835.3927	876.70697
835.4046	878.03326
835.41656	876.91614
835.42853	877.29834
835.44043	879.23688
835.45239	877.69702
835.46429	878.04865
835.47626	877.27881
835.48816	878.41254
835.50012	877.45294
835.51208	879.12225
835.52399	879.38269
835.53595	877.1673
835.54785	875.4035
835.55981	879.01666
835.57172	878.36346
835.58368	876.82983
835.59558	876.11847
835.60754	876.64429
835.61951	878.2182
835.63141	880.42249
835.64337	874.29205
835.65527	876.59253
835.66724	876.7395
835.67914	875.29883
835.6911	878.34662
835.703	874.96918
835.71497	877.76324
835.72693	877.17426
835.73883	875.9007
835.75079	877.21631
835.7627	876.87573
835.77466	875.1745
835.78656	875.46552
835.79852	878.26971
835.81049	876.83435
835.82239	876.56787
835.83435	876.99701
835.84625	873.53662
835.85822	874.50037
835.87012	875.85559
835.88208	877.284
835.89398	876.30511
835.90594	874.15771
835.91791	876.21649
835.92981	874.2688
835.94177	873.29968
835.95367	876.58862
835.96564	875.47546
835.97754	875.63116
835.9895	875.89587
836.0014	874.91254
836.01337	875.4903
836.02533	876.2085
836.03723	877.0686
836.04919	875.77155
836.0611	874.29584
836.07306	874.69061
836.08496	874.78003
836.09692	876.57916
836.10889	873.40546
836.12079	874.80231
836.13275	875.6593
836.14465	876.04224
836.15662	875.7243
836.16852	876.76886
836.18048	875.48315
836.19238	874.96973
836.20435	874.42621
836.21631	875.9585
836.22821	876.66193
836.24017	875.00763
836.25208	875.19611
836.26404	874.98669
836.27594	876.31647
836.2879	877.32733
836.2998	877.74426
836.31177	874.74408
836.32373	873.7196
836.33563	876.3642
836.3476	875.63666
836.3595	873.43243
836.37146	876.95038
836.38336	876.71185
836.39532	875.43518
836.40729	874.31317
836.41919	873.94525
836.43115	874.09119
836.44305	875.21838
836.45502	874.50262
836.46692	874.58331
836.47888	875.62616
836.49078	875.69806
836.50275	874.13544
836.51471	876.42365
836.52661	873.74457
836.53857	875.30219
836.55048	876.50531
836.56244	874.50293
836.57434	876.22296
836.5863	875.72992
836.59821	876.2124
836.61017	874.34967
836.62213	873.54773
836.63403	873.61768
836.646	871.88153
836.6579	874.38019
836.66986	874.67688
836.68176	875.76868
836.69373	876.47131
836.70563	876.6463
836.71759	875.36151
836.72955	877.11371
836.74146	875.38287
836.75342	873.6814
836.76532	874.95953
836.77728	872.55872
836.78918	874.17041
836.80115	874.88049
836.81311	875.31104
836.82501	874.66364
836.83698	872.69635
836.84888	872.41644
836.86084	873.48407
836.87274	873.23676
836.8847	875.58179
836.89661	874.3114
836.90857	874.06879
836.92053	875.93536
836.93243	876.01801
836.9444	874.03357
836.9563	876.48193
836.96826	872.66119
836.98016	873.89142
836.99213	875.72351
837.00403	875.39215
837.01599	875.87042
837.02795	875.52722
837.03986	874.20844
837.05182	875.00836
837.06372	873.83002
837.07568	874.64655
837.08759	874.44879
837.09955	874.67078
837.11151	874.35638
837.12341	874.97607
837.13538	873.91199
837.14728	873.48999
837.15924	875.32843
837.17114	874.46326
837.18311	872.72095
837.19501	870.49805
837.20697	875.9278
837.21893	870.59088
837.23083	874.00897
837.2428	874.27069
837.2547	875.11316
837.26666	874.42645
837.27856	873.91882
837.29053	874.19495
837.30243	875.49457
837.31439	873.33289
837.32635	872.69116
837.33826	873.22577
837.35022	873.06494
837.36212	874.47693
837.37408	874.62494
837.38599	875.06305
837.39795	876.31122
837.40991	873.86584
837.42181	873.86414
837.43378	873.54498
837.44568	873.97498
837.45764	875.8678
837.46954	876.67047
837.48151	874.17566
837.49341	871.87103
837.50537	873.20746
837.51733	872.99139
837.52924	872.85663
837.5412	876.01263
837.5531	872.88098
837.56506	875.29474
837.57697	873.50494
837.58893	871.79169
837.60083	874.45477
837.61279	874.6817
837.62476	874.76929
837.63666	872.31982
837.64862	874.72363
837.66052	871.79071
837.67249	873.50995
837.68439	873.02271
837.69635	871.67767
837.70831	873.53113
837.72021	873.04108
837.73218	874.07239
837.74408	874.9325
837.75604	874.21906
837.76794	875.03955
837.77991	875.28271
837.79181	875.50861
837.80377	877.13202
837.81573	874.28046
837.82764	874.09961
837.8396	873.89154
837.8515	872.49176
837.86346	873.95605
837.87537	874.98431
837.88733	874.63751
837.89923	874.46252
837.91119	873.65912
837.92316	874.13733
837.93506	873.74451
837.94702	873.9198
837.95892	872.78369
837.97089	874.22894
837.98279	871.25775
837.99475	874.20544
838.00671	876.11493
838.01862	874.21588
838.03058	874.78271
838.04248	873.57269
838.05444	872.45135
838.06635	874.10553
838.07831	874.05627
838.09021	873.41077
838.10217	872.99475
838.11414	874.03455
838.12604	874.12732
838.138	875.5672
838.1499	875.83258
838.16187	873.05994
838.17377	873.40076
838.18573	876.4848
838.19763	875.33252
838.20959	874.07172
838.22156	875.7312
838.23346	874.91327
838.24542	874.74237
838.25732	873.17499
838.26929	872.7666
838.28119	873.29926
838.29315	874.51862
838.30511	874.82281
838.31702	870.83319
838.32898	873.4696
838.34088	873.55518
838.35284	872.53448
838.36475	872.62256
838.37671	872.59186
838.38861	873.61426
838.40057	874.17963
838.41254	874.19086
838.42444	873.74481
838.4364	875.60736
838.4483	874.7572
838.46027	872.84576
838.47217	872.00073
838.48413	874.07782
838.49603	874.58057
838.508	872.6828
838.51996	872.02057
838.53186	871.58862
838.54382	875.23663
838.55573	873.14154
838.56769	876.16669
838.57959	874.04535
838.59155	875.1203
838.60352	873.61084
838.61542	873.49377
838.62738	873.61957
838.63928	876.12067
838.65125	874.42987
838.66315	873.37305
838.67511	872.65894
838.68701	875.63403
838.69897	877.46436
838.71094	875.74011
838.72284	871.9552
838.7348	875.72357
838.7467	876.82111
838.75867	875.64368
838.77057	874.55554
838.78253	874.54712
838.79443	874.24652
838.8064	876.75134
838.81836	871.91931
838.83026	873.04681
838.84222	873.68701
838.85413	874.37964
838.86609	874.44885
838.87799	874.91992
838.88995	873.44775
838.90186	874.01166
838.91382	876.59961
838.92578	875.31061
838.93768	874.60742
838.94965	873.94629
838.96155	873.94629
838.97351	875.98999
838.98541	876.82446
838.99738	874.3186
839.00934	872.69891
839.02124	871.58502
839.0332	871.44635
839.0451	876.42212
839.05707	874.40717
839.06897	874.1026
839.08093	875.05975
839.09283	875.29749
839.1048	873.67731
839.11676	872.13745
839.12866	872.94775
839.14063	873.24084
839.15253	873.48114
839.16449	874.22827
839.17639	874.45673
839.18835	874.49194
839.20026	874.45038
839.21222	874.44861
839.22418	874.22009
839.23608	871.77753
839.24805	873.56512
839.25995	873.49951
839.27191	873.07477
839.28381	873.0639
839.29578	873.00171
839.30774	875.15137
839.31964	874.29132
839.3316	875.32739
839.34351	872.25732
839.35547	872.78912
839.36737	872.94775
839.37933	874.38129
839.39124	872.88751
839.4032	872.35211
839.41516	872.47046
839.42706	873.1076
839.43903	872.28845
839.45093	874.22662
839.46289	874.16003
839.47479	874.10022
839.48676	876.21771
839.49866	875.81287
839.51062	874.59631
839.52258	873.5144
839.53448	872.45416
839.54645	873.61365
839.55835	875.33521
839.57031	874.67896
839.58221	875.13739
839.59418	873.69751
839.60614	870.86896
839.61804	871.08148
839.63	872.94775
839.64191	872.60651
839.65387	872.82831
839.66577	871.73602
839.67773	873.27393
839.68964	870.48987
839.7016	874.91595
839.71356	874.10394
839.72546	872.52618
839.73743	874.88385
839.74933	875.76154
839.76129	875.66901
839.77319	874.6709
839.78516	874.06573
839.79706	874.48145
839.80902	872.24371
839.82098	874.80847
839.83289	874.59656
839.84485	873.51666
839.85675	873.14191
839.86871	875.22559
839.88062	874.44214
839.89258	877.23401
839.90454	875.29614
839.91644	873.38788
839.92841	871.18561
839.94031	871.87823
839.95227	873.81958
839.96417	872.22223
839.97614	873.12219
839.98804	872.53729
840	871.50903
