790.14325	870.16663
790.15515	870.61218
790.16711	867.0896
790.17902	866.44678
790.19098	870.72223
790.20294	871.01532
790.21484	868.33978
790.22681	874.16248
790.23871	870.5163
790.25067	872.9776
790.26257	867.39026
790.27454	868.99799
790.28644	870.86047
790.2984	869.67548
790.31036	870.58545
790.32227	866.82874
790.33423	866.43225
790.34613	867.21606
790.35809	866.62207
790.37	867.19922
790.38196	868.34045
790.39386	871.19922
790.40582	871.05072
790.41779	870.11542
790.42969	869.22925
790.44165	871.09174
790.45355	871.19922
790.46552	870.3905
790.47742	870.19922
790.48938	873.57904
790.50134	870.94885
790.51324	869.28125
790.52521	870.19916
790.53711	870.60498
790.54907	870.86072
790.56097	870.91602
790.57294	872.28949
790.58484	869.92719
790.5968	868.41339
790.60876	871.18872
790.62067	867.46375
790.63263	868.93768
790.64453	871.60248
790.65649	869.99176
790.6684	868.53088
790.68036	868.19916
790.69226	867.66595
790.70422	868.13281
790.71619	867.19952
790.72809	864.53326
790.74005	867.06494
790.75195	871.5954
790.76392	869.57214
790.77582	872.01367
790.78778	872.19916
790.79974	864.7157
790.81165	868.55487
790.82361	871.44818
790.83551	870.67151
790.84747	869.52899
790.85938	867.38623
790.87134	866.73926
790.88324	866.72577
790.8952	868.63898
790.90717	871.17224
790.91907	869.19922
790.93103	869.19922
790.94293	869.63306
790.9549	871.71967
790.9668	866.26642
790.97876	871.88062
790.99066	871.31665
791.00262	867.92603
791.01459	872.17169
791.02649	873.39667
791.03845	874.08496
791.05035	871.05115
791.06232	867.70721
791.07422	866.34802
791.08618	866.99207
791.09814	868.13934
791.11005	864.8089
791.12201	869.53662
791.13391	866.30054
791.14587	867.05109
791.15778	863.30835
791.16974	869.52789
791.18164	866.84192
791.1936	869.53241
791.20557	866.02191
791.21747	863.5528
791.22943	864.9455
791.24133	867.2348
791.2533	869.1062
791.2652	870.9776
791.27716	871.87433
791.28906	871.19922
791.30103	871.5918
791.31299	872.53949
791.32489	868.0639
791.33685	866.21588
791.34875	870.89435
791.36072	875.85822
791.37262	868.91797
791.38458	868.70099
791.39648	868.51263
791.40845	867.57697
791.42041	869.43115
791.43231	868.7309
791.44427	867.06207
791.45618	869.30878
791.46814	871.59662
791.48004	872.18622
791.492	870.49158
791.50397	866.63348
791.51587	862.5708
791.52783	869.12067
791.53973	870.86401
791.5517	871.17139
791.5636	868.00049
791.57556	869.4082
791.58746	871.54327
791.59943	872.80988
791.61139	869.91003
791.62329	867.68311
791.63525	868.62079
791.64716	870.27942
791.65912	872.68024
791.67102	874.14508
791.68298	874.51154
791.69489	871.41547
791.70685	872.86255
791.71881	866.31274
791.73071	867.11871
791.74268	864.6214
791.75458	868.97308
791.76654	868.72949
791.77844	866.18378
791.79041	867.03052
791.80237	867.65125
791.81427	867.19922
791.82623	868.47168
791.83813	869.1145
791.8501	868.40631
791.862	871.63287
791.87396	872.5033
791.88586	869.61432
791.89783	865.35797
791.90979	868.17859
791.92169	869.13251
791.93365	870.61316
791.94556	868.70111
791.95752	869.69012
791.96942	870.19922
791.98138	871.44843
791.99329	868.26428
792.00525	868.70081
792.01721	871.31842
792.02911	869.8186
792.04108	868.87994
792.05298	869.17291
792.06494	872.03912
792.07684	871.65302
792.08881	868.19916
792.10077	868.16553
792.11267	866.29407
792.12463	874.05408
792.13654	869.33691
792.1485	870.51801
792.1604	869.05994
792.17236	869.5058
792.18427	872.56177
792.19623	870.49719
792.20819	867.66833
792.22009	869.83612
792.23206	870.45203
792.24396	867.19916
792.25592	867.8429
792.26782	870.33997
792.27979	871.80151
792.29169	869.99768
792.30365	866.23694
792.31561	869.92224
792.32751	873.18427
792.33948	871.65759
792.35138	872.7019
792.36334	869.74152
792.37524	869.46271
792.38721	870.77106
792.39917	871.7113
792.41107	871.29462
792.42303	869.41418
792.43494	867.5307
792.4469	866.75452
792.4588	868.63495
792.47076	870.04114
792.48267	869.69055
792.49463	874.23767
792.50659	875.17786
792.51849	873.35266
792.53046	870.60779
792.54236	871.80725
792.55432	872.19922
792.56622	873.56805
792.57819	874.46735
792.59009	869.25665
792.60205	867.2384
792.61401	868.29492
792.62592	864.82935
792.63788	864.21576
792.64978	870.74994
792.66174	871.9826
792.67365	871.0387
792.68561	870.09796
792.69757	869.1535
792.70947	868.21332
792.72144	862.64252
792.73334	870.90424
792.7453	865.70868
792.7572	865.70941
792.76917	866.19922
792.78107	867.4726
792.79303	871.56177
792.80499	870.45074
792.81689	870.18347
792.82886	874.64417
792.84076	875.25403
792.85272	874.35712
792.86462	876.12646
792.87659	876.03729
792.88849	875.7489
792.90045	876.49261
792.91241	874.42883
792.92432	865.68433
792.93628	870.55316
792.94818	867.03406
792.96014	868.53009
792.97205	867.75586
792.98401	868.52563
792.99597	871.01819
793.00787	871.09711
793.01984	872.07458
793.03174	873.21539
793.0437	872.57965
793.0556	871.89856
793.06757	869.46783
793.07947	869.56982
793.09143	867.97192
793.10339	872.49701
793.1153	874.80511
793.12726	866.34344
793.13916	868.05646
793.15112	867.32587
793.16302	870.4483
793.17499	866.61102
793.18689	867.33124
793.19885	870.80487
793.21082	869.86133
793.22272	868.25867
793.23468	867.27649
793.24658	867.1925
793.25854	869.06671
793.27045	871.40961
793.28241	872.11084
793.29437	867.93939
793.30627	870.48511
793.31824	871.31732
793.33014	870.45819
793.3421	873.01599
793.354	866.97522
793.36597	871.70282
793.37787	870.0647
793.38983	871.79517
793.40179	864.98541
793.4137	865.34351
793.42566	871.97223
793.43756	872.07062
793.44952	871.88483
793.46143	873.06738
793.47339	871.5321
793.48529	869.29761
793.49725	864.26819
793.50922	867.36761
793.52112	870.00232
793.53308	872.07275
793.54498	868.823
793.55695	873.80096
793.56885	870.58606
793.58081	868.95679
793.59271	870.84326
793.60468	867.11694
793.61664	865.54114
793.62854	868.85803
793.6405	871.13129
793.6524	871.00861
793.66437	870.51593
793.67627	869.33191
793.68823	868.34741
793.7002	868.93994
793.7121	869.88544
793.72406	871.13489
793.73596	869.71783
793.74792	870.57001
793.75983	871.24384
793.77179	864.79419
793.78369	865.50372
793.79565	868.67358
793.80762	868.34436
793.81952	869.92047
793.83148	871.36823
793.84338	869.32733
793.85535	870.11401
793.86725	872.2854
793.87921	872.69611
793.89111	870.40906
793.90308	869.78296
793.91504	871.91644
793.92694	870.66754
793.9389	867.71405
793.95081	867.62152
793.96277	867.93018
793.97467	867.1875
793.98663	870.17603
793.9986	870.41479
794.0105	872.07373
794.02246	866.20465
794.03436	871.07086
794.04633	874.086
794.05823	873.19745
794.07019	871.39679
794.08209	871.07312
794.09406	871.34247
794.10602	871.10138
794.11792	870.85883
794.12988	870.30676
794.14178	870.12756
794.15375	871.21014
794.16565	871.06525
794.17761	868.05823
794.18951	870.86255
794.20148	869.73126
794.21344	870.51129
794.22534	872.69116
794.2373	872.62201
794.24921	873.78796
794.26117	873.97174
794.27307	872.18652
794.28503	870.83203
794.297	871.3493
794.3089	871.08807
794.32086	871.48627
794.33276	870.8714
794.34473	871.04645
794.35663	869.91382
794.36859	868.37
794.38049	869.78668
794.39246	869.77509
794.40442	870.83801
794.41632	873.16925
794.42828	867.92316
794.44019	873.07629
794.45215	872.31152
794.46405	868.3302
794.47601	870.19702
794.48792	870.77118
794.49988	872.61731
794.51184	872.08069
794.52374	869.4032
794.53571	870.44153
794.54761	870.07184
794.55957	872.05029
794.57147	873.83832
794.58344	871.21704
794.5954	869.54871
794.6073	870.42755
794.61926	870.70782
794.63116	872.64111
794.64313	874.43469
794.65503	873.23938
794.66699	872.33777
794.67889	869.65375
794.69086	872.47272
794.70282	874.34167
794.71472	875.4292
794.72668	876.64734
794.73859	875.28638
794.75055	875.82721
794.76245	874.97284
794.77441	874.92456
794.78632	875.33752
794.79828	873.06042
794.81024	871.51025
794.82214	872.01587
794.83411	871.84943
794.84601	868.93225
794.85797	869.24646
794.86987	870.84149
794.88184	869.86353
794.8938	872.79138
794.9057	872.354
794.91766	870.57605
794.92957	871.46057
794.94153	871.64215
794.95343	873.21271
794.96539	872.92694
794.97729	870.3244
794.98926	871.20099
795.00122	872.14221
795.01312	869.51111
795.02509	871.0564
795.03699	871.23169
795.04895	870.45575
795.06085	869.97272
795.07281	870.11298
795.08472	870.76849
795.09668	870.75281
795.10864	871.47101
795.12054	871.36676
795.13251	869.80963
795.14441	872.00134
795.15637	871.43945
795.16827	870.57471
795.18024	871.54382
795.1922	869.21954
795.2041	867.60938
795.21606	871.92126
795.22797	873.33643
795.23993	871.18933
795.25183	873.35339
795.26379	871.65057
795.2757	873.04211
795.28766	872.883
795.29962	871.52972
795.31152	871.52008
795.32349	872.19098
795.33539	871.76288
795.34735	870.71857
795.35925	869.42841
795.37122	869.91962
795.38312	871.56854
795.39508	869.09735
795.40704	870.3089
795.41895	871.68536
795.43091	872.92822
795.44281	867.05225
795.45477	870.13214
795.46667	872.56079
795.47864	872.30988
795.4906	873.16522
795.5025	873.75922
795.51447	870.05756
795.52637	870.78754
795.53833	873.2356
795.55023	874.04724
795.56219	873.21613
795.5741	872.38171
795.58606	872.02155
795.59802	871.90149
795.60992	871.93909
795.62189	871.11835
795.63379	872.19171
795.64575	874.00781
795.65765	874.1153
795.66962	872.5589
795.68152	872.28021
795.69348	870.05396
795.70544	868.25739
795.71735	870.88477
795.72931	871.10443
795.74121	871.84979
795.75317	868.54053
795.76508	870.67957
795.77704	872.95276
795.789	871.3783
795.8009	869.7439
795.81287	871.63464
795.82477	872.60162
795.83673	870.57513
795.84863	871.84808
795.8606	871.39441
795.8725	870.44995
795.88446	870.58063
795.89642	870.83282
795.90833	871.00702
795.92029	873.33057
795.93219	873.39783
795.94415	870.55908
795.95605	870.58606
795.96802	871.79773
795.97992	872.16907
795.99188	870.55231
796.00385	870.82745
796.01575	870.68726
796.02771	870.02863
796.03961	870.04529
796.05157	870.81506
796.06348	871.15875
796.07544	871.77142
796.08734	870.61658
796.0993	871.5766
796.11127	872.05029
796.12317	872.3938
796.13513	871.95667
796.14703	870.86542
796.159	869.10712
796.1709	868.88031
796.18286	871.32385
796.19482	871.34418
796.20673	869.75464
796.21869	871.31061
796.23059	872.57794
796.24255	873.17676
796.25446	873.75677
796.26642	873.54211
796.27832	874.29761
796.29028	872.65973
796.30225	868.69629
796.31415	871.01233
796.32611	873.19757
796.33801	873.26123
796.34998	871.17072
796.36188	873.81689
796.37384	872.92584
796.38574	872.60748
796.39771	869.75952
796.40967	868.74426
796.42157	870.77234
796.43353	870.89246
796.44543	872.02985
796.4574	872.79761
796.4693	871.82635
796.48126	872.83289
796.49323	871.185
796.50513	869.15503
796.51709	870.43488
796.52899	869.90387
796.54095	869.50879
796.55286	873.86249
796.56482	872.8053
796.57672	873.448
796.58868	869.20807
796.60065	870.84552
796.61255	871.19916
796.62451	873.66315
796.63641	872.10791
796.64838	871.89581
796.66028	871.3092
796.67224	871.01184
796.68414	871.60437
796.69611	872.95093
796.70807	873.17444
796.71997	872.79211
796.73193	873.34418
796.74384	874.32428
796.7558	874.599
796.7677	873.29425
796.77966	871.45972
796.79163	871.78882
796.80353	873.3031
796.81549	872.80652
796.82739	873.61017
796.83936	870.64404
796.85126	872.81982
796.86322	873.43896
796.87512	872.9657
796.88708	873.7345
796.89905	872.46515
796.91095	871.46222
796.92291	871.63507
796.93481	870.16815
796.94678	872.19495
796.95868	873.35339
796.97064	874.32031
796.98254	874.36908
796.99451	871.7323
797.00647	871.88678
797.01837	873.24377
797.03033	871.93213
797.04224	870.98755
797.0542	871.3382
797.0661	872.12
797.07806	873.61407
797.09003	872.78119
797.10193	870.87732
797.11389	873.33478
797.12579	873.04895
797.13776	872.05005
797.14966	873.09576
797.16162	869.23608
797.17352	871.31567
797.18549	869.41278
797.19745	870.2832
797.20935	874.22784
797.22131	871.57782
797.23322	871.51947
797.24518	871.88428
797.25708	872.4798
797.26904	873.18719
797.28094	874.40302
797.29291	872.50281
797.30487	870.71338
797.31677	869.8642
797.32874	871.4455
797.34064	873.69806
797.3526	873.11676
797.3645	872.46448
797.37646	871.17468
797.38843	870.53082
797.40033	872.53613
797.41229	872.10785
797.42419	870.45093
797.43616	871.11725
797.44806	873.47363
797.46002	873.85706
797.47192	871.64105
797.48389	872.40643
797.49585	871.97107
797.50775	869.35583
797.51971	872.21997
797.53162	873.66022
797.54358	872.60596
797.55548	869.76392
797.56744	871.94482
797.57935	873.62006
797.59131	872.55975
797.60327	871.66486
797.61517	873.19617
797.62714	872.81256
797.63904	871.19196
797.651	870.73151
797.6629	871.68829
797.67487	872.6427
797.68683	872.43817
797.69873	872.03149
797.71069	874.08185
797.7226	873.91364
797.73456	873.35046
797.74646	872.89142
797.75842	872.22443
797.77032	870.71619
797.78229	870.61902
797.79425	872.86938
797.80615	871.96625
797.81812	872.70154
797.83002	872.48096
797.84198	872.67188
797.85388	873.91809
797.86584	873.06683
797.87775	872.5036
797.88971	871.52686
797.90167	871.54669
797.91357	873.65662
797.92554	874.04669
797.93744	872.56116
797.9494	870.41711
797.9613	870.67627
797.97327	871.0415
797.98523	873.40155
797.99713	872.00037
798.00909	872.474
798.021	872.99951
798.03296	872.27185
798.04486	872.05353
798.05682	871.77576
798.06873	871.67725
798.08069	871.05994
798.09265	871.9046
798.10455	871.93158
798.11652	873.0047
798.12842	871.99237
798.14038	871.78851
798.15228	873.13727
798.16425	870.81464
798.17615	874.18372
798.18811	872.76349
798.20007	871.34247
798.21198	872.31946
798.22394	870.35406
798.23584	873.33081
798.2478	869.72064
798.2597	872.02899
798.27167	870.7453
798.28363	872.10205
798.29553	871.56012
798.3075	871.5202
798.3194	871.70081
798.33136	873.00684
798.34326	872.02753
798.35522	871.38873
798.36713	872.9411
798.37909	871.23102
798.39105	870.91718
798.40295	871.13293
798.41492	872.02216
798.42682	872.47394
798.43878	873.4342
798.45068	874.17352
798.46265	872.90308
798.47455	873.5658
798.48651	874.35248
798.49847	873.3175
798.51038	871.48944
798.52234	871.54425
798.53424	870.17877
798.5462	870.33173
798.55811	873.23523
798.57007	872.06219
798.58197	871.60321
798.59393	872.85565
798.6059	871.37671
798.6178	873.10669
798.62976	872.73608
798.64166	871.12341
798.65363	871.64893
798.66553	870.24396
798.67749	872.08527
798.68945	873.90619
798.70135	873.42493
798.71332	872.99274
798.72522	872.86926
798.73718	874.15332
798.74908	874.72467
798.76105	872.76917
798.77295	873.34534
798.78491	872.70465
798.79688	872.12988
798.80878	872.61224
798.82074	873.37708
798.83264	872.36334
798.8446	872.01971
798.85651	872.37848
798.86847	871.97656
798.88037	872.74188
798.89233	873.04535
798.9043	873.45978
798.9162	873.57617
798.92816	872.96051
798.94006	871.80756
798.95203	871.59637
798.96393	872.78198
798.97589	873.24951
798.98785	873.23584
798.99976	874.04272
799.01172	871.55078
799.02362	870.91608
799.03558	872.56812
799.04749	872.74011
799.05945	871.87683
799.07135	871.80707
799.08331	873.91687
799.09528	873.49573
799.10718	872.40839
799.11914	871.83118
799.13104	872.32147
799.14301	872.10718
799.15491	872.25281
799.16687	873.00684
799.17877	873.57471
799.19073	875.03766
799.2027	874.27655
799.2146	872.86298
799.22656	872.39355
799.23846	874.73181
799.25043	875.06384
799.26233	873.46863
799.27429	870.93555
799.28625	872.31927
799.29816	872.93018
799.31012	874.98358
799.32202	875.08527
799.33398	874.61914
799.34589	873.22742
799.35785	872.72345
799.36975	873.27228
799.38171	873.3988
799.39368	870.92224
799.40558	875.44861
799.41754	873.79834
799.42944	873.06262
799.44141	872.78314
799.45331	869.95227
799.46527	873.15082
799.47717	873.03204
799.48914	873.22571
799.5011	872.71838
799.513	874.25787
799.52496	872.87231
799.53687	871.96045
799.54883	872.08191
799.56073	872.04529
799.57269	872.46344
799.58466	874.44025
799.59656	874.90295
799.60852	874.55756
799.62042	873.75153
799.63239	872.64532
799.64429	872.01959
799.65625	873.93231
799.66815	875.54083
799.68011	873.2937
799.69208	872.8822
799.70398	872.40674
799.71594	871.83875
799.72784	872.51044
799.73981	874.80243
799.75171	870.53668
799.76367	873.50079
799.77557	873.17596
799.78754	872.12225
799.7995	871.82147
799.8114	872.87402
799.82336	874.60236
799.83527	872.52209
799.84723	873.16486
799.85913	873.40826
799.87109	873.07251
799.88306	874.84375
799.89496	873.60144
799.90692	871.71661
799.91882	872.44757
799.93079	874.19049
799.94269	874.85992
799.95465	874.03729
799.96655	873.06348
799.97852	873.79028
799.99048	874.04572
800.00238	873.19702
800.01434	873.43121
800.02625	873.06189
800.03821	873.80615
800.05011	873.06067
800.06207	873.33685
800.07397	873.11847
800.08594	873.41943
800.0979	872.51367
800.1098	873.06641
800.12177	873.7323
800.13367	873.55042
800.14563	873.25745
800.15753	872.81836
800.16949	873.88837
800.18146	872.76874
800.19336	870.66193
800.20532	872.84137
800.21722	872.03949
800.22919	872.83411
800.24109	872.43915
800.25305	873.02521
800.26495	873.91882
800.27692	873.90485
800.28888	872.82849
800.30078	872.0249
800.31274	871.50159
800.32465	871.51001
800.33661	871.9942
800.34851	874.33075
800.36047	872.11896
800.37238	873.62244
800.38434	873.0675
800.3963	873.79626
800.4082	872.32172
800.42017	872.33453
800.43207	873.0368
800.44403	873.12134
800.45593	872.18274
800.4679	874.06433
800.47986	873.67334
800.49176	873.34857
800.50372	873.85687
800.51563	872.49371
800.52759	873.19189
800.53949	874.16351
800.55145	874.02753
800.56335	873.07208
800.57532	874.15063
800.58728	873.19678
800.59918	872.04236
800.61115	872.30688
800.62305	872.68298
800.63501	872.54565
800.64691	872.91473
800.65887	872.2254
800.67078	873.81927
800.68274	874.6322
800.6947	872.55872
800.7066	872.97278
800.71857	872.74249
800.73047	873.3175
800.74243	873.97668
800.75433	873.56537
800.7663	873.97375
800.7782	874.06696
800.79016	873.72406
800.80212	873.48083
800.81403	874.65033
800.82599	873.12909
800.83789	872.04517
800.84985	872.97388
800.86176	874.14844
800.87372	873.53052
800.88568	873.49872
800.89758	874.43207
800.90955	874.39929
800.92145	870.54889
800.93341	873.92706
800.94531	871.71637
800.95728	873.69403
800.96918	874.58081
800.98114	873.59119
800.9931	873.51654
801.005	874.72711
801.01697	873.15857
801.02887	873.07837
801.04083	873.02032
801.05273	873.38397
801.0647	874.15717
801.0766	873.46997
801.08856	873.54944
801.10052	874.13989
801.11243	874.29608
801.12439	873.22839
801.13629	872.05396
801.14825	873.77826
801.16016	875.18634
801.17212	874.92487
801.18408	874.83069
801.19598	874.67401
801.20795	874.49475
801.21985	874.17499
801.23181	873.22754
801.24371	873.73462
801.25568	873.95813
801.26758	875.48926
801.27954	875.17303
801.2915	873.87311
801.30341	874.89355
801.31537	873.57306
801.32727	874.33026
801.33923	874.90918
801.35114	874.1308
801.3631	872.6579
801.375	872.82074
801.38696	874.15845
801.39893	874.61072
801.41083	874.16846
801.42279	875.71167
801.43469	874.73999
801.44666	874.89667
801.45856	874.81842
801.47052	874.19775
801.48248	873.80841
801.49438	872.82678
801.50635	872.99139
801.51825	872.12646
801.53021	872.29602
801.54211	874.36072
801.55408	874.16687
801.56598	873.73022
801.57794	874.4303
801.5899	874.49719
801.60181	873.87982
801.61377	873.9613
801.62567	873.21515
801.63763	874.58893
801.64954	873.94421
801.6615	874.13599
801.6734	873.12372
801.68536	874.10883
801.69733	873.66333
801.70923	873.39948
801.72119	873.01715
801.73309	874.41681
801.74506	876.37213
801.75696	874.83557
801.76892	874.0451
801.78088	874.27795
801.79279	873.32971
801.80475	875.0459
801.81665	873.46893
801.82861	874.62366
801.84052	875.20831
801.85248	873.75928
801.86438	873.56689
801.87634	874.5448
801.88831	874.28876
801.90021	874.27106
801.91217	873.21619
801.92407	874.24329
801.93604	874.76453
801.94794	873.36346
801.9599	873.16492
801.9718	873.81616
801.98376	875.13873
801.99573	872.02478
802.00763	872.57135
802.01959	874.46118
802.03149	874.80463
802.04346	875.3996
802.05536	874.26746
802.06732	873.64502
802.07928	874.06287
802.09119	873.27844
802.10315	873.92389
802.11505	875.12323
802.12701	874.81042
802.13892	873.78113
802.15088	873.02966
802.16278	874.09436
802.17474	874.93304
802.18671	875.39215
802.19861	874.67535
802.21057	872.8728
802.22247	874.17523
802.23444	875.43781
802.24634	873.89764
802.2583	873.76508
802.2702	875.18439
802.28217	872.30255
802.29413	872.54425
802.30603	873.78387
802.31799	874.48798
802.3299	874.70923
802.34186	873.66125
802.35376	872.45276
802.36572	872.92328
802.37769	873.07465
802.38959	874.66113
802.40155	872.75531
802.41345	873.01941
802.42542	872.98602
802.43732	873.33887
802.44928	874.55963
802.46118	875.06732
802.47314	873.35706
802.48511	873.47333
802.49701	873.87848
802.50897	874.11731
802.52087	874.44543
802.53284	875.06311
802.54474	874.15295
802.5567	874.69952
802.5686	874.80005
802.58057	873.79272
802.59253	873.60876
802.60443	874.31268
802.61639	875.10718
802.6283	873.34937
802.64026	874.35913
802.65216	874.54797
802.66412	873.08856
802.67609	872.2627
802.68799	875.1366
802.69995	872.93335
802.71185	873.46289
802.72382	874.38373
802.73572	875.73718
802.74768	875.41663
802.75958	874.20471
802.77155	875.90161
802.78351	874.60004
802.79541	874.31531
802.80737	875.70978
802.81927	873.06635
802.83124	875.51483
802.84314	874.00751
802.8551	873.86609
802.867	875.58429
802.87897	875.14691
802.89093	874.19189
802.90283	874.91235
802.91479	874.85614
802.9267	872.18854
802.93866	872.26666
802.95056	872.763
802.96252	872.88275
802.97449	871.87164
802.98639	872.72528
802.99835	873.41357
803.01025	872.58002
803.02222	873.04108
803.03412	873.78619
803.04608	875.32892
803.05798	875.53943
803.06995	874.43872
803.08191	874.0697
803.09381	873.78961
803.10577	873.42395
803.11768	873.5882
803.12964	874.47119
803.14154	874.73047
803.1535	875.82684
803.16541	872.93451
803.17737	873.72357
803.18933	873.28015
803.20123	874.9411
803.2132	875.38593
803.2251	873.88605
803.23706	874.56177
803.24896	874.24506
803.26093	874.81671
803.27283	873.69379
803.28479	873.51178
803.29675	874.64374
803.30865	874.81061
803.32062	875.75195
803.33252	874.79303
803.34448	875.32056
803.35638	874.70367
803.36835	873.93097
803.38031	873.52814
803.39221	874.448
803.40417	874.84314
803.41608	874.35822
803.42804	874.2887
803.43994	874.04614
803.4519	874.02246
803.46381	874.05341
803.47577	873.54651
803.48773	873.00214
803.49963	874.7876
803.5116	873.71454
803.5235	872.88989
803.53546	874.29688
803.54736	873.90906
803.55933	874.45709
803.57123	874.59589
803.58319	872.31293
803.59515	874.61523
803.60706	873.23389
803.61902	876.23242
803.63092	876.50452
803.64288	873.94025
803.65479	875.10364
803.66675	873.68365
803.67871	874.38
803.69061	873.65741
803.70258	872.20685
803.71448	875.48596
803.72644	874.50958
803.73834	873.99042
803.75031	875.20966
803.76221	875.92401
803.77417	875.85284
803.78613	874.90662
803.79803	874.03223
803.81	875.43005
803.8219	873.96051
803.83386	873.72113
803.84576	873.54449
803.85773	873.84717
803.86963	874.51251
803.88159	873.15955
803.89355	873.46552
803.90546	874.6582
803.91742	873.12897
803.92932	873.66602
803.94128	875.37646
803.95319	874.87805
803.96515	875.34113
803.97711	875.08154
803.98901	874.6778
804.00098	874.06824
804.01288	873.93939
804.02484	873.74512
804.03674	874.45624
804.04871	874.20404
804.06061	875.14966
804.07257	873.72961
804.08453	874.14606
804.09644	874.15594
804.1084	872.93896
804.1203	875.51447
804.13226	874.39294
804.14417	872.65894
804.15613	875.89551
804.16803	874.77435
804.17999	875.23822
804.19196	875.53766
804.20386	874.64545
804.21582	874.64868
804.22772	876.01215
804.23969	875.01611
804.25159	874.00928
804.26355	873.95599
804.27551	874.8551
804.28741	872.96362
804.29938	872.02081
804.31128	875.8833
804.32324	874.51849
804.33514	874.1712
804.34711	874.00043
804.35901	873.96313
804.37097	874.88745
804.38293	874.2923
804.39484	874.49573
804.4068	873.5274
804.4187	873.44196
804.43066	875.82874
804.44257	874.25885
804.45453	872.79425
804.46643	874.15485
804.47839	874.62048
804.49036	873.46893
804.50226	874.7406
804.51422	875.58954
804.52612	876.40076
804.53809	876.48358
804.54999	873.72522
804.56195	873.42065
804.57391	873.72968
804.58582	874.06665
804.59778	874.28479
804.60968	873.1181
804.62164	874.23883
804.63354	875.01849
804.64551	875.83234
804.65741	875.70056
804.66937	873.71118
804.68134	873.76825
804.69324	874.53979
804.7052	874.99536
804.7171	874.854
804.72906	874.7475
804.74097	874.01605
804.75293	874.49304
804.76483	873.09137
804.77679	875.89807
804.78876	874.45215
804.80066	874.36957
804.81262	874.03186
804.82452	872.81781
804.83649	875.0658
804.84839	875.60846
804.86035	875.17041
804.87231	876.00842
804.88422	875.07422
804.89618	875.07111
804.90808	874.81909
804.92004	874.67731
804.93195	873.69086
804.94391	873.4245
804.95581	874.57092
804.96777	873.88953
804.97974	875.263
804.99164	874.28943
805.0036	872.9906
805.0155	874.10883
805.02747	874.41681
805.03937	875.03485
805.05133	874.52863
805.06323	873.51648
805.0752	874.56384
805.08716	875.74756
805.09906	875.82495
805.11102	874.95068
805.12292	874.95874
805.13489	873.43463
805.14679	873.03259
805.15875	874.6283
805.17072	876.05267
805.18262	875.88574
805.19458	876.48358
805.20648	873.99493
805.21844	874.53479
805.23035	874.79065
805.24231	874.48535
805.25421	873.30481
805.26617	872.80072
805.27814	875.76306
805.29004	873.53058
805.302	874.98431
805.3139	873.70111
805.32587	875.01642
805.33777	874.53674
805.34973	872.85657
805.36163	873.50836
805.3736	875.22516
805.38556	876.15295
805.39746	874.88531
805.40942	874.49475
805.42133	874.20752
805.43329	874.68329
805.44519	875.17969
805.45715	874.46216
805.46912	875.85095
805.48102	874.55737
805.49298	875.04956
805.50488	875.41266
805.51685	873.60315
805.52875	874.40424
805.54071	874.37213
805.55261	874.12732
805.56458	875.33307
805.57654	875.71393
805.58844	875.16205
805.6004	874.30035
805.6123	874.15961
805.62427	876.27588
805.63617	875.64075
805.64813	874.83972
805.66003	875.65442
805.672	875.31732
805.68396	877.08215
805.69586	875.72803
805.70782	873.63843
805.71973	874.57813
805.73169	871.91687
805.74359	873.53955
805.75555	875.60516
805.76746	875.4173
805.77942	875.95386
805.79138	874.83459
805.80328	874.41681
805.81525	873.81299
805.82715	875.93646
805.83911	874.29974
805.85101	875.74011
805.86298	876.08942
805.87494	876.1203
805.88684	876.3667
805.8988	876.07092
805.91071	875.46082
805.92267	876.25568
805.93457	876.58496
805.94653	874.9873
805.95844	876.83167
805.9704	877.18195
805.98236	876.10425
805.99426	876.29352
806.00623	875.6394
806.01813	876.10675
806.03009	876.09033
806.04199	874.68005
806.05396	873.83582
806.06586	873.59985
806.07782	873.87195
806.08978	872.75507
806.10168	873.86938
806.11365	876.26703
806.12555	875.80835
806.13751	874.1123
806.14941	875.25458
806.16138	874.20764
806.17334	873.68219
806.18524	875.67609
806.1972	875.00848
806.20911	875.5946
806.22107	873.76733
806.23297	873.73914
806.24493	874.39294
806.25684	874.89258
806.2688	874.19873
806.28076	875.62274
806.29266	877.00214
806.30463	876.08185
806.31653	876.70337
806.32849	875.84363
806.34039	874.50452
806.35236	873.78284
806.36426	874.92096
806.37622	872.89417
806.38818	874.38721
806.40009	874.42627
806.41205	875.57245
806.42395	875.34894
806.43591	874.82526
806.44781	874.95996
806.45978	875.94208
806.47174	875.15497
806.48364	875.86768
806.49561	876.57428
806.50751	874.71204
806.51947	874.77869
806.53137	874.76898
806.54333	873.80444
806.55524	874.21869
806.5672	872.75519
806.57916	872.50781
806.59106	876.76111
806.60303	876.02441
806.61493	875.25159
806.62689	874.64532
806.63879	874.20032
806.65076	875.24225
806.66266	875.27838
806.67462	875.29517
806.68658	874.79071
806.69849	874.72046
806.71045	875.4281
806.72235	875.341
806.73431	873.90424
806.74622	873.46661
806.75818	874.51996
806.77014	875.84149
806.78204	875.63715
806.79401	874.6936
806.80591	874.65747
806.81787	874.33972
806.82977	875.46637
806.84174	875.07452
806.85364	874.76416
806.8656	875.59033
806.87756	874.72345
806.88947	874.51135
806.90143	874.83569
806.91333	875.20343
806.92529	875.03027
806.93719	876.64752
806.94916	875.56403
806.96106	874.8479
806.97302	874.76019
806.98499	873.67999
806.99689	873.15686
807.00885	874.57098
807.02075	874.43073
807.03271	876.00073
807.04462	876.75079
807.05658	873.69702
807.06854	876.48694
807.08044	877.02625
807.09241	875.94775
807.10431	874.28632
807.11627	875.7381
807.12817	875.76044
807.14014	874.9765
807.15204	875.65955
807.164	876.97217
807.17596	875.41992
807.18787	875.8363
807.19983	875.79468
807.21173	876.29419
807.22369	876.67542
807.2356	876.23779
807.24756	875.64825
807.25946	875.65527
807.27142	873.56458
807.28339	873.35944
807.29529	876.25488
807.30725	874.16644
807.31915	874.70233
807.33112	874.06873
807.34302	874.82849
807.35498	874.3266
807.36694	876.84503
807.37885	876.59961
807.39081	874.98193
807.40271	875.08295
807.41467	875.90009
807.42657	875.6803
807.43854	875.47626
807.45044	874.24353
807.4624	875.81244
807.47437	875.69855
807.48627	875.27271
807.49823	876.71326
807.51013	876.85461
807.52209	876.18378
807.534	875.95251
807.54596	874.77399
807.55786	873.92755
807.56982	874.06433
807.58179	874.49689
807.59369	875.89423
807.60565	876.67419
807.61755	876.81757
807.62952	875.25989
807.64142	874.84436
807.65338	876.08746
807.66534	876.49658
807.67725	876.09857
807.68921	876.2854
807.70111	875.81677
807.71307	875.85675
807.72498	877.37451
807.73694	876.9776
807.74884	877.22534
807.7608	876.67969
807.77277	876.82281
807.78467	876.73315
807.79663	874.89447
807.80853	875.64111
807.8205	873.75049
807.8324	875.11871
807.84436	876.64404
807.85626	876.03247
807.86823	875.87988
807.88019	877.65033
807.89209	874.2287
807.90405	874.91876
807.91595	874.92877
807.92792	877.65173
807.93982	876.4881
807.95178	876.50555
807.96368	877.27954
807.97565	876.90668
807.98761	875.4809
807.99951	874.3056
808.01147	875.13165
808.02338	873.32263
808.03534	874.6087
808.04724	873.92017
808.0592	875.55151
808.07117	872.68286
808.08307	872.34644
808.09503	873.86713
808.10693	872.94525
808.1189	875.39233
808.1308	874.93701
808.14276	873.38684
808.15466	875.00879
808.16663	873.76929
808.17859	877.33124
808.19049	877.76306
808.20245	876.17438
808.21436	874.71442
808.22632	876.05963
808.23822	877.5274
808.25018	875.73993
808.26208	874.74335
808.27405	873.81244
808.28601	874.71844
808.29791	873.89886
808.30988	873.48322
808.32178	875.84985
808.33374	874.53961
808.34564	874.23938
808.3576	877.14514
808.36957	877.21118
808.38147	876.57184
808.39343	873.71173
808.40533	872.09613
808.4173	874.35229
808.4292	876.7251
808.44116	876.67969
808.45306	875.07074
808.46503	874.60968
808.47699	875.73657
808.48889	876.63684
808.50085	873.97589
808.51276	876.66266
808.52472	876.40521
808.53662	875.67151
808.54858	874.42261
808.56049	876.03687
808.57245	878.54639
808.58441	876.50903
808.59631	877.27576
808.60828	874.09222
808.62018	875.00598
808.63214	874.19678
808.64404	875.01978
808.65601	875.27008
808.66797	876.38361
808.67987	875.82886
808.69183	876.20618
808.70374	875.50854
808.7157	876.05719
808.7276	877.86755
808.73956	876.28809
808.75146	875.25836
808.76343	876.35687
808.77539	876.13751
808.78729	876.1095
808.79926	875.77289
808.81116	876.75598
808.82312	878.32129
808.83502	877.30615
808.84698	876.32343
808.85889	877.03381
808.87085	877.08044
808.88281	875.5744
808.89471	876.11481
808.90668	875.49506
808.91858	875.02466
808.93054	876.48364
808.94244	876.31445
808.95441	875.99481
808.96637	875.87793
808.97827	875.98138
808.99023	877.58868
809.00214	878.09753
809.0141	876.84491
809.026	876.50085
809.03796	876.94025
809.04987	877.58972
809.06183	876.62366
809.07379	877.58508
809.08569	878.79431
809.09766	876.92413
809.10956	877.44891
809.12152	877.30377
809.13342	877.01373
809.14539	877.46722
809.15729	875.53662
809.16925	876.14868
809.18121	876.80573
809.19312	876.07501
809.20508	875.37024
809.21698	876.42957
809.22894	874.93347
809.24084	873.42999
809.25281	876.39746
809.26477	876.65222
809.27667	876.54663
809.28864	875.68182
809.30054	877.08118
809.3125	878.48938
809.3244	876.55237
809.33636	876.07477
809.34827	876.53705
809.36023	877.99805
809.37219	878.62903
809.38409	878.14111
809.39606	875.20825
809.40796	876.87323
809.41992	875.68134
809.43182	875.44489
809.44379	877.96344
809.45569	875.54126
809.46765	874.79266
809.47961	875.86963
809.49152	876.99677
809.50348	877.00409
809.51538	875.74475
809.52734	877.52185
809.53925	875.40192
809.55121	875.99786
809.56317	875.24109
809.57507	879.55261
809.58704	874.96863
809.59894	876.10034
809.6109	878.91559
809.6228	877.77484
809.63477	875.9046
809.64667	877.24255
809.65863	875.95465
809.67059	876.37921
809.6825	876.18573
809.69446	877.27588
809.70636	876.32001
809.71832	875.0661
809.73022	875.03436
809.74219	877.14795
809.75409	876.33588
809.76605	877.02936
809.77802	875.74426
809.78992	877.6026
809.80188	877.41473
809.81378	875.86609
809.82574	874.16437
809.83765	874.83624
809.84961	875.93561
809.86157	876.79041
809.87347	878.0152
809.88544	877.50568
809.89734	876.10413
809.9093	877.33636
809.9212	877.95917
809.93317	877.97504
809.94507	877.59766
809.95703	877.13275
809.96899	875.67462
809.9809	876.65771
809.99286	876.4754
810.00476	878.24286
810.01672	879.62347
810.02863	877.54663
810.04059	877.50531
810.05249	876.64624
810.06445	877.87695
810.07642	878.82831
810.08832	879.04126
810.10028	879.46381
810.11218	877.81964
810.12415	877.52008
810.13605	878.62183
810.14801	880.2439
810.15997	877.28265
810.17188	878.24438
810.18384	876.33209
810.19574	877.18036
810.2077	874.92377
810.2196	876.52863
810.23157	875.65936
810.24347	876.66583
810.25543	875.40179
810.2674	878.34351
810.2793	878.56024
810.29126	877.70032
810.30316	875.95319
810.31512	876.302
810.32703	877.67651
810.33899	878.37299
810.35089	880.44806
810.36285	878.93848
810.37482	875.71649
810.38672	877.55756
810.39868	880.69086
810.41058	878.00317
810.42255	878.90863
810.43445	876.8363
810.44641	880.10388
810.45831	877.62042
810.47028	877.93054
810.48224	877.17102
810.49414	878.84515
810.5061	877.78796
810.51801	877.98157
810.52997	878.24878
810.54187	878.73932
810.55383	877.13568
810.5658	880.80457
810.5777	877.90442
810.58966	877.87909
810.60156	880.19061
810.61353	879.08984
810.62543	878.89966
810.63739	876.36261
810.64929	879.93768
810.66125	877.56427
810.67322	878.90173
810.68512	879.35455
810.69708	879.17279
810.70898	878.93329
810.72095	880.24609
810.73285	878.87128
810.74481	879.93512
810.75671	880.00397
810.76868	879.50311
810.78064	877.80072
810.79254	881.93317
810.8045	879.19464
810.81641	882.65802
810.82837	881.56488
810.84027	882.33282
810.85223	879.7168
810.8642	881.8938
810.8761	883.23712
810.88806	882.28882
810.89996	881.98828
810.91193	882.24579
810.92383	880.5755
810.93579	881.45465
810.94769	881.04425
810.95966	882.26385
810.97162	881.83795
810.98352	882.65381
810.99548	883.74353
811.00739	882.37427
811.01935	881.3465
811.03125	884.63409
811.04321	884.94617
811.05511	885.9458
811.06708	886.84735
811.07904	886.72552
811.09094	883.15186
811.10291	882.50061
811.11481	883.99384
811.12677	887.36066
811.13867	885.59076
811.15063	885.70911
811.1626	885.21613
811.1745	883.54633
811.18646	883.17969
811.19836	885.37756
811.21033	886.24475
811.22223	886.35004
811.23419	888.82715
811.24609	889.10236
811.25806	888.14172
811.27002	890.76404
811.28192	887.36389
811.29388	888.99554
811.30579	890.79175
811.31775	890.52899
811.32965	890.39154
811.34161	890.14697
811.35352	891.758
811.36548	891.42041
811.37744	893.19135
811.38934	892.63324
811.40131	891.72046
811.41321	891.28497
811.42517	889.49463
811.43707	890.62885
811.44904	891.78192
811.461	891.55835
811.4729	891.52216
811.48486	893.30859
811.49677	893.44348
811.50873	891.77661
811.52063	893.65918
811.53259	894.00232
811.54449	889.21936
811.55646	888.69757
811.56842	891.09442
811.58032	892.06445
811.59229	888.69629
811.60419	889.94147
811.61615	890.85651
811.62805	890.51935
811.64001	891.12671
811.65192	891.48029
811.66388	890.35352
811.67584	890.58209
811.68774	891.58185
811.69971	890.5827
811.71161	891.64014
811.72357	890.65625
811.73547	892.20117
811.74744	888.84406
811.7594	890.1723
811.7713	892.12183
811.78326	889.68665
811.79517	888.81659
811.80713	891.00275
811.81903	890.06555
811.83099	889.03094
811.8429	886.81696
811.85486	886.46106
811.86682	889.01904
811.87872	889.11591
811.89069	888.14795
811.90259	888.05225
811.91455	887.71375
811.92645	887.69287
811.93842	887.48975
811.95032	885.28113
811.96228	885.76227
811.97424	885.72925
811.98615	887.81946
811.99811	886.35693
812.01001	887.30591
812.02197	891.0224
812.03387	884.80164
812.04584	882.89117
812.0578	885.41528
812.0697	886.47601
812.08167	887.60449
812.09357	886.36615
812.10553	886.01556
812.11743	884.52612
812.12939	885.97406
812.1413	887.32922
812.15326	885.01532
812.16522	883.37982
812.17712	883.80219
812.18909	882.93903
812.20099	885.04456
812.21295	886.01208
812.22485	884.37952
812.23682	882.65961
812.24872	882.84863
812.26068	882.83698
812.27264	883.32281
812.28455	885.90253
812.29651	885.47406
812.30841	884.38446
812.32037	884.28784
812.33228	885.9165
812.34424	884.50171
812.3562	884.99554
812.3681	884.29114
812.38007	883.81824
812.39197	883.80597
812.40393	882.90143
812.41583	883.73328
812.4278	883.31073
812.4397	883.9809
812.45166	886.59601
812.46362	884.03326
812.47552	881.32684
812.48749	882.48242
812.49939	882.19031
812.51135	883.6756
812.52325	882.19031
812.53522	882.01685
812.54712	882.82172
812.55908	879.86591
812.57104	882.64282
812.58295	884.14813
812.59491	882.24957
812.60681	882.58813
812.61877	881.75751
812.63068	881.8266
812.64264	883.37964
812.65454	883.84845
812.6665	883.64093
812.67847	883.85107
812.69037	882.21252
812.70233	881.33386
812.71423	880.61176
812.7262	883.2948
812.7381	882.44818
812.75006	882.03528
812.76202	883.13916
812.77393	883.93365
812.78589	884.36145
812.79779	881.72015
812.80975	882.50458
812.82166	884.12
812.83362	885.71362
812.84552	883.26355
812.85748	883.96136
812.86945	884.29114
812.88135	883.43054
812.89331	884.46033
812.90521	885.82941
812.91718	886.32861
812.92908	888.06763
812.94104	887.48303
812.95294	886.96381
812.9649	887.08624
812.97687	887.36328
812.98877	886.56976
813.00073	886.47412
813.01263	884.25458
813.0246	885.36688
813.0365	884.1933
813.04846	886.47955
813.06042	886.4325
813.07233	887.2146
813.08429	886.79333
813.09619	887.67572
813.10815	886.95099
813.12006	885.63312
813.13202	886.36035
813.14392	887.68842
813.15588	888.16803
813.16785	889.30017
813.17975	886.46997
813.19171	888.23315
813.20361	886.70337
813.21558	887.52332
813.22748	887.9502
813.23944	888.03625
813.25134	886.93713
813.26331	887.83331
813.27527	888.26019
813.28717	888.79132
813.29913	892.77582
813.31104	892.58954
813.323	889.33563
813.3349	890.10052
813.34686	891.0351
813.35883	890.84576
813.37073	892.46619
813.38269	889.07074
813.39459	892.72186
813.40656	892.46716
813.41846	889.16827
813.43042	892.9071
813.44232	895.55768
813.45428	894.9574
813.46625	894.11047
813.47815	892.3678
813.49011	891.50629
813.50201	894.43237
813.51398	896.95837
813.52588	896.12067
813.53784	896.40106
813.54974	896.87604
813.56171	894.71356
813.57367	892.68121
813.58557	894.91333
813.59753	899.7066
813.60944	902.05634
813.6214	902.15057
813.6333	902.82556
813.64526	902.14764
813.65723	903.04077
813.66913	904.625
813.68109	904.17059
813.69299	899.80658
813.70496	902.20105
813.71686	905.29852
813.72882	909.31049
813.74072	908.04712
813.75269	908.46368
813.76465	904.60193
813.77655	906.42078
813.78851	912.93225
813.80042	911.20569
813.81238	910.99286
813.82428	911.64343
813.83624	913.25
813.84814	916.69
813.86011	917.73688
813.87207	914.83759
813.88397	914.04791
813.89594	916.28113
813.90784	920.23138
813.9198	920.63605
813.9317	926.61261
813.94366	926.21301
813.95563	926.55609
813.96753	929.18652
813.97949	931.36487
813.99139	929.35913
814.00336	929.87585
814.01526	931.77942
814.02722	929.34436
814.03912	935.09113
814.05109	939.46777
814.06305	939.37122
814.07495	938.18671
814.08691	940.63794
814.09882	941.14069
814.11078	940.44635
814.12268	938.33557
814.13464	939.22076
814.14655	943.68243
814.15851	943.96759
814.17047	941.83905
814.18237	943.44427
814.19434	945.12305
814.20624	944.95544
814.2182	946.79449
814.2301	948.56451
814.24207	951.40857
814.25403	951.70734
814.26593	949.33649
814.27789	944.86829
814.28979	946.19849
814.30176	945.71112
814.31366	948.32703
814.32562	947.14337
814.33752	946.45349
814.34949	943.96136
814.36145	945.94916
814.37335	943.98743
814.38531	943.74622
814.39722	939.90247
814.40918	942.71558
814.42108	942.18573
814.43304	939.30475
814.44495	939.49799
814.45691	940.99939
814.46887	933.63696
814.48077	931.45642
814.49274	932.00024
814.50464	929.07361
814.5166	931.26508
814.5285	927.67841
814.54047	925.20386
814.55243	930.28687
814.56433	930.80713
814.57629	925.87897
814.5882	924.47742
814.60016	922.13245
814.61206	922.43805
814.62402	918.44135
814.63593	919.96802
814.64789	913.54419
814.65985	916.02527
814.67175	917.49744
814.68372	916.09369
814.69562	916.39026
814.70758	918.13367
814.71948	913.80756
814.73145	917.3371
814.74335	912.47247
814.75531	909.58545
814.76727	908.57611
814.77917	910.76093
814.79114	908.51996
814.80304	910.71185
814.815	910.8454
814.8269	907.6684
814.83887	903.30756
814.85083	905.50958
814.86273	906.76825
814.87469	905.35242
814.8866	901.94714
814.89856	907.297
814.91046	901.46039
814.92242	902.86884
814.93433	904.98804
814.94629	900.25885
814.95825	900.49738
814.97015	897.91632
814.98212	900.90527
814.99402	896.20953
815.00598	900.13812
815.01788	899.07819
815.02985	900.78247
815.04175	900.32672
815.05371	898.77289
815.06567	896.89258
815.07758	900.40137
815.08954	895.3446
815.10144	894.91956
815.1134	896.56299
815.12531	897.25543
815.13727	894.12421
815.14917	893.84418
815.16113	892.90106
815.1731	893.81213
815.185	892.85907
815.19696	901.05054
815.20886	892.72327
815.22083	893.42023
815.23273	893.9599
815.24469	890.95618
815.25665	894.19006
815.26855	890.49664
815.28052	892.06079
815.29242	889.89404
815.30438	889.85986
815.31628	886.98022
815.32825	890.3139
815.34015	887.33179
815.35211	890.39008
815.36407	892.54193
815.37598	891.14203
815.38794	890.30566
815.39984	887.76849
815.4118	885.88422
815.42371	887.04022
815.43567	887.26752
815.44757	885.72638
815.45953	888.16437
815.4715	885.12317
815.4834	885.76837
815.49536	888.33392
815.50726	887.26953
815.51923	885.4472
815.53113	884.01001
815.54309	888.46405
815.55505	887.45557
815.56696	882.55493
815.57892	882.60773
815.59082	882.79828
815.60278	884.40247
815.61469	883.37274
815.62665	883.20502
815.63855	883.25623
815.65051	880.94006
815.66248	881.50146
815.67438	884.42755
815.68634	882.80389
815.69824	883.88458
815.71021	880.07764
815.72211	880.89935
815.73407	883.375
815.74597	881.53131
815.75793	881.34137
815.7699	881.3468
815.7818	882.15582
815.79376	881.06525
815.80566	878.22266
815.81763	881.14423
815.82953	882.53998
815.84149	880.0238
815.85345	880.9397
815.86536	881.43884
815.87732	880.76666
815.88922	878.19232
815.90118	881.17023
815.91309	877.57874
815.92505	878.81195
815.93695	879.5321
815.94891	877.10339
815.96088	879.71594
815.97278	877.526
815.98474	876.62305
815.99664	878.29352
816.00861	878.22455
816.02051	877.59094
816.03247	878.01776
816.04437	878.21503
816.05634	879.4743
816.0683	879.59937
816.0802	877.62128
816.09216	876.84149
816.10406	875.72339
816.11603	877.97028
816.12793	877.22815
816.13989	877.45538
816.15186	877.47571
816.16376	876.37146
816.17572	878.8916
816.18762	877.43005
816.19958	877.28113
816.21149	877.57892
816.22345	875.73553
816.23535	875.49579
816.24731	877.56476
816.25928	877.37189
816.27118	875.77679
816.28314	875.98352
816.29504	876.61066
816.30701	875.09894
816.31891	874.94623
816.33087	875.46313
816.34277	875.22577
816.35474	877.62592
816.3667	877.68073
816.3786	876.1604
816.39056	875.46716
816.40247	874.25964
816.41443	875.88013
816.42633	878.1571
816.43829	875.30853
816.45026	874.42993
816.46216	874.90747
816.47412	876.72949
816.48602	875.25867
816.49799	876.78094
816.50989	874.20294
816.52185	875.12073
816.53375	874.02899
816.54572	874.60883
816.55768	873.77301
816.56958	872.92383
816.58154	873.16028
816.59344	873.75208
816.60541	873.99542
816.61731	874.80597
816.62927	875.62805
816.64117	873.67987
816.65314	873.14441
816.6651	873.52557
816.677	874.31793
816.68896	873.17377
816.70087	873.23566
816.71283	872.54895
816.72473	872.83051
816.73669	875.07074
816.74866	873.70966
816.76056	874.12445
816.77252	871.81067
816.78442	874.27106
816.79639	876.36932
816.80829	875.04175
816.82025	872.69287
816.83215	872.83173
816.84412	873.27802
816.85608	872.93298
816.86798	872.88147
816.87994	874.10004
816.89185	873.42853
816.90381	874.18732
816.91571	873.68384
816.92767	873.74255
816.93958	873.8573
816.95154	873.31458
816.9635	872.34991
816.9754	874.54626
816.98737	873.94781
816.99927	873.34113
817.01123	873.77338
817.02313	873.95636
817.0351	874.0127
817.04706	873.57343
817.05896	874.05139
817.07092	873.99384
817.08282	875.41199
817.09479	875.56
817.10669	874.08893
817.11865	873.07867
817.13055	872.74152
817.14252	872.6145
817.15448	871.84918
817.16638	871.93958
817.17834	870.5672
817.19025	871.78882
817.20221	870.52808
817.21411	871.55249
817.22607	872.95099
817.23798	873.32611
817.24994	873.35333
817.2619	873.10126
817.2738	874.33881
817.28577	873.81195
817.29767	872.25751
817.30963	873.60883
817.32153	873.89716
817.3335	873.01892
817.34546	871.14227
817.35736	872.41083
817.36932	872.68536
817.38123	872.16553
817.39319	872.19586
817.40509	874.70898
817.41705	874.42871
817.42896	873.49158
817.44092	874.12646
817.45288	872.76154
817.46478	872.01758
817.47675	871.80243
817.48865	871.31543
817.50061	871.31573
817.51251	873.39008
817.52448	872.16968
817.53638	870.92163
817.54834	870.92889
817.5603	871.46143
817.5722	873.23444
817.58417	872.33325
817.59607	872.02386
817.60803	871.46875
817.61993	872.01794
817.6319	869.86725
817.6438	870.84888
817.65576	872.60834
817.66772	871.58289
817.67963	869.8866
817.69159	873.09259
817.70349	873.25012
817.71545	872.34497
817.72736	872.9621
817.73932	872.07184
817.75128	873.62561
817.76318	872.39911
817.77515	872.63782
817.78705	871.59705
817.79901	871.05902
817.81091	871.76459
817.82288	872.29211
817.83478	873.87555
817.84674	873.77722
817.8587	871.05237
817.87061	869.75671
817.88257	870.68005
817.89447	873.21814
817.90643	872.51263
817.91833	871.85016
817.9303	873.64874
817.9422	873.185
817.95416	873.42938
817.96613	872.89105
817.97803	871.50726
817.98999	870.7876
818.00189	870.53442
818.01385	872.44177
818.02576	872.13965
818.03772	871.95355
818.04968	872.47833
818.06158	870.80011
818.07355	872.37219
818.08545	871.32495
818.09741	872.44006
818.10931	871.97394
818.12128	872.90393
818.13318	871.1123
818.14514	871.745
818.1571	873.01447
818.16901	872.22382
818.18097	871.30402
818.19287	872.06073
818.20483	873.55359
818.21674	874.06476
818.2287	873.61554
818.2406	872.38562
818.25256	870.72522
818.26453	871.95483
818.27643	871.4873
818.28839	871.95636
818.30029	870.73853
818.31226	871.00952
818.32416	871.13257
818.33612	870.9491
818.34808	870.32855
818.35999	871.21667
818.37195	871.60278
818.38385	870.80182
818.39581	872.2439
818.40771	871.57269
818.41968	871.77258
818.43158	872.45679
818.44354	871.60889
818.45551	871.18182
818.46741	871.62738
818.47937	870.33685
818.49127	871.16016
818.50323	871.65118
818.51514	871.29565
818.5271	871.63226
818.539	872.97839
818.55096	871.19208
818.56293	869.73566
818.57483	872.60559
818.58679	871.71881
818.59869	872.1673
818.61066	871.59344
818.62256	869.53064
818.63452	871.22748
818.64648	870.9024
818.65839	870.43628
818.67035	870.4176
818.68225	870.58533
818.69421	870.85583
818.70612	870.48547
818.71808	870.78699
818.72998	871.29712
818.74194	872.01489
818.75391	871.03662
818.76581	872.21442
818.77777	871.57526
818.78967	870.20483
818.80164	870.00171
818.81354	870.4505
818.8255	870.88379
818.8374	871.22021
818.84937	871.94373
818.86133	871.26135
818.87323	871.68115
818.88519	872.00067
818.89709	871.24066
818.90906	870.62384
818.92096	870.33075
818.93292	871.89728
818.94489	871.3327
818.95679	871.94647
818.96875	870.59375
818.98065	871.36621
818.99261	872.28125
819.00452	871.11072
819.01648	869.80701
819.02838	870.63275
819.04034	871.14691
819.05231	870.34009
819.06421	871.07507
819.07617	870.34753
819.08807	870.22278
819.10004	871.19855
819.11194	870.53406
819.1239	870.22607
819.1358	871.25781
819.14777	871.03314
819.15973	871.0343
819.17163	870.39349
819.18359	870.16675
819.1955	871.55969
819.20746	871.46234
819.21936	871.10803
819.23132	871.08185
819.24329	869.25171
819.25519	869.54065
819.26715	871.26819
819.27905	870.77313
819.29102	871.09283
819.30292	871.37451
819.31488	870.33563
819.32678	870.0943
819.33875	870.24518
819.35071	871.07373
819.36261	871.37634
819.37457	871.43726
819.38647	871.52014
819.39844	871.18604
819.41034	870.62708
819.4223	871.07507
819.4342	871.28394
819.44617	870.7464
819.45813	869.73981
819.47003	870.25781
819.48199	870.88147
819.4939	871.3689
819.50586	871.22375
819.51776	871.20911
819.52972	870.89728
819.54169	870.5307
819.55359	870.65533
819.56555	872.03827
819.57745	870.60291
819.58942	869.90039
819.60132	870.94934
819.61328	869.62714
819.62518	870.93701
819.63715	871.63074
819.64911	870.57086
819.66101	868.9256
819.67297	868.0838
819.68488	869.27954
819.69684	870.42914
819.70874	870.5144
819.7207	872.06604
819.7326	871.26654
819.74457	869.45776
819.75653	870.48492
819.76843	871.51947
819.7804	870.58057
819.7923	870.771
819.80426	872.76184
819.81616	872.68335
819.82813	871.98889
819.84003	870.44733
819.85199	870.50525
819.86395	870.45068
819.87585	871.85242
819.88782	871.82373
819.89972	871.14978
819.91168	868.86755
819.92358	870.08942
819.93555	870.20709
819.94751	870.17694
819.95941	870.29694
819.97137	869.91077
819.98328	869.36707
819.99524	870.77808
820.00714	871.2182
820.0191	869.76862
820.03101	871.24109
820.04297	870.97388
820.05493	870.65063
820.06683	870.35156
820.0788	869.74518
820.0907	870.74457
820.10266	870.74963
820.11456	870.55878
820.12653	870.14667
820.13843	869.87604
820.15039	869.95367
820.16235	871.3623
820.17426	870.49432
820.18622	870.08405
820.19812	870.83118
820.21008	869.30469
820.22198	869.89099
820.23395	870.08759
820.24591	870.54382
820.25781	871.77527
820.26978	871.68756
820.28168	870.73853
820.29364	870.21411
820.30554	872.03088
820.3175	871.63062
820.32941	870.19635
820.34137	871.1394
820.35333	873.21338
820.36523	870.05469
820.3772	871.80157
820.3891	871.00031
820.40106	870.54803
820.41296	870.15588
820.42493	869.37457
820.43683	871.85797
820.44879	870.78223
820.46075	868.54761
820.47266	870.00409
820.48462	869.74921
820.49652	871.27344
820.50848	870.97412
820.52039	871.87848
820.53235	869.51849
820.54431	869.2298
820.55621	870.65851
820.56818	871.8667
820.58008	870.4093
820.59204	870.42432
820.60394	871.49084
820.61591	869.43549
820.62781	869.55804
820.63977	872.25708
820.65173	869.33826
820.66364	870.70447
820.6756	871.10968
820.6875	870.54291
820.69946	870.13226
820.71136	871.79449
820.72333	869.80341
820.73523	868.38159
820.74719	869.8526
820.75916	870.20648
820.77106	870.63062
820.78302	868.95349
820.79492	870.92896
820.80688	870.9472
820.81879	871.5683
820.83075	870.74072
820.84271	870.76086
820.85461	870.89447
820.86658	870.39825
820.87848	870.91095
820.89044	871.76648
820.90234	871.98914
820.91431	871.14655
820.92621	871.95178
820.93817	870.85388
820.95013	869.58057
820.96204	869.13995
820.974	869.698
820.9859	870.28906
820.99786	870.36334
821.00977	868.99207
821.02173	869.13031
821.03363	870.69293
821.04559	870.48865
821.05756	870.83716
821.06946	871.20886
821.08142	870.64307
821.09332	871.02087
821.10529	870.81036
821.11719	870.849
821.12915	870.53748
821.14111	871.04718
821.15302	869.84332
821.16498	870.22351
821.17688	870.05688
821.18884	869.07355
821.20074	869.00726
821.21271	869.86963
821.22461	870.30225
821.23657	870.34363
821.24854	870.35083
821.26044	870.32086
821.2724	870.17688
821.2843	869.86633
821.29626	871.23633
821.30817	871.81653
821.32013	870.29773
821.33203	871.01642
821.34399	871.47595
821.35596	871.89789
821.36786	871.49237
821.37982	870.40259
821.39172	871.48743
821.40369	871.15942
821.41559	871.50067
821.42755	870.19293
821.43951	870.1427
821.45142	870.65265
821.46338	870.17578
821.47528	870.24695
821.48724	869.39996
821.49915	870.36493
821.51111	870.43994
821.52301	870.15753
821.53497	871.90118
821.54694	872.13379
821.55884	873.04871
821.5708	870.65808
821.5827	872.01044
821.59467	870.11383
821.60657	872.38397
821.61853	870.93127
821.63043	871.06024
821.6424	871.3941
821.65436	868.18945
821.66626	870.00085
821.67822	871.18158
821.69012	871.10193
821.70209	869.61285
821.71399	869.84521
821.72595	871.88892
821.73792	871.60431
821.74982	871.38037
821.76178	870.66956
821.77368	870.03809
821.78564	870.84949
821.79755	871.39282
821.80951	872.22546
821.82141	871.92712
821.83337	871.99121
821.84534	871.33057
821.85724	870.50958
821.8692	870.78241
821.8811	871.25354
821.89307	869.9776
821.90497	870.09387
821.91693	871.62738
821.92883	871.28534
821.9408	870.62512
821.95276	871.25995
821.96466	871.46393
821.97662	869.98322
821.98853	870.2948
822.00049	870.60834
822.01239	869.2757
822.02435	870.34705
822.03632	870.32019
822.04822	870.76556
822.06018	870.11713
822.07208	870.9798
822.08405	870.67584
822.09595	870.08301
822.10791	870.79462
822.11981	870.65088
822.13177	871.42383
822.14374	871.72968
822.15564	871.85626
822.1676	871.31653
822.1795	871.26611
822.19147	870.15674
822.20337	870.0293
822.21533	871.01373
822.22723	872.14197
822.2392	871.2876
822.25116	871.01965
822.26306	871.99664
822.27502	871.85791
822.28693	872.11865
822.29889	870.41241
822.31079	869.23419
822.32275	870.14197
822.33466	870.84808
822.34662	870.65277
822.35858	868.49347
822.37048	869.13239
822.38245	870.57709
822.39435	871.65527
822.40631	871.95447
822.41821	871.78595
822.43018	870.51996
822.44214	871.61115
822.45404	869.94946
822.466	869.21301
822.47791	872.26178
822.48987	869.96063
822.50177	870.00696
822.51373	871.16638
822.52563	871.56873
822.5376	871.73016
822.54956	871.33765
822.56146	870.56073
822.57343	868.92816
822.58533	870.19531
822.59729	871.19446
822.60919	870.8222
822.62115	869.83075
822.63306	871.52838
822.64502	871.23126
822.65698	871.88147
822.66888	869.57019
822.68085	868.27887
822.69275	870.28845
822.70471	870.77924
822.71661	870.43109
822.72858	870.91467
822.74054	871.37695
822.75244	870.40216
822.7644	870.20282
822.77631	871.2229
822.78827	870.78363
822.80017	872.76874
822.81213	871.60065
822.82404	871.08276
822.836	870.44373
822.84796	869.38538
822.85986	869.78418
822.87183	870.39594
822.88373	869.90936
822.89569	869.90295
822.90759	870.34192
822.91956	871.63098
822.93146	871.28809
822.94342	869.53217
822.95538	869.92407
822.96729	869.44275
822.97925	869.99072
822.99115	871.56726
823.00311	871.10791
823.01501	871.02789
823.02698	870.72742
823.03894	869.5647
823.05084	870.74353
823.06281	870.22601
823.07471	870.54468
823.08667	870.26263
823.09857	871.40143
823.11053	870.82849
823.12244	871.85602
823.1344	869.7688
823.14636	868.91577
823.15826	870.46295
823.17023	870.71094
823.18213	870.27057
823.19409	870.9585
823.20599	871.68909
823.21796	871.97516
823.22986	871.78259
823.24182	870.67737
823.25378	869.43359
823.26569	870.64484
823.27765	872.17712
823.28955	871.18542
823.30151	870.46613
823.31342	869.86127
823.32538	868.72913
823.33734	870.59869
823.34924	871.06732
823.36121	871.76105
823.37311	871.20959
823.38507	870.36554
823.39697	872.86993
823.40894	871.85785
823.42084	871.99762
823.4328	872.23987
823.44476	871.33337
823.45667	871.61365
823.46863	869.99823
823.48053	870.23175
823.49249	871.88269
823.50439	869.41754
823.51636	870.63745
823.52826	870.70587
823.54022	871.5451
823.55219	871.94427
823.56409	872.31921
823.57605	871.93719
823.58795	874.33582
823.59991	871.77155
823.61182	870.41058
823.62378	869.84583
823.63574	868.58032
823.64764	871.59674
823.65961	870.35016
823.67151	871.90057
823.68347	870.44061
823.69537	871.11774
823.70734	872.37354
823.71924	871.71729
823.7312	870.27405
823.74316	871.20087
823.75507	870.17981
823.76703	870.20569
823.77893	871.66107
823.79089	870.23199
823.8028	870.6756
823.81476	871.4043
823.82666	872.52283
823.83862	871.3924
823.85059	870.18121
823.86249	870.55121
823.87445	871.64722
823.88635	871.64288
823.89832	871.00092
823.91022	871.00635
823.92218	870.08337
823.93414	869.10583
823.94604	869.91907
823.95801	870.72748
823.96991	871.4472
823.98187	871.85193
823.99377	871.29126
824.00574	869.92145
824.01764	869.90094
824.0296	870.84882
824.04156	871.62335
824.05347	871.36353
824.06543	872.1142
824.07733	871.8681
824.08929	872.17914
824.1012	872.24261
824.11316	871.19568
824.12506	871.43176
824.13702	869.87402
824.14899	870.06836
824.16089	868.99084
824.17285	870.61078
824.18475	871.54926
824.19672	870.58337
824.20862	871.09491
824.22058	871.23566
824.23254	871.62152
824.24445	871.8924
824.25641	870.40265
824.26831	871.5271
824.28027	872.68347
824.29218	869.01978
824.30414	870.03491
824.31604	869.55811
824.328	870.33356
824.33997	871.98755
824.35187	872.14471
824.36383	870.16174
824.37573	871.78009
824.3877	872.15118
824.3996	871.30664
824.41156	872.74988
824.42346	872.8277
824.43542	872.1543
824.44739	871.69263
824.45929	870.80359
824.47125	871.20313
824.48315	871.09998
824.49512	870.86871
824.50702	870.20355
824.51898	870.44714
824.53088	870.28406
824.54285	870.62372
824.55481	869.44043
824.56671	871.31677
824.57867	871.59814
824.59058	869.4649
824.60254	872.33264
824.61444	871.6413
824.6264	870.73999
824.63837	871.56219
824.65027	870.71875
824.66223	870.43597
824.67413	870.40485
824.6861	870.80573
824.698	870.12463
824.70996	871.36517
824.72186	871.84595
824.73383	870.1825
824.74579	869.63568
824.75769	870.97302
824.76965	871.20825
824.78156	872.48883
824.79352	871.56311
824.80542	870.83691
824.81738	871.55212
824.82928	869.89404
824.84125	871.04529
824.85321	872.02905
824.86511	872.22302
824.87708	871.11804
824.88898	871.29578
824.90094	871.07434
824.91284	871.92456
824.9248	874.28174
824.93677	872.61279
824.94867	873.50549
824.96063	871.5116
824.97253	871.90704
824.9845	872.02698
824.9964	872.94128
825.00836	873.19727
825.02026	872.14465
825.03223	871.74854
825.04419	871.49689
825.05609	870.61719
825.06805	870.19147
825.07996	871.5957
825.09192	872.62262
825.10382	872.40472
825.11578	870.63281
825.12769	870.97736
825.13965	871.58929
825.15161	871.90997
825.16351	871.06592
825.17548	872.13342
825.18738	871.07874
825.19934	871.63269
825.21124	872.55121
825.22321	872.26288
825.23517	872.50769
825.24707	871.09906
825.25903	871.45654
825.27094	872.84521
825.2829	870.87274
825.2948	872.32025
825.30676	872.19305
825.31866	872.4646
825.33063	872.755
825.34259	872.94128
825.35449	872.04321
825.36646	872.84064
825.37836	869.60779
825.39032	872.29248
825.40222	871.55756
825.41418	872.60803
825.42609	872.27362
825.43805	871.62659
825.45001	870.84637
825.46191	869.89325
825.47388	871.86804
825.48578	872.89282
825.49774	870.57977
825.50964	871.85815
825.52161	871.51874
825.53357	872.21088
825.54547	871.92737
825.55743	872.83154
825.56934	871.56531
825.5813	870.76013
825.5932	870.7149
825.60516	870.71893
825.61707	871.93243
825.62903	872.51208
825.64099	873.00262
825.65289	872.68933
825.66486	872.09369
825.67676	871.71143
825.68872	871.60742
825.70062	872.47534
825.71259	871.24762
825.72449	872.21136
825.73645	871.91095
825.74841	871.3999
825.76031	870.58276
825.77228	872.9494
825.78418	873.43903
825.79614	872.35016
825.80804	871.58588
825.82001	872.99182
825.83197	872.18542
825.84387	872.27856
825.85583	873.3844
825.86774	871.48792
825.8797	871.79156
825.8916	872.77563
825.90356	874.00732
825.91547	872.69067
825.92743	871.00537
825.93939	870.83917
825.95129	871.88177
825.96326	873.38147
825.97516	871.98706
825.98712	872.526
825.99902	872.47986
826.01099	873.64642
826.02289	872.81158
826.03485	872.8136
826.04681	873.91266
826.05872	872.22803
826.07068	874.65875
826.08258	872.03485
826.09454	871.85278
826.10645	871.99048
826.11841	871.75262
826.13037	872.4491
826.14227	872.2207
826.15424	873.04919
826.16614	873.32727
826.1781	873.02844
826.19	871.50433
826.20197	871.08893
826.21387	871.76593
826.22583	871.76379
826.23779	873.15149
826.24969	872.46112
826.26166	870.55646
826.27356	870.47729
826.28552	872.76733
826.29742	873.27863
826.30939	874.26892
826.32129	873.75073
826.33325	872.90222
826.34521	872.83105
826.35712	871.39343
826.36908	871.75409
826.38098	872.41632
826.39294	872.67377
826.40485	872.3349
826.41681	872.70728
826.42877	872.24463
826.44067	872.24219
826.45264	872.50537
826.46454	872.75977
826.4765	872.49866
826.4884	872.30212
826.50037	872.5614
826.51227	872.6524
826.52423	871.45953
826.53619	873.97223
826.5481	871.22729
826.56006	871.60632
826.57196	873.32532
826.58392	872.63074
826.59583	872.3653
826.60779	871.99011
826.61969	874.74023
826.63165	873.13422
826.64362	873.65088
826.65552	872.31055
826.66748	873.47278
826.67938	873.24487
826.69135	873.52246
826.70325	873.75879
826.71521	874.33539
826.72717	873.08997
826.73907	872.86517
826.75104	873.16766
826.76294	873.17218
826.7749	872.69037
826.7868	872.57159
826.79877	874.05377
826.81067	873.63092
826.82263	872.56366
826.83459	873.74469
826.8465	872.25983
826.85846	871.35352
826.87036	872.4176
826.88232	872.58728
826.89423	873.72516
826.90619	873.20557
826.91809	874.91095
826.93005	873.54694
826.94202	871.57507
826.95392	871.16302
826.96588	872.36646
826.97778	873.95959
826.98975	873.78741
827.00165	872.4328
827.01361	873.74725
827.02551	873.86676
827.03748	872.53821
827.04944	872.45581
827.06134	872.49976
827.0733	873.46417
827.08521	874.02216
827.09717	872.70844
827.10907	874.18921
827.12103	872.70526
827.133	873.13116
827.1449	872.43799
827.15686	871.83844
827.16876	874.66132
827.18073	874.09302
827.19263	874.10693
827.20459	872.79596
827.21649	871.99091
827.22845	872.7168
827.24042	873.9278
827.25232	872.84137
827.26428	873.0675
827.27618	873.94598
827.28815	873.40216
827.30005	874.17609
827.31201	873.32074
827.32391	872.61633
827.33588	873.0304
827.34784	873.1051
827.35974	872.72723
827.3717	872.51758
827.38361	872.68884
827.39557	873.01758
827.40747	872.72583
827.41943	873.67798
827.4314	874.21075
827.4433	873.64197
827.45526	873.84253
827.46716	873.1413
827.47913	874.16876
827.49103	873.61713
827.50299	872.41351
827.51489	873.04395
827.52686	871.8479
827.53882	873.09045
827.55072	871.47467
827.56268	873.26898
827.57458	874.76813
827.58655	873.47125
827.59845	873.6153
827.61041	873.5943
827.62231	871.60944
827.63428	873.95471
827.64624	872.68671
827.65814	872.99261
827.6701	872.77869
827.68201	873.35779
827.69397	872.85181
827.70587	872.31842
827.71783	872.17004
827.7298	872.85095
827.7417	872.91089
827.75366	872.84924
827.76556	873.49579
827.77753	873.19958
827.78943	873.47748
827.80139	871.71991
827.81329	874.56976
827.82526	873.64478
827.83722	873.25793
827.84912	873.93573
827.86108	871.97247
827.87299	871.69391
827.88495	871.78534
827.89685	872.37915
827.90881	872.7135
827.92072	871.87701
827.93268	873.79138
827.94464	872.81268
827.95654	873.3764
827.96851	873.19202
827.98041	872.94348
827.99237	874.68713
828.00427	872.11151
828.01624	874.02594
828.0282	873.81287
828.0401	871.94971
828.05206	873.86823
828.06396	874.3382
828.07593	874.19818
828.08783	872.91357
828.09979	872.88489
828.11169	871.74023
828.12366	873.90619
828.13562	872.54443
828.14752	873.24963
828.15948	874.45398
828.17139	874.62476
828.18335	872.81299
828.19525	873.32623
828.20721	872.15009
828.21912	872.66162
828.23108	874.17584
828.24304	873.93311
828.25494	872.58087
828.26691	873.78442
828.27881	873.46564
828.29077	873.68506
828.30267	871.70215
828.31464	872.14893
828.3266	872.33264
828.3385	872.93378
828.35046	873.85742
828.36237	872.95709
828.37433	872.53217
828.38623	870.70721
828.39819	871.56018
828.4101	873.11963
828.42206	873.46448
828.43402	874.62274
828.44592	875.17535
828.45789	873.47021
828.46979	874.04022
828.48175	873.15906
828.49365	873.89136
828.50562	873.00098
828.51752	873.8548
828.52948	872.78009
828.54144	875.19452
828.55334	874.08771
828.56531	873.57886
828.57721	872.93335
828.58917	871.60046
828.60107	872.06909
828.61304	871.9812
828.625	872.60724
828.6369	873.68494
828.64886	874.22668
828.66077	873.66376
828.67273	873.72467
828.68463	872.5448
828.69659	871.88251
828.7085	872.70123
828.72046	872.24341
828.73242	872.23004
828.74432	871.90491
828.75629	872.82172
828.76819	872.27295
828.78015	873.52014
828.79205	872.46936
828.80402	873.95197
828.81592	873.03857
828.82788	872.59802
828.83984	871.9964
828.85175	873.14203
828.86371	872.52649
828.87561	873.09943
828.88757	871.76166
828.89948	871.74774
828.91144	874.22321
828.9234	874.44843
828.9353	874.39301
828.94727	874.38068
828.95917	874.15955
828.97113	872.26129
828.98303	872.54913
828.995	873.19226
829.0069	873.04749
829.01886	873.39581
829.03082	874.23602
829.04272	874.60211
829.05469	873.56952
829.06659	873.86023
829.07855	872.95221
829.09045	874.46667
829.10242	873.58606
829.11432	871.50476
829.12628	873.75146
829.13824	872.76392
829.15015	873.3902
829.16211	873.39032
829.17401	872.59454
829.18597	872.67682
829.19788	873.31976
829.20984	872.79492
829.2218	873.87079
829.2337	874.12903
829.24567	874.63257
829.25757	874.93011
829.26953	874.11725
829.28143	874.40393
829.2934	873.21484
829.3053	872.29565
829.31726	873.85229
829.32922	874.81146
829.34113	873.76984
829.35309	873.17023
829.36499	873.46539
829.37695	872.89868
829.38885	873.74683
829.40082	872.71161
829.41272	874.08563
829.42468	873.06323
829.43665	874.17328
829.44855	874.5976
829.46051	874.31531
829.47241	874.71832
829.48438	874.22314
829.49628	873.2027
829.50824	873.7818
829.52014	872.31696
829.5321	873.68201
829.54407	874.35364
829.55597	874.40375
829.56793	874.40063
829.57983	873.49786
829.5918	872.55823
829.6037	874.26984
829.61566	873.96313
829.62762	871.59186
829.63953	873.58423
829.65149	873.84808
829.66339	873.79852
829.67535	873.90997
829.68726	873.07587
829.69922	874.34222
829.71112	872.54993
829.72308	873.31671
829.73505	873.39771
829.74695	873.71991
829.75891	872.28235
829.77081	872.69073
829.78278	874.33344
829.79468	872.93677
829.80664	873.40167
829.81854	871.9762
829.83051	874.09216
829.84247	873.35461
829.85437	873.2948
829.86633	874.38293
829.87823	873.70758
829.8902	872.07318
829.9021	872.62396
829.91406	871.75806
829.92603	873.1416
829.93793	875.3855
829.94989	874.6272
829.96179	874.38513
829.97375	874.22369
829.98566	874.16583
829.99762	874.43311
830.00952	874.26746
830.02148	873.48541
830.03345	872.91333
830.04535	873.47235
830.05731	872.12347
830.06921	872.8642
830.08118	874.23871
830.09308	875.33752
830.10504	874.3985
830.11694	873.56274
830.12891	874.34277
830.14087	874.49835
830.15277	872.31506
830.16473	873.56805
830.17664	873.22028
830.1886	874.85559
830.2005	877.08563
830.21246	874.79639
830.22443	874.93335
830.23633	872.86957
830.24829	872.83618
830.26019	874.92206
830.27216	873.026
830.28406	874.42407
830.29602	873.02368
830.30792	873.71484
830.31989	873.41687
830.33185	872.38123
830.34375	872.7652
830.35571	871.87671
830.36761	873.41058
830.37958	873.0434
830.39148	873.06592
830.40344	874.38184
830.41534	874.12854
830.42731	874.38843
830.43927	876.2077
830.45117	874.53455
830.46313	873.29456
830.47504	871.95935
830.487	873.80804
830.4989	874.35675
830.51086	873.46442
830.52283	873.05957
830.53473	873.03906
830.54669	874.96777
830.55859	873.18744
830.57056	873.76691
830.58246	873.93542
830.59442	870.99957
830.60632	873.4621
830.61829	873.20953
830.63025	873.37463
830.64215	874.79822
830.65411	874.06012
830.66602	873.26514
830.67798	874.62738
830.68988	873.34967
830.70184	873.82037
830.71375	873.46698
830.72571	873.37537
830.73767	873.26184
830.74957	873.64288
830.76154	875.80676
830.77344	873.08594
830.7854	871.64349
830.7973	874.51514
830.80927	873.58887
830.82123	874.81848
830.83313	874.72589
830.84509	875.1203
830.85699	875.35529
830.86896	874.06958
830.88086	874.64551
830.89282	873.65753
830.90472	874.64618
830.91669	874.84027
830.92865	875.11615
830.94055	875.07898
830.95251	873.02094
830.96442	873.55963
830.97638	873.01349
830.98828	873.36603
831.00024	874.06775
831.01215	874.6496
831.02411	874.71631
831.03607	874.43231
831.04797	873.55981
831.05994	871.65997
831.07184	873.56403
831.0838	874.13654
831.0957	874.1618
831.10767	871.70526
831.11963	875.30902
831.13153	872.85699
831.14349	874.83392
831.1554	877.14368
831.16736	874.71686
831.17926	874.64221
831.19122	875.25079
831.20313	873.45264
831.21509	873.95227
831.22705	875.54486
831.23895	874.32959
831.25092	874.58771
831.26282	874.88062
831.27478	874.8963
831.28668	875.23743
831.29865	875.39355
831.31055	873.97961
831.32251	873.82568
831.33447	874.17542
831.34637	874.42395
831.35834	874.26563
831.37024	873.68262
831.3822	875.46307
831.3941	874.56366
831.40607	875.19989
831.41803	874.05774
831.42993	874.89917
831.44189	874.56299
831.4538	874.11987
831.46576	875.14801
831.47766	873.91565
831.48962	873.29364
831.50153	873.86194
831.51349	872.92139
831.52545	873.53601
831.53735	873.79749
831.54932	874.84338
831.56122	874.65979
831.57318	873.55133
831.58508	872.97754
831.59705	873.76068
831.60895	872.79156
831.62091	873.48047
831.63287	875.53186
831.64478	874.27313
831.65674	874.53046
831.66864	875.15759
831.6806	873.69147
831.6925	873.72357
831.70447	876.48853
831.71637	875.16376
831.72833	872.88177
831.7403	874.87
831.7522	875.26776
831.76416	874.7851
831.77606	874.25226
831.78802	873.95966
831.79993	873.97156
831.81189	874.6261
831.82385	874.74957
831.83575	874.07361
831.84772	873.74316
831.85962	873.4231
831.87158	874.45697
831.88348	873.69989
831.89545	873.09241
831.90735	875.14075
831.91931	875.82788
831.93127	875.15625
831.94318	872.72772
831.95514	874.48596
831.96704	875.80804
831.979	873.35028
831.99091	874.52692
832.00287	873.99316
832.01477	871.94995
832.02673	872.63141
832.0387	875.01624
832.0506	874.78857
832.06256	875.7713
832.07446	875.53442
832.08643	874.51666
832.09833	874.27118
832.11029	873.38782
832.12225	874.31354
832.13416	874.71625
832.14612	874.63647
832.15802	874.92395
832.16998	875.42596
832.18188	875.02856
832.19385	875.16602
832.20575	874.02686
832.21771	873.95251
832.22968	875.83044
832.24158	874.54639
832.25354	873.58856
832.26544	875.22552
832.2774	873.83728
832.28931	874.06586
832.30127	874.53522
832.31317	873.20856
832.32513	873.91718
832.3371	875.66248
832.349	874.77161
832.36096	875.00043
832.37286	874.40601
832.38483	873.51385
832.39673	874.104
832.40869	873.7973
832.42065	873.64075
832.43256	874.13483
832.44452	873.86945
832.45642	875.23627
832.46838	873.01477
832.48029	872.56201
832.49225	874.55066
832.50415	875.08636
832.51611	872.49274
832.52808	874.44421
832.53998	873.10938
832.55194	872.5296
832.56384	874.61804
832.57581	872.34393
832.58771	873.85876
832.59967	871.401
832.61157	875.29407
832.62354	871.93201
832.6355	873.10773
832.6474	873.76831
832.65936	872.67114
832.67126	874.08435
832.68323	875.0141
832.69513	874.10669
832.70709	873.2821
832.71906	872.37604
832.73096	873.54236
832.74292	875.3819
832.75482	874.31067
832.76678	875.13239
832.77869	875.3396
832.79065	876.04565
832.80255	877.0415
832.81451	873.45526
832.82648	874.43121
832.83838	877.41345
832.85034	873.67706
832.86224	876.86169
832.87421	875.0332
832.88611	874.84839
832.89807	874.78961
832.90997	874.44916
832.92194	876.26654
832.9339	874.27502
832.9458	874.03564
832.95776	874.75012
832.96967	874.24152
832.98163	874.67969
832.99353	875.58429
833.00549	875.56226
833.01746	875.10315
833.02936	873.77686
833.04132	872.97644
833.05322	873.54565
833.06519	874.20142
833.07709	874.73212
833.08905	875.74377
833.10095	875.82111
833.11292	874.42834
833.12488	876.13275
833.13678	875.90448
833.14874	876.18854
833.16064	875.04059
833.17261	876.31976
833.18451	875.77515
833.19647	876.25323
833.20837	874.99921
833.22034	874.87115
833.2323	876.91394
833.2442	874.86914
833.25616	874.36884
833.26807	874.83282
833.28003	875.39771
833.29193	874.43781
833.30389	875.78906
833.31586	874.62939
833.32776	874.72333
833.33972	875.315
833.35162	875.07947
833.36359	875.04462
833.37549	875.85095
833.38745	875.23083
833.39935	874.44006
833.41132	875.91418
833.42328	873.76453
833.43518	876.47516
833.44714	874.43958
833.45905	873.83875
833.47101	871.93018
833.48291	874.70544
833.49487	874.37469
833.50677	876.4599
833.51874	875.24524
833.5307	874.44867
833.5426	876.38544
833.55457	874.78876
833.56647	874.39502
833.57843	873.67267
833.59033	874.14484
833.60229	874.32654
833.61426	874.82532
833.62616	874.64911
833.63812	873.9455
833.65002	876.22333
833.66199	875.99121
833.67389	874.4964
833.68585	875.99573
833.69775	872.96271
833.70972	875.00781
833.72168	873.56714
833.73358	873.86621
833.74554	876.42877
833.75745	877.466
833.76941	874.78442
833.78131	874.74915
833.79327	873.82849
833.80518	875.19391
833.81714	875.83118
833.8291	876.81348
833.841	875.90125
833.85297	874.97388
833.86487	874.13275
833.87683	874.16034
833.88873	875.45447
833.9007	876.69922
833.91266	877.3609
833.92456	875.94214
833.93652	874.1651
833.94843	874.48303
833.96039	875.26251
833.97229	875.83398
833.98425	875.97888
833.99615	877.90527
834.00812	874.66583
834.02008	875.10632
834.03198	874.49426
834.04395	875.6394
834.05585	873.17279
834.06781	876.05341
834.07971	875.0473
834.09167	874.14178
834.10358	874.65222
834.11554	872.91565
834.1275	872.99707
834.1394	873.45355
834.15137	876.17999
834.16327	875.27924
834.17523	874.57013
834.18713	875.0907
834.1991	875.3064
834.211	875.24426
834.22296	876.01068
834.23492	874.97552
834.24683	876.75885
834.25879	875.52051
834.27069	875.2984
834.28265	875.45837
834.29456	875.62549
834.30652	875.15161
834.31848	876.95209
834.33038	873.6897
834.34235	875.63953
834.35425	874.14404
834.36621	875.62036
834.37811	875.59747
834.39008	874.86627
834.40198	874.01453
834.41394	874.57159
834.4259	875.57477
834.43781	875.36627
834.44977	875.67578
834.46167	875.62885
834.47363	874.43903
834.48553	877.21606
834.4975	876.65137
834.5094	875.37427
834.52136	874.42194
834.53333	875.12024
834.54523	877.2561
834.55719	875.90436
834.56909	874.87262
834.58105	876.29242
834.59296	873.38727
834.60492	874.61511
834.61688	878.29694
834.62878	877.16412
834.64075	875.55975
834.65265	875.22131
834.66461	876.51398
834.67651	874.61255
834.68848	875.18408
834.70038	876.97675
834.71234	875.16425
834.7243	875.92786
834.73621	875.88641
834.74817	874.75519
834.76007	876.62671
834.77203	875.745
834.78394	875.31592
834.7959	874.76361
834.8078	875.35181
834.81976	877.02466
834.83173	876.06
834.84363	874.79596
834.85559	876.5567
834.86749	876.88043
834.87946	875.45514
834.89136	875.93768
834.90332	875.36926
834.91528	875.19757
834.92719	874.78888
834.93915	876.50922
834.95105	876.20343
834.96301	874.91302
834.97491	876.58484
834.98688	877.15894
834.99878	875.57721
835.01074	877.46967
835.02271	878.38
835.03461	877.20142
835.04657	876.61371
835.05847	876.42047
835.07043	874.13129
835.08234	877.41644
835.0943	877.07599
835.1062	876.53375
835.11816	877.41986
835.13013	876.18768
835.14203	877.9162
835.15399	877.79449
835.16589	877.03595
835.17786	878.62903
835.18976	874.7887
835.20172	873.76312
835.21368	875.00867
835.22559	877.00806
835.23755	878.01086
835.24945	877.53479
835.26141	876.95801
835.27332	878.26129
835.28528	877.51031
835.29718	878.08496
835.30914	876.96747
835.32111	877.34467
835.33301	878.1983
835.34497	876.34564
835.35687	880.15784
835.36884	879.43549
835.38074	880.82098
835.3927	880.70996
835.4046	880.33698
835.41656	878.198
835.42853	880.63824
835.44043	877.1142
835.45239	880.68182
835.46429	880.32965
835.47626	879.06714
835.48816	879.31995
835.50012	879.45386
835.51208	878.75
835.52399	878.99463
835.53595	879.5116
835.54785	881.15039
835.55981	879.20673
835.57172	880.32129
835.58368	879.92749
835.59558	880.08795
835.60754	876.16162
835.61951	881.24194
835.63141	881.44025
835.64337	882.10522
835.65527	883.79871
835.66724	879.16425
835.67914	884.92633
835.6911	883.99042
835.703	884.44745
835.71497	884.39923
835.72693	884.88269
835.73883	884.6217
835.75079	887.43335
835.7627	888.66205
835.77466	886.75842
835.78656	886.73602
835.79852	885.2074
835.81049	886.43207
835.82239	891.00385
835.83435	890.04114
835.84625	895.573
835.85822	895.51587
835.87012	897.38654
835.88208	894.88092
835.89398	896.1853
835.90594	901.51062
835.91791	899.75336
835.92981	903.71356
835.94177	906.56268
835.95367	912.72534
835.96564	915.20197
835.97754	913.36334
835.9895	922.94794
836.0014	929.06299
836.01337	934.3114
836.02533	932.91882
836.03723	951.19366
836.04919	963.71735
836.0611	984.18311
836.07306	994.04547
836.08496	1028.3431
836.09692	1056.9458
836.10889	1088.8146
836.12079	1151.9232
836.13275	1221.7194
836.14465	1303.3484
836.15662	1437.5516
836.16852	1573.9943
836.18048	1720.4628
836.19238	1933.5012
836.20435	2141.1289
836.21631	2319.0007
836.22821	2456.9612
836.24017	2545.6445
836.25208	2602.5149
836.26404	2582.7974
836.27594	2513.9182
836.2879	2434.2917
836.2998	2337.3774
836.31177	2173.3931
836.32373	2035.0171
836.33563	1866.5292
836.3476	1691.1554
836.3595	1542.3839
836.37146	1455.0038
836.38336	1325.2325
836.39532	1236.3311
836.40729	1172.7698
836.41919	1119.8423
836.43115	1079.4509
836.44305	1038.3075
836.45502	1009.2598
836.46692	985.70068
836.47888	968.86847
836.49078	951.1261
836.50275	944.25024
836.51471	937.20715
836.52661	931.9397
836.53857	922.67487
836.55048	919.19708
836.56244	910.40765
836.57434	907.82916
836.5863	890.96436
836.59821	903.06891
836.61017	902.2713
836.62213	895.72668
836.63403	895.11096
836.646	891.67303
836.6579	892.28027
836.66986	892.71265
836.68176	889.19226
836.69373	884.75
836.70563	886.44623
836.71759	890.13947
836.72955	889.05591
836.74146	883.61255
836.75342	885.78186
836.76532	888.30231
836.77728	886.33643
836.78918	888.2644
836.80115	885.13477
836.81311	879.86169
836.82501	879.83423
836.83698	883.00244
836.84888	882.98425
836.86084	881.52124
836.87274	880.13312
836.8847	880.90448
836.89661	878.73334
836.90857	881.38837
836.92053	880.16052
836.93243	877.591
836.9444	876.46112
836.9563	880.12494
836.96826	880.56616
836.98016	877.26184
836.99213	879.72687
837.00403	877.55963
837.01599	875.58563
837.02795	877.99261
837.03986	875.31305
837.05182	878.80817
837.06372	879.85266
837.07568	876.6272
837.08759	876.42828
837.09955	878.58728
837.11151	878.43274
837.12341	878.01123
837.13538	877.15228
837.14728	874.284
837.15924	878.18604
837.17114	878.53943
837.18311	875.77185
837.19501	875.71362
837.20697	875.32422
837.21893	875.68677
837.23083	876.70172
837.2428	877.17279
837.2547	874.12152
837.26666	874.71173
837.27856	874.83789
837.29053	875.31073
837.30243	874.2381
837.31439	875.10541
837.32635	874.18005
837.33826	873.38147
837.35022	875.62054
837.36212	877.02332
837.37408	875.95776
837.38599	876.76959
837.39795	876.32141
837.40991	873.88708
837.42181	874.19843
837.43378	873.85864
837.44568	872.77783
837.45764	874.94525
837.46954	875.86255
837.48151	876.96167
837.49341	874.6684
837.50537	873.99707
837.51733	876.69025
837.52924	874.04102
837.5412	874.43927
837.5531	873.88202
837.56506	875.80054
837.57697	873.19281
837.58893	874.80072
837.60083	874.38647
837.61279	876.19733
837.62476	877.16772
837.63666	877.3717
837.64862	875.33289
837.66052	873.57654
837.67249	876.93738
837.68439	874.76105
837.69635	874.89368
837.70831	875.0473
837.72021	876.30164
837.73218	875.547
837.74408	875.15472
837.75604	873.23834
837.76794	871.26862
837.77991	874.37341
837.79181	872.71753
837.80377	875.20654
837.81573	874.42743
837.82764	874.12793
837.8396	874.4718
837.8515	875.41595
837.86346	875.74438
837.87537	875.37799
837.88733	875.67603
837.89923	875.26416
837.91119	874.64087
837.92316	873.96222
837.93506	875.71033
837.94702	876.8634
837.95892	874.93097
837.97089	873.16577
837.98279	872.85968
837.99475	876.16998
838.00671	875.96783
838.01862	879.27625
838.03058	875.81305
838.04248	874.13696
838.05444	874.83386
838.06635	876.31732
838.07831	876.13159
838.09021	875.88678
838.10217	875.83118
838.11414	873.55768
838.12604	872.38031
838.138	871.96033
838.1499	874.81555
838.16187	871.56055
838.17377	872.27441
838.18573	875.43103
838.19763	874.78528
838.20959	874.4184
838.22156	874.40564
838.23346	875.22986
838.24542	874.55975
838.25732	874.00067
838.26929	874.68872
838.28119	876.47559
838.29315	876.76782
838.30511	876.664
838.31702	874.84924
838.32898	874.80194
838.34088	874.21375
838.35284	873.69977
838.36475	875.42163
838.37671	874.37427
838.38861	876.922
838.40057	875.75226
838.41254	876.25861
838.42444	874.42847
838.4364	874.5531
838.4483	874.45782
838.46027	876.71484
838.47217	877.39551
838.48413	876.32855
838.49603	874.95258
838.508	877.18018
838.51996	876.09924
838.53186	872.0993
838.54382	875.11755
838.55573	875.90985
838.56769	875.01196
838.57959	874.06458
838.59155	874.25098
838.60352	875.42499
838.61542	875.35699
838.62738	875.84937
838.63928	874.43176
838.65125	872.39069
838.66315	876.44098
838.67511	873.7818
838.68701	875.92249
838.69897	876.21045
838.71094	877.34796
838.72284	874.12323
838.7348	873.12433
838.7467	871.80511
838.75867	871.2699
838.77057	874.83655
838.78253	875.66626
838.79443	876.21875
838.8064	873.25647
838.81836	874.92438
838.83026	876
838.84222	877.79388
838.85413	873.64703
838.86609	875.13129
838.87799	875.71045
838.88995	874.18707
838.90186	876.19916
838.91382	877.92603
838.92578	875.05847
838.93768	873.71252
838.94965	872.33282
838.96155	871.69623
838.97351	872.76733
838.98541	873.57513
838.99738	874.6955
839.00934	876.41626
839.02124	874.97168
839.0332	875.01184
839.0451	872.50897
839.05707	873.6861
839.06897	877.83118
839.08093	873.74597
839.09283	876.45483
839.1048	877.83398
839.11676	878.25116
839.12866	876.50378
839.14063	875.41376
839.15253	875.98566
839.16449	875.94702
839.17639	877.948
839.18835	875.00696
839.20026	876.89948
839.21222	876.20258
839.22418	876.01599
839.23608	877.50043
839.24805	871.4032
839.25995	873.87769
839.27191	877.31317
839.28381	875.07098
839.29578	875.04547
839.30774	875.62122
839.31964	875.23193
839.3316	875.21851
839.34351	873.98071
839.35547	874.18597
839.36737	870.8205
839.37933	875.17578
839.39124	873.74829
839.4032	874.35291
839.41516	875.53308
839.42706	875.35693
839.43903	876
839.45093	876.11743
839.46289	876.50409
839.47479	876.28027
839.48676	876.03174
839.49866	874.99731
839.51062	874.53009
839.52258	874.99548
839.53448	876.4693
839.54645	871.79144
839.55835	873.06628
839.57031	874.94037
839.58221	874.88727
839.59418	873.604
839.60614	872.94946
839.61804	873.62714
839.63	874.97797
839.64191	874.87073
839.65387	874.16016
839.66577	872.3869
839.67773	873.85461
839.68964	875.7182
839.7016	877.047
839.71356	874.17218
839.72546	875.03174
839.73743	874.7406
839.74933	873.66229
839.76129	873.55505
839.77319	875.00903
839.78516	873.64752
839.79706	876.25873
839.80902	875.95563
839.82098	876.27753
839.83289	875.81647
839.84485	871.78351
839.85675	873.1734
839.86871	872.73859
839.88062	876.78613
839.89258	875.35596
839.90454	875.15918
839.91644	875.10144
839.92841	876.62329
839.94031	876.2453
839.95227	874.72485
839.96417	875.37396
839.97614	875.74219
839.98804	875.71332
840	875.74182
