807.42932	861.50586
807.43341	880.50586
807.4375	890.50586
807.44153	887.50586
807.44562	890.50586
807.44971	899.50586
807.4538	885.50586
807.45789	895.50586
807.46198	888.50586
807.46606	895.50586
807.47015	897.50586
807.47418	893.50586
807.47827	885.50586
807.48236	889.50586
807.48645	886.50586
807.49054	892.50586
807.49463	900.50586
807.49872	902.50586
807.50275	900.50586
807.50684	904.50586
807.51093	899.50586
807.51501	899.50586
807.5191	895.50586
807.52319	893.50586
807.52728	905.50586
807.53131	889.50586
807.5354	893.50586
807.53949	901.50586
807.54358	901.50586
807.54767	901.50586
807.55176	893.50586
807.55579	914.50586
807.55988	903.50586
807.56396	907.50586
807.56805	893.50586
807.57214	895.50586
807.57623	899.50586
807.58026	887.50586
807.58435	912.50586
807.58844	906.50586
807.59253	907.50586
807.59662	899.50586
807.60065	897.50586
807.60474	893.50586
807.60883	898.50586
807.61292	910.50586
807.617	916.50586
807.62109	906.50586
807.62512	905.50586
807.62921	916.50586
807.6333	930.50586
807.63739	938.50586
807.64148	947.50586
807.64551	998.50586
807.6496	1069.5059
807.65369	1190.5059
807.65778	1429.5059
807.66187	2055.5059
807.66589	3512.6582
807.66998	6173.1523
807.67407	9833.6582
807.67816	14179.158
807.68225	17492.658
807.68628	19102.658
807.69037	19813.506
807.69446	20004.506
807.69855	19987.158
807.70264	20014.658
807.70667	19580.658
807.71075	19531.158
807.71484	19406.658
807.71893	19381.658
807.72296	19125.158
807.72705	19088.652
807.73114	18831.658
807.73523	18730.506
807.73932	18597.658
807.74335	18489.158
807.74744	18287.658
807.75153	18093.158
807.75562	17948.158
807.75964	17994.158
807.76373	17722.158
807.76782	17630.658
807.77191	17486.158
807.77594	17258.658
807.78003	17247.158
807.78412	17171.158
807.78821	16888.652
807.79224	16844.658
807.79633	16680.158
807.80042	16429.158
807.8045	16297.658
807.80853	16131.158
807.81262	16118.658
807.81671	16083.158
807.8208	15948.158
807.82483	15712.158
807.82892	15641.658
807.83301	15431.658
807.8371	15332.158
807.84113	15164.658
807.84521	14970.158
807.8493	14917.158
807.85339	14866.658
807.85742	14839.658
807.86151	14845.158
807.8656	14639.158
807.86969	14503.158
807.87372	14268.658
807.87781	14288.152
807.8819	14062.158
807.88593	14150.652
807.89001	14047.152
807.8941	14002.158
807.89819	13911.158
807.90222	13850.158
807.90631	13879.158
807.9104	13919.658
807.91443	13770.658
807.91852	13851.652
807.92261	13876.158
807.9267	13747.158
807.93073	13752.652
807.93481	13775.152
807.9389	13772.652
807.94293	13868.658
807.94702	13832.658
807.95111	13888.158
807.9552	13798.506
807.95923	13724.652
807.96332	13860.652
807.96741	13922.652
807.97144	13937.152
807.97552	14064.152
807.97961	14078.158
807.98364	14061.506
807.98773	14310.5
807.99182	14231.652
807.99585	14283.152
807.99994	14509
808.00403	14439.152
808.00806	14606.152
808.01215	14719.652
808.01624	14897.652
808.02026	14983.652
808.02435	15116.652
808.02844	15163.152
808.03253	15294.652
808.03656	15444.158
808.04065	15370.652
808.04474	15597.652
808.04877	15665.152
808.05286	15928.658
808.05695	15860.158
808.06097	16057.152
808.06506	16155.152
808.06915	16212.158
808.07318	16245.158
808.07727	16562.158
808.0813	16536.152
808.08539	16647.506
808.08948	16693.158
808.09351	16797.158
808.0976	16711.506
808.10168	16729.658
808.10571	16872.152
808.1098	16883.658
808.11389	16829.652
808.11792	17066.5
808.12201	17019.658
808.1261	16833.506
808.13013	16924.652
808.13422	16896.658
808.13831	16786.658
808.14233	16733.152
808.14642	16567.158
808.15045	16543.652
808.15454	16364.652
808.15863	16328.152
808.16266	16174.152
808.16675	15977.506
808.17084	15911.152
808.17487	15666.158
808.17896	15686.506
808.18298	15394.506
808.18707	15300.506
808.19116	15019.658
808.19519	14721.506
808.19928	14690.652
808.20337	14529.506
808.2074	14408.652
808.21149	14255.506
808.21552	13940.506
808.2196	13788.652
808.22369	13614.506
808.22772	13256.506
808.23181	13176.658
808.23584	12880.152
808.23993	12708.652
808.24402	12483.5
808.24805	12260.5
808.25214	12080
808.25616	11716.506
808.26025	11511.652
808.26434	11227.506
808.26837	11070.158
808.27246	10799.158
808.27649	10527.506
808.28058	10210.652
808.28461	9970.5059
808.2887	9702.6582
808.29279	9500.5059
808.29681	9339.5059
808.3009	8980.5059
808.30493	8825.6523
808.30902	8667.1523
808.31311	8367.1523
808.31714	8057.5059
808.32123	7958.5059
808.32526	7753.5059
808.32935	7613.1582
808.33337	7434.5059
808.33746	7280.5059
808.34155	7072.5
808.34558	6908
808.34967	6794.6523
808.3537	6607.6582
808.35779	6577.6582
808.36182	6398.6582
808.36591	6289.5059
808.36993	6211.1582
808.37402	6035.6582
808.37811	5916.5
808.38214	5770
808.38623	5676.5059
808.39026	5590.5
808.39435	5507.6523
808.39838	5431.6582
808.40247	5336.1523
808.40649	5133.5059
808.41058	5125.5059
808.41461	5039.1582
808.4187	5035
808.42279	4923.5059
808.42682	4884
808.43091	4758.6523
808.43494	4735.6523
808.43903	4593.5059
808.44305	4556.5059
808.44714	4488.5
808.45117	4457
808.45526	4441.1582
808.45929	4318.1523
808.46338	4344.5
808.46741	4242.5059
808.4715	4169.1523
808.47552	4115.5059
808.47961	4131.5059
808.48364	4095.5059
808.48773	4010
808.49182	3988
808.49585	3972.1523
808.49994	3929.6523
808.50397	3916.5
808.50806	3892.1523
808.51208	3865.5059
808.51617	3885.5
808.5202	3699.5059
808.52429	3708.5059
808.52832	3733.5
808.53241	3708.5059
808.53644	3666.5
808.54053	3663.6523
808.54456	3637.1523
808.54865	3518.6523
808.55267	3530.1523
808.55676	3538.1582
808.56079	3556
808.56488	3426.5059
808.56891	3448.5059
808.573	3392.5059
808.57703	3449.5059
808.58105	3408.5059
808.58514	3327.5059
808.58917	3324.5059
808.59326	3333.5059
808.59729	3400.1523
808.60138	3357.5
808.60541	3246.5059
808.6095	3251.5059
808.61353	3295.5059
808.61761	3301
808.62164	3336.5059
808.62573	3268.5
808.62976	3238.1523
808.63385	3240.6523
808.63788	3248.6523
808.64197	3207.1523
808.646	3235.5
808.65002	3259.1523
808.65411	3191
808.65814	3211.1523
808.66223	3260.5059
808.66626	3222.5059
808.67035	3182.5059
808.67438	3195.6523
808.67847	3203.6582
808.6825	3202.5059
808.68658	3210.6523
808.69061	3215
808.69464	3215.5059
808.69873	3218.5
808.70276	3242.1523
808.70685	3198.5059
808.71088	3159.5059
808.71497	3090.5059
808.71899	3074.5059
808.72308	3054
808.72711	3133.1523
808.73114	3100.5059
808.73523	3205.6523
808.73926	3230.6523
808.74335	3200.1523
808.74738	3214.6523
808.75146	3185.5
808.75549	3110
808.75952	3036.5059
808.76361	2919.5059
808.76764	3002
808.77173	2925.5059
808.77576	3085.1523
808.77979	3113.5059
808.78387	3228.6523
808.7879	3270.5059
808.79199	3355.6523
808.79602	3321.1523
808.80011	3363
808.80414	3326.6523
808.80817	3387.6523
808.81226	3335.6523
808.81628	3376.6523
808.82037	3421.1523
808.8244	3396.5
808.82843	3459.5059
808.83252	3397.5
808.83655	3458.5
808.84064	3433.5059
808.84467	3512.5
808.84869	3525.5
808.85278	3554.1523
808.85681	3579.1523
808.86084	3634.6523
808.86493	3673.5059
808.86896	3596.5059
808.87305	3565.6523
808.87708	3610.5059
808.8811	3682.5
808.88519	3756
808.88922	3749.6582
808.89331	3710.5059
808.89734	3728.5059
808.90137	3877.5059
808.90546	3876.5059
808.90948	3965.1523
808.91351	3956.1523
808.9176	4048
808.92163	4068.5059
808.92566	4188.6523
808.92975	4203.5059
808.93378	4175.5059
808.93787	4292.5059
808.94189	4348.6523
808.94592	4421.1523
808.95001	4443
808.95404	4515.5
808.95807	4576.1523
808.96216	4652.5
808.96619	4729.6523
808.97021	4770.6582
808.9743	4870.5
808.97833	4940.5
808.98236	4978.6523
808.98645	5094.1523
808.99048	5153.6523
808.99451	5170.5059
808.9986	5319.6523
809.00262	5351.6523
809.00665	5567.1523
809.01074	5612
809.01477	5705.1523
809.0188	5794
809.02289	5937.1523
809.02692	6097.1523
809.03094	6216.1523
809.03503	6300.6523
809.03906	6460.6523
809.04309	6675.6523
809.04718	6815.6523
809.05121	6943.1523
809.05524	7124.5
809.05933	7312
809.06335	7509.6523
809.06738	7801.1582
809.07147	7936.6523
809.0755	8126.6523
809.07953	8343.6523
809.08362	8571.1523
809.08765	8798.6523
809.09167	9020.6523
809.09576	9327.1523
809.09979	9512.1523
809.10382	9792.1523
809.10785	10114.652
809.11194	10400.652
809.11597	10686.152
809.12	11001.152
809.12408	11382.152
809.12811	11733.152
809.13214	12095.652
809.13623	12489.152
809.14026	12875.652
809.14429	13403
809.14832	13749.152
809.1524	14185.652
809.15643	14588.152
809.16046	15104.652
809.16455	15526.152
809.16858	15988.652
809.17261	16397.152
809.17664	16902.652
809.18073	17087.652
809.18475	17587.652
809.18878	17797.152
809.19281	18233.152
809.1969	18294.652
809.20093	18720.652
809.20496	18853.652
809.20905	19116.5
809.21307	18944.152
809.2171	19194.652
809.22113	19028.652
809.22522	18999.152
809.22925	19087.5
809.23328	18835.506
809.2373	18699
809.24139	18478.152
809.24542	18343
809.24945	18088.506
809.25348	17821.5
809.25757	17559.652
809.2616	17171.652
809.26563	16961
809.26965	16484.152
809.27374	16272.652
809.27777	15729
809.2818	15398.152
809.28583	15109.5
809.28992	14721.652
809.29395	14308.5
809.29797	13898
809.302	13414.506
809.30603	13040.652
809.31012	12699.5
809.31415	12418
809.31818	12202
809.3222	11824.5
809.32629	11389
809.33032	11195.152
809.33435	10931.5
809.33838	10765
809.34247	10389.152
809.3465	10148.652
809.35052	9974.1523
809.35455	9717.1523
809.35858	9493.1523
809.36267	9280.6523
809.3667	9119
809.37073	9016.5059
809.37476	8945.6523
809.37878	8653.6523
809.38287	8448.6523
809.3869	8390
809.39093	8109.5059
809.39496	7974.5
809.39899	7748
809.40308	7587.5
809.4071	7406.5059
809.41113	7212.1523
809.41516	7099.6523
809.41919	6914.6523
809.42328	6702
809.42731	6577
809.43134	6242.5
809.43536	6190.5
809.43939	5935
809.44348	5759
809.44751	5543
809.45154	5466
809.45557	5291.5
809.45959	5109.5
809.46362	4923.5059
809.46771	4782.5059
809.47174	4751.6523
809.47577	4524
809.4798	4458.5
809.48383	4376.5059
809.48792	4253
809.49194	4127.6523
809.49597	4001.5059
809.5	3935.5059
809.50403	3911.1523
809.50806	3788
809.51208	3710.5059
809.51617	3589.5059
809.5202	3534.1523
809.52423	3378.5
809.52826	3345.5059
809.53229	3307
809.53632	3261.6523
809.54041	3137.5059
809.54443	3116.5059
809.54846	3022.6523
809.55249	2914.5059
809.55652	2860.5059
809.56055	2873.5
809.56458	2762.5
809.56866	2702.5
809.57269	2694.5059
809.57672	2662.5059
809.58075	2568
809.58478	2561.5059
809.58881	2505.5059
809.59283	2453.5059
809.59692	2486.5
809.60095	2403.5059
809.60498	2342.5059
809.60901	2351.5
809.61304	2344.5
809.61707	2242.5059
809.62109	2232.1582
809.62512	2206.5059
809.62921	2197.5059
809.63324	2171.5059
809.63727	2125.5059
809.6413	2127.5059
809.64532	2136
809.64935	2088.5
809.65338	1994.5059
809.65741	2061
809.66144	1987
809.66553	1937.1582
809.66956	1879.5059
809.67358	1893.5059
809.67761	1922.5059
809.68164	1894
809.68567	1855
809.6897	1837.5059
809.69373	1724.5059
809.69775	1815.5059
809.70178	1828.5
809.70587	1728.5059
809.7099	1744.5059
809.71393	1762.6523
809.71796	1723.5059
809.72198	1713
809.72601	1663.5059
809.73004	1645.5059
809.73407	1670.5
809.7381	1668
809.74213	1660.6523
809.74615	1598.5059
809.75018	1629.5
809.75427	1624.5059
809.7583	1598.5059
809.76233	1592.5059
809.76636	1582.5059
809.77039	1554
809.77441	1524.5059
809.77844	1528.5059
809.78247	1522.5059
809.7865	1491.5059
809.79053	1482.5059
809.79456	1486.5059
809.79858	1495.5059
809.80261	1498.5059
809.80664	1464.5
809.81067	1455.5059
809.81476	1423.5059
809.81879	1470.5059
809.82281	1400.5059
809.82684	1419.5059
809.83087	1409.5059
809.8349	1398.5
809.83893	1416.5059
809.84296	1384.1523
809.84698	1387.5059
809.85101	1383.5059
809.85504	1340.5059
809.85907	1326.5059
809.8631	1371.1582
809.86713	1363.5059
809.87115	1355.5059
809.87518	1372.5
809.87921	1329.5059
809.88324	1357
809.88727	1298.5059
809.8913	1314
809.89532	1326.5059
809.89935	1298.5059
809.90338	1291.5059
809.90741	1298.5059
809.91144	1295
809.91547	1298.5059
809.91949	1305.5059
809.92352	1282.5059
809.92761	1258.5059
809.93164	1279.5059
809.93567	1273.5059
809.9397	1241.5059
809.94373	1286.5059
809.94775	1248.5059
809.95178	1239.5059
809.95581	1212.5059
809.95984	1223.5059
809.96387	1217.5059
809.9679	1226.5059
809.97192	1213.5059
809.97595	1217.5059
809.97998	1211.5059
809.98401	1223
809.98804	1235.5059
809.99207	1228.6523
809.99609	1227.5059
810.00012	1226.5
810.00415	1186.5059
810.00818	1192.5059
810.01221	1196.5059
810.01617	1183.5
810.0202	1199.5059
810.02423	1200.5059
810.02826	1200.5
810.03229	1153.5059
810.03632	1148.5059
810.04034	1179.5059
810.04437	1153.5059
810.0484	1166.5059
810.05243	1177
810.05646	1178
810.06049	1137.5059
810.06451	1160.5059
810.06854	1155.5059
810.07257	1146.5
810.0766	1178.5
810.08063	1159.5059
810.08466	1128.5059
810.08868	1167.5059
810.09271	1156.5059
810.09674	1153.1582
810.10077	1106.5059
810.1048	1134.5
810.10883	1121.5059
810.11285	1136.5059
810.11688	1109.5059
810.12091	1106.5059
810.12494	1126.5059
810.12891	1138.5059
810.13293	1129.5059
810.13696	1130.5
810.14099	1125
810.14502	1116.5059
810.14905	1120.5059
810.15308	1099.5059
810.1571	1115.6523
810.16113	1080.5059
810.16516	1096.5059
810.16919	1099.5059
810.17322	1086.5059
810.17725	1099.5
810.18127	1077.5059
810.1853	1089.5059
810.18927	1085.5
810.1933	1068.5059
810.19733	1093.5059
810.20135	1052.5059
810.20538	1083.5
810.20941	1085.5059
810.21344	1084.5059
810.21747	1074
810.2215	1052.5059
810.22552	1050.5059
810.22955	1045.5059
810.23358	1065.5059
810.23755	1035.5059
810.24158	1063.5059
810.24561	1041.5059
810.24963	1058.5059
810.25366	1046.5059
810.25769	1060.5059
810.26172	1060.5059
810.26575	1049.5059
810.26978	1053.5059
810.2738	1027.5059
810.27777	1060.5059
810.2818	1037.5059
810.28583	1046.5059
810.28986	1039.5059
810.29388	1039.5059
810.29791	1017.5059
810.30194	1021.5059
810.30597	1042.5059
810.31	1013.5059
810.31396	1019.5059
810.31799	1025.5059
810.32202	1020.5059
810.32605	1018.5059
810.33008	1026.5059
810.33411	1014.5059
810.33813	1033.5
810.34216	1019.5059
810.34613	1018.5059
810.35016	1013.5059
810.35419	1014.5059
810.35822	997.50586
810.36224	1015.5059
810.36627	1006.5059
810.3703	1025.5059
810.37427	1014.5
810.3783	1010.5059
810.38232	997.50586
810.38635	1024.5
810.39038	1009.5059
810.39441	995.50586
810.39844	988.50586
810.4024	1008.5059
810.40643	1008.5
810.41046	985.50586
810.41449	994.50586
810.41852	1006.5059
810.42255	999.50586
810.42651	1004.5059
810.43054	987.50586
810.43457	986.50586
810.4386	990.50586
810.44263	1012.5059
810.44666	971.50586
810.45062	984.50586
810.45465	975.50586
810.45868	1000.5059
810.46271	997.50586
810.46674	986.50586
810.47076	964.50586
810.47473	972.50586
810.47876	969.50586
810.48279	969.50586
810.48682	972.50586
810.49084	987.50586
810.49487	981.50586
810.49884	987.50586
810.50287	980.50586
810.5069	986.50586
810.51093	963.50586
810.51495	974.50586
810.51892	975.50586
810.52295	982.50586
810.52698	993.50586
810.53101	974.50586
810.53503	976.50586
810.539	1000.5
810.54303	963.50586
810.54706	971.50586
810.55109	965.50586
810.55511	962.50586
810.55908	952.50586
810.56311	972.50586
810.56714	947.50586
810.57117	964.50586
810.5752	978
810.57916	972.50586
810.58319	980.50586
810.58722	949.50586
810.59125	968.50586
810.59521	956.50586
810.59924	961.50586
810.60327	971.50586
810.6073	964.50586
810.61133	974.50586
810.6153	989.50586
810.61932	966.50586
810.62335	956.50586
810.62738	972.50586
810.63135	958.50586
810.63538	947.50586
810.6394	947.50586
810.64343	951.50586
810.64746	951.50586
810.65143	963.50586
810.65546	950.50586
810.65948	941.50586
810.66351	966.50586
810.66748	953.50586
810.67151	963.50586
810.67554	956.50586
810.67957	968.50586
810.68353	961.50586
810.68756	957.50586
810.69159	947.50586
810.69562	948.50586
810.69958	966.50586
810.70361	964.50586
810.70764	956.50586
810.71167	950.50586
810.71564	956.50586
810.71967	951.50586
810.72369	939.50586
810.72766	937.50586
810.73169	947.50586
810.73572	964
810.73975	939.50586
810.74371	947.50586
810.74774	936.50586
810.75177	948.50586
810.7558	942.50586
810.75977	930.50586
810.76379	936.50586
810.76782	929.50586
810.77179	942.50586
810.77582	956.5
810.77985	934.50586
810.78387	945.50586
810.78784	942.50586
810.79187	932.50586
810.7959	933.50586
810.79987	935.50586
810.80389	931.50586
810.80792	936.50586
810.81195	933.50586
810.81592	940.50586
810.81995	929.50586
810.82397	945.50586
810.82794	944
810.83197	928.50586
810.836	941.50586
810.83997	939.50586
810.84399	939.50586
810.84802	916.50586
810.85199	923.50586
810.85602	942.50586
810.86005	926.50586
810.86407	929.50586
810.86804	939.50586
810.87207	934.50586
810.8761	922.50586
810.88007	931.50586
810.88409	939.50586
810.88812	931.50586
810.89209	923.50586
810.89612	930.50586
810.90015	931.50586
810.90411	934.50586
810.90814	917.50586
810.91217	922.50586
810.91614	931.50586
810.92017	926.50586
810.92419	938.50586
810.92816	939.50586
810.93219	931.50586
810.93622	937.50586
810.94019	925.50586
810.94421	933.50586
810.94824	917.50586
810.95221	914.50586
810.95624	941.50586
810.96027	929.50586
810.96423	918.50586
810.96826	936.50586
810.97229	921.50586
810.97626	924.50586
810.98029	908.50586
810.98425	920.50586
810.98828	924.50586
810.99231	924.50586
810.99628	929.50586
811.00031	929.50586
811.00433	905.50586
811.0083	931.50586
811.01233	922.50586
811.01636	930
811.02032	912.50586
811.02435	916.50586
811.02832	916.50586
811.03235	915.50586
811.03638	922.50586
811.04034	929.50586
811.04437	924.50586
811.0484	908.50586
811.05237	915.50586
811.0564	920.50586
811.06036	924.50586
811.06439	920.50586
811.06842	926.50586
811.07239	915.50586
811.07642	923.50586
811.08038	926.50586
811.08441	908.50586
811.08844	918.50586
811.09241	914.50586
811.09644	917.50586
811.1004	929.5
811.10443	913.50586
811.10846	918
811.11243	919.50586
811.11646	911.50586
811.12042	914.50586
811.12445	913.50586
811.12848	908.50586
811.13245	914.50586
811.13647	916.50586
811.14044	903.50586
811.14447	903.50586
811.1485	910.50586
811.15247	907.50586
811.15649	914.50586
811.16046	916.50586
811.16449	916.50586
811.16852	912.50586
811.17249	912.50586
811.17651	924.50586
811.18048	918.50586
811.18451	924.50586
811.18848	906.50586
811.1925	924
811.19653	910.50586
811.2005	917.50586
811.20453	915.50586
811.2085	901.50586
811.21252	902.50586
811.21649	909.50586
811.22052	912.50586
811.22449	904.50586
811.22852	910.50586
811.23254	916.50586
811.23651	913.50586
811.24054	902.50586
811.24451	912.50586
811.24854	901.50586
811.2525	902.50586
811.25653	919.50586
811.2605	902.50586
811.26453	914.50586
811.26849	919.50586
811.27252	905.50586
811.27655	908.50586
811.28052	907.50586
811.28455	908.50586
811.28851	906.50586
811.29254	897.50586
811.29651	910.50586
811.30054	912.50586
811.3045	897.50586
811.30853	904.50586
811.3125	905.50586
811.31653	903.50586
811.3205	896.50586
811.32452	896.50586
811.32849	904.50586
811.33252	907.50586
811.33649	906.50586
811.34052	899.50586
811.34454	892.50586
811.34851	884.50586
811.35254	884.50586
811.35651	870.50586
811.36053	867.50586
811.3645	871.50586
811.36853	870.50586
811.3725	864.50586
811.37653	867.50586
811.38049	869.50586
811.38452	876.50586
811.38849	862.50586
811.39252	870.50586
811.39648	869.50586
811.40051	861.50586
811.40448	866.50586
811.40851	870.50586
811.41248	861.50586
811.4165	866.50586
811.42047	869.50586
811.4245	870.50586
811.42847	872.50586
811.43243	863.50586
811.43646	869.50586
811.44043	871.50586
811.44446	865.50586
811.44843	871.50586
811.45245	868.50586
811.45642	869.50586
811.46045	870.50586
811.46442	872.50586
811.46844	872.50586
811.47241	870.50586
811.47644	865.50586
811.48041	870.50586
811.48444	869.50586
811.4884	870.50586
811.49243	866.50586
811.4964	863.50586
811.50037	873.50586
811.50439	872.50586
811.50836	874.50586
811.51239	872.50586
811.51636	873.50586
811.52039	875.50586
811.52435	867.50586
811.52838	876.50586
811.53235	868.50586
811.53638	874.50586
811.54034	869.50586
811.54431	866.50586
811.54834	867.50586
811.55231	866.50586
811.55634	870.50586
811.5603	868.50586
