800.14508	873.97931
800.15717	872.81732
800.16931	872.3327
800.1814	872.43616
800.19348	871.5932
800.20557	871.68451
800.21765	872.87665
800.22974	872.72589
800.24182	874.19653
800.25391	873.05756
800.26605	872.7334
800.27814	873.62341
800.29022	873.93298
800.30231	873.88715
800.31439	872.79907
800.32648	872.53094
800.33856	873.79553
800.35065	871.2149
800.36273	873.31995
800.37488	873.87805
800.38696	873.5528
800.39905	873.47467
800.41113	873.33002
800.42322	873.63367
800.4353	873.4176
800.44739	871.96393
800.45947	871.89252
800.47156	873.21429
800.4837	873.24017
800.49579	873.453
800.50787	873.28851
800.51996	872.8833
800.53204	873.56555
800.54413	872.79535
800.55621	874.14844
800.5683	875.12408
800.58038	874.01257
800.59253	873.68634
800.60461	871.86011
800.6167	871.8941
800.62878	872.62592
800.64087	875.42957
800.65295	875.00616
800.66504	872.89777
800.67712	871.47955
800.68921	873.10596
800.70135	873.35876
800.71344	872.09448
800.72552	873.93219
800.73761	873.05524
800.74969	872.98578
800.76178	872.961
800.77386	873.06976
800.78595	872.79724
800.7981	872.26605
800.81018	873.83893
800.82227	874.82941
800.83435	873.52246
800.84644	873.5235
800.85852	874.02612
800.87061	873.17328
800.88269	873.8147
800.89478	874.33807
800.90692	873.28723
800.91901	872.63275
800.93109	873.54669
800.94318	873.04669
800.95526	875.28412
800.96735	874.14746
800.97943	872.99475
800.99152	872.84308
801.0036	874.03448
801.01575	873.96729
801.02783	874.53662
801.03992	873.27936
801.052	871.76929
801.06409	873.89832
801.07617	873.84637
801.08826	874.81421
801.10034	873.97913
801.11243	872.46356
801.12457	873.25067
801.13666	872.65814
801.14874	873.66461
801.16083	874.68207
801.17291	872.06537
801.185	871.60114
801.19708	874.24536
801.20917	875.20007
801.22125	874.72498
801.2334	873.6416
801.24548	873.88275
801.25757	873.76117
801.26965	872.69958
801.28174	874.7243
801.29382	873.96863
801.30591	873.53345
801.31799	872.25891
801.33014	874.92322
801.34222	871.57745
801.35431	873.64856
801.36639	874.44568
801.37848	874.68622
801.39056	874.39008
801.40265	873.72998
801.41473	873.85291
801.42682	873.64093
801.43896	873.64038
801.45105	873.40332
801.46313	873.94641
801.47522	872.81799
801.4873	873.45605
801.49939	873.9823
801.51147	874.98853
801.52356	874.25549
801.53564	873.37415
801.54779	874.61676
801.55988	874.7865
801.57196	874.50012
801.58405	875.55426
801.59613	875.03912
801.60822	874.57214
801.6203	875.63068
801.63239	874.08673
801.64447	873.31781
801.65662	872.29596
801.6687	873.54437
801.68079	875.10577
801.69287	875.09882
801.70496	874.6369
801.71704	873.95306
801.72913	875.44232
801.74121	874.77771
801.7533	875.10413
801.76544	873.71777
801.77753	873.39752
801.78961	874.59723
801.8017	874.74573
801.81378	875.73694
801.82587	875.1969
801.83795	875.51141
801.85004	874.40747
801.86218	874.79016
801.87427	874.88147
801.88635	875.65582
801.89844	873.78424
801.91052	873.92419
801.92261	874.81708
801.93469	874.92731
801.94678	875.58081
801.95886	875.71783
801.97101	875.27747
801.98309	874.44965
801.99518	874.54742
802.00726	875.8927
802.01935	876.81482
802.03143	874.82507
802.04352	876.45544
802.0556	876.50098
802.06769	874.50256
802.07983	875.79572
802.09192	877.66083
802.104	875.87213
802.11609	873.98486
802.12817	875.81317
802.14026	875.65302
802.15234	875.53455
802.16443	876.23535
802.17651	874.71936
802.18866	874.80908
802.20074	876.10931
802.21283	875.95111
802.22491	876.14496
802.237	876.10992
802.24908	876.45819
802.26117	876.67847
802.27325	875.75623
802.28534	875.73529
802.29749	876.97589
802.30957	876.39795
802.32166	877.08398
802.33374	877.89441
802.34583	878.16791
802.35791	877.8125
802.37	876.7132
802.38208	876.58655
802.39423	876.85748
802.40631	877.6825
802.4184	878.43732
802.43048	878.28149
802.44257	877.98138
802.45465	877.99091
802.46674	880.42151
802.47882	879.29773
802.49091	876.52631
802.50305	877.74243
802.51514	874.98834
802.52722	878.23987
802.53931	878.69354
802.55139	878.38385
802.56348	876.7099
802.57556	876.68323
802.58765	878.93915
802.59973	879.76715
802.61188	879.35272
802.62396	877.63477
802.63605	879.5697
802.64813	878.30365
802.66022	879.83698
802.6723	879.18353
802.68439	877.84967
802.69647	876.17004
802.70856	877.13696
802.7207	877.81592
802.73279	876.67908
802.74487	878.3255
802.75696	879.34503
802.76904	879.71155
802.78113	880.1637
802.79321	881.01489
802.8053	880.42719
802.81738	878.75372
802.82953	879.21826
802.84161	879.86475
802.8537	880.69739
802.86578	881.76263
802.87787	881.40649
802.88995	880.9126
802.90204	878.10352
802.91412	880.64197
802.92627	880.78955
802.93835	878.8504
802.95044	880.77991
802.96252	881.84271
802.97461	882.50562
802.98669	879.85876
802.99878	881.52527
803.01086	877.74817
803.02295	883.87115
803.0351	881.89703
803.04718	881.17883
803.05927	877.4342
803.07135	879.95007
803.08344	879.25769
803.09552	881.3078
803.1076	882.58203
803.11969	883.01862
803.13177	879.60449
803.14392	878.52448
803.15601	880.23059
803.16809	880.52533
803.18018	881.23553
803.19226	881.42725
803.20435	881.49445
803.21643	881.23376
803.22852	881.20251
803.2406	882.71313
803.25275	883.23175
803.26483	881.83929
803.27692	880.8277
803.289	879.83838
803.30109	880.89075
803.31317	883.44702
803.32526	883.04175
803.33734	881.60162
803.34943	881.26099
803.36157	880.52594
803.37366	879.6474
803.38574	881.5238
803.39783	880.6405
803.40991	880.23157
803.422	879.31647
803.43408	882.64014
803.44617	881.89435
803.45831	881.27441
803.4704	881.26074
803.48248	880.32568
803.49457	882.53619
803.50665	880.5036
803.51874	882.05127
803.53082	881.40753
803.54291	882.09491
803.55499	881.0921
803.56714	881.34406
803.57922	882.96222
803.59131	879.63928
803.60339	879.17255
803.61548	881.11877
803.62756	880.62152
803.63965	882.29578
803.65173	879.15375
803.66382	878.78339
803.67596	878.87335
803.68805	878.9256
803.70013	879.29578
803.71222	880.86365
803.7243	880.68024
803.73639	880.6864
803.74847	879.05353
803.76056	878.87506
803.77264	878.81775
803.78479	879.36346
803.79688	880.14575
803.80896	880.46893
803.82104	880.72272
803.83313	879.90369
803.84521	879.26953
803.8573	878.85834
803.86938	879.01117
803.88147	880.25116
803.89362	881.18433
803.9057	880.43817
803.91779	878.83594
803.92987	879.73785
803.94196	880.50403
803.95404	878.91779
803.96613	877.98834
803.97821	876.91077
803.99036	878.41528
804.00244	879.39551
804.01453	879.13989
804.02661	879.80402
804.0387	878.64734
804.05078	877.93683
804.06287	877.91608
804.07495	879.89105
804.08704	881.33026
804.09918	880.33099
804.11127	877.45148
804.12335	876.4306
804.13544	879.23956
804.14752	879.73077
804.15961	878.79382
804.17169	879.7962
804.18378	878.68671
804.19586	878.9762
804.20801	877.78271
804.22009	880.1192
804.23218	877.85785
804.24426	879.35297
804.25635	880.11194
804.26843	878.85925
804.28052	877.85565
804.2926	878.24652
804.30469	878.24231
804.31683	877.14142
804.32892	878.2323
804.341	877.32745
804.35309	878.51923
804.36517	878.05615
804.37726	878.52496
804.38934	877.80273
804.40143	877.7038
804.41351	877.93475
804.42566	877.60217
804.43774	877.85345
804.44983	878.25385
804.46191	878.53522
804.474	877.75714
804.48608	877.0531
804.49817	876.91119
804.51025	877.08392
804.5224	877.95416
804.53448	878.54474
804.54657	878.8728
804.55865	878.06171
804.57074	877.55646
804.58282	876.98114
804.59491	876.53278
804.60699	878.36279
804.61908	877.71387
804.63123	877.97028
804.64331	877.38214
804.6554	877.9588
804.66748	878.94452
804.67957	878.48755
804.69165	878.60468
804.70374	877.8078
804.71582	877.22424
804.72791	877.31641
804.74005	879.11774
804.75214	877.48145
804.76422	878.57245
804.77631	878.55847
804.78839	878.15552
804.80048	877.29218
804.81256	877.01154
804.82465	876.0224
804.83673	876.39929
804.84888	877.0213
804.86096	876.35791
804.87305	875.69031
804.88513	876.3916
804.89722	876.04333
804.9093	876.68579
804.92139	877.45715
804.93347	877.94617
804.94556	877.45996
804.9577	876.64978
804.96979	876.26703
804.98187	876.29626
804.99396	875.21631
805.00604	876.65363
805.01813	876.22113
805.03021	875.57556
805.0423	876.24664
805.05444	876.68152
805.06653	876.70074
805.07861	876.42377
805.0907	876.69379
805.10278	877.62622
805.11487	877.58557
805.12695	876.87213
805.13904	876.92841
805.15112	876.48645
805.16327	875.49744
805.17535	876.21588
805.18744	876.65735
805.19952	876.12152
805.21161	875.84625
805.22369	876.03333
805.23578	876.5072
805.24786	877.02917
805.25995	875.73242
805.27209	876.5556
805.28418	875.90125
805.29626	876.30774
805.30835	877.33588
805.32043	876.45728
805.33252	875.73425
805.3446	875.90778
805.35669	878.31128
805.36877	876.97955
805.38092	878.22168
805.39301	877.73413
805.40509	876.58185
805.41718	875.70612
805.42926	875.08636
805.44135	876.14447
805.45343	876.2431
805.46552	876.28351
805.4776	876.87561
805.48975	876.95123
805.50183	876.29303
805.51392	876.22632
805.526	876.73108
805.53809	876.92633
805.55017	877.67548
805.56226	876.46033
805.57434	875.93683
805.58649	876.01019
805.59857	874.57373
805.61066	876.53265
805.62274	876.10083
805.63483	875.07031
805.64691	874.48499
805.659	875.06616
805.67108	875.60541
805.68317	876.8363
805.69531	877.10028
805.7074	876.73859
805.71948	876.92792
805.73157	876.54645
805.74365	875.82794
805.75574	876.22321
805.76782	876.10474
805.77991	875.27783
805.79199	876.112
805.80414	875.74945
805.81622	875.58459
805.82831	876.96869
805.84039	876.67584
805.85248	876.58984
805.86456	875.05316
805.87665	875.60742
805.88873	875.7832
805.90082	875.97125
805.91296	875.67725
805.92505	875.31158
805.93713	877.3927
805.94922	875.68872
805.9613	875.61444
805.97339	876.18427
805.98547	875.66589
805.99756	875.63208
806.00964	875.94568
806.02179	876.32703
806.03387	876.25159
806.04596	875.47748
806.05804	874.59821
806.07013	874.65375
806.08221	875.25854
806.0943	875.32013
806.10638	875.8241
806.11853	875.15118
806.13062	874.74438
806.1427	875.11194
806.15479	875.66754
806.16687	876.57813
806.17896	876.14789
806.19104	875.29095
806.20313	875.77631
806.21521	876.18793
806.22736	875.88733
806.23944	875.10767
806.25153	874.90588
806.26361	875.21259
806.2757	875.33929
806.28778	874.98199
806.29987	874.56335
806.31195	874.54681
806.32404	876.0033
806.33618	875.16779
806.34827	874.74231
806.36035	874.83704
806.37244	874.37604
806.38452	874.74762
806.39661	874.74738
806.40869	875.14636
806.42078	875.3634
806.43286	875.00873
806.44501	875.75537
806.45709	874.60205
806.46918	875.65045
806.48126	875.65088
806.49335	875.87927
806.50543	876.16052
806.51752	875.36102
806.5296	875.73096
806.54169	875.77637
806.55383	876.09589
806.56592	875.0224
806.578	875.617
806.59009	875.40387
806.60217	876.7879
806.61426	874.8114
806.62634	874.41687
806.63843	875.70978
806.65057	875.14471
806.66266	875.61151
806.67474	876.2464
806.68683	875.677
806.69891	875.1001
806.711	874.88885
806.72308	875.63153
806.73517	874.07715
806.74725	874.68384
806.7594	876.52655
806.77148	875.8468
806.78357	874.89203
806.79565	875.05908
806.80774	875.60706
806.81982	875.14136
806.83191	874.43604
806.84399	876.21204
806.85608	876.67029
806.86823	874.59058
806.88031	875.63043
806.8924	875.0697
806.90448	874.74573
806.91656	874.77319
806.92865	875.58691
806.94073	874.10712
806.95282	875.48889
806.9649	874.78564
806.97705	874.21576
806.98914	874.625
807.00122	874.41699
807.01331	874.45508
807.02539	875.26251
807.03748	875.021
807.04956	874.35455
807.06165	874.94354
807.07373	875.12616
807.08588	874.95337
807.09796	875.16937
807.11005	875.22992
807.12213	875.06738
807.13422	875.31415
807.1463	874.37274
807.15839	874.99774
807.17047	874.83289
807.18262	874.49347
807.1947	874.61182
807.20679	875.51746
807.21887	875.14551
807.23096	874.76086
807.24304	875.28723
807.25513	875.03442
807.26721	875.11243
807.2793	874.81415
807.29144	875.52002
807.30353	873.53705
807.31561	874.78864
807.3277	875.06396
807.33978	874.94763
807.35187	874.82556
807.36395	875.73102
807.37604	874.21381
807.38812	873.89764
807.40027	875.43213
807.41235	874.87415
807.42444	874.6167
807.43652	875.01233
807.44861	873.88544
807.46069	875.49384
807.47278	874.58301
807.48486	874.37885
807.49695	874.34125
807.50909	875.034
807.52118	874.75385
807.53326	875.09296
807.54535	874.97375
807.55743	875.32605
807.56952	875.15411
807.5816	873.88007
807.59369	874.53888
807.60577	874.30292
807.61792	875.15619
807.63	875.58136
807.64209	874.83582
807.65417	874.57648
807.66626	873.99707
807.67834	874.21411
807.69043	874.30438
807.70251	875.04724
807.71466	875.70374
807.72675	874.62311
807.73883	875.40045
807.75092	875.93927
807.763	875.29834
807.77509	873.96948
807.78717	874.10876
807.79926	874.59186
807.81134	875.27527
807.82349	874.48517
807.83557	873.71423
807.84766	873.79816
807.85974	874.93347
807.87183	874.51129
807.88391	873.70416
807.896	874.61389
807.90808	874.99377
807.92017	874.88513
807.93231	874.55768
807.9444	874.95129
807.95648	874.79462
807.96857	874.37482
807.98065	874.08447
807.99274	874.2677
808.00482	873.88971
808.01691	874.34113
808.02899	873.935
808.04114	874.46838
808.05322	874.27747
808.06531	875.0976
808.07739	875.15283
808.08948	873.89215
808.10156	874.33344
808.11365	874.67352
808.12573	875.55798
808.13782	875.61823
808.14996	874.92377
808.16205	875.41541
808.17413	875.08801
808.18622	874.18939
808.1983	874.82446
808.21039	874.56702
808.22247	874.49585
808.23456	874.61908
808.2467	874.46985
808.25879	875.06708
808.27087	874.88062
808.28296	874.60712
808.29504	874.67059
808.30713	874.83405
808.31921	875.20905
808.3313	875.33783
808.34338	874.79572
808.35553	875.11938
808.36761	874.7157
808.3797	875.27386
808.39178	875.45099
808.40387	874.11493
808.41595	873.95172
808.42804	874.63708
808.44012	874.04248
808.45221	874.36108
808.46436	875.15363
808.47644	874.00513
808.48853	874.28381
808.50061	874.46521
808.5127	874.81641
808.52478	874.80328
808.53687	874.27869
808.54895	874.40863
808.56104	875.39545
808.57318	874.91638
808.58527	874.8421
808.59735	874.99933
808.60944	874.66473
808.62152	874.39825
808.63361	874.93402
808.64569	876.00726
808.65778	873.7749
808.66986	874.1557
808.68201	874.90222
808.69409	874.03387
808.70618	874.90948
808.71826	875.02051
808.73035	875.06409
808.74243	875.13379
808.75452	874.83813
808.7666	875.13751
808.77875	874.64069
808.79083	875.04578
808.80292	874.10266
808.815	873.58215
808.82709	874.50623
808.83917	875.80371
808.85126	875.30371
808.86334	874.07458
808.87543	875.14716
808.88757	875.34552
808.89966	875.35449
808.91174	875.2135
808.92383	874.22577
808.93591	873.92065
808.948	874.51306
808.96008	875.97235
808.97217	875.47876
808.98425	874.33624
808.9964	874.84985
809.00848	874.18701
809.02057	874.56689
809.03265	874.57507
809.04474	874.47009
809.05682	874.4574
809.06891	875.11102
809.08099	875.65936
809.09308	874.7738
809.10522	874.69189
809.11731	874.64215
809.12939	875.117
809.14148	875.30225
809.15356	875.03015
809.16565	874.03833
809.17773	873.78656
809.18982	875.30273
809.2019	874.84442
809.21405	874.83551
809.22614	875.33862
809.23822	874.7569
809.25031	874.74774
809.26239	874.81677
809.27448	875.74799
809.28656	875.02869
809.29865	874.10498
809.31079	874.65955
809.32288	874.01251
809.33496	874.86035
809.34705	874.82037
809.35913	874.5824
809.37122	874.72736
809.3833	874.75739
809.39539	875.25201
809.40747	874.98413
809.41962	873.99048
809.4317	873.70386
809.44379	874.28101
809.45587	874.79736
809.46796	874.01379
809.48004	873.80786
809.49213	874.19446
809.50421	873.88196
809.5163	873.96918
809.52844	874.50812
809.54053	874.54773
809.55261	873.88989
809.5647	874.28394
809.57678	874.15686
809.58887	874.3963
809.60095	874.52985
809.61304	874.75543
809.62512	873.51135
809.63727	873.63477
809.64935	873.99927
809.66144	874.42645
809.67352	875.07092
809.68561	874.47375
809.69769	873.80084
809.70978	873.59509
809.72186	873.03589
809.73395	874.15234
809.74609	874.17065
809.75818	874.22375
809.77026	873.98169
809.78235	873.58032
809.79443	873.79248
809.80652	873.77954
809.8186	874.26239
809.83069	873.82922
809.84283	874.02203
809.85492	874.22565
809.867	874.24573
809.87909	875.16968
809.89117	874.39868
809.90326	873.7926
809.91534	873.64691
809.92743	873.8476
809.93951	873.64526
809.95166	874.41223
809.96375	874.20477
809.97583	873.80292
809.98792	873.59747
810	873.75177
810.01208	874.15417
810.02417	873.40149
810.03625	874.38025
810.04834	873.76111
810.06049	874.17944
810.07257	874.56439
810.08466	874.18079
810.09674	874.94989
810.10883	874.18079
810.12091	875.14478
810.133	875.0238
810.14508	874.0686
810.15717	874.0152
810.16931	875.05121
810.1814	874.40887
810.19348	874.48676
810.20557	874.29822
810.21765	875.23547
810.22974	874.51855
810.24182	875.00305
810.25391	874.78632
810.26605	874.19202
810.27814	874.74219
810.29022	875.8316
810.30231	875.66406
810.31439	874.5993
810.32648	875.85321
810.33856	874.43188
810.35065	874.83441
810.36273	875.49609
810.37488	876.11798
810.38696	875.79651
810.39905	876.01648
810.41113	875.66602
810.42322	876.51672
810.4353	876.26556
810.44739	876.40161
810.45947	877.89728
810.47156	876.4931
810.4837	876.13763
810.49579	877.4826
810.50787	877.33667
810.51996	877.18463
810.53204	876.06689
810.54413	876.84027
810.55621	877.23938
810.5683	877.26709
810.58038	877.42474
810.59253	877.11346
810.60461	877.38354
810.6167	877.24738
810.62878	876.37573
810.64087	876.83545
810.65295	876.86292
810.66504	877.79791
810.67712	878.11969
810.68921	878.28815
810.70135	878.60822
810.71344	878.98358
810.72552	877.94598
810.73761	877.98688
810.74969	879.0108
810.76178	878.24469
810.77386	878.95984
810.78595	878.54962
810.7981	879.06036
810.81018	880.1355
810.82227	879.75934
810.83435	878.50745
810.84644	879.33624
810.85852	878.96667
810.87061	878.91931
810.88269	879.64032
810.89478	878.69867
810.90692	879.5401
810.91901	878.91077
810.93109	879.30237
810.94318	879.88837
810.95526	879.16791
810.96735	878.13586
810.97943	877.88055
810.99152	879.16516
811.0036	879.0705
811.01575	878.72809
811.02783	878.65173
811.03992	877.58124
811.052	877.49524
811.06409	877.95953
811.07617	877.67773
811.08826	877.95557
811.10034	876.42242
811.11243	875.8139
811.12457	877.13965
811.13666	877.78101
811.14874	877.77124
811.16083	876.6853
811.17291	876.46753
811.185	876.53528
811.19708	876.50195
811.20917	876.40509
811.22125	876.13647
811.2334	875.94489
811.24548	874.96985
811.25757	874.57098
811.26965	875.29462
811.28174	875.47852
811.29382	874.91278
811.30591	875.12317
811.31799	874.87555
811.33014	875.88483
811.34222	874.76178
811.35431	874.9306
811.36639	874.74622
811.37848	874.84198
811.39056	874.5484
811.40265	874.47205
811.41473	874.65588
811.42682	874.56683
811.43896	874.57892
811.45105	874.93542
811.46313	874.52502
811.47522	874.02039
811.4873	874.2533
811.49939	873.86566
811.51147	873.23053
811.52356	872.94446
811.53564	873.34015
811.54779	873.92175
811.55988	873.85254
811.57196	872.99146
811.58405	873.57037
811.59613	873.8031
811.60822	873.6792
811.6203	873.3324
811.63239	873.48804
811.64447	873.651
811.65662	873.74207
811.6687	874.24573
811.68079	874.35791
811.69287	873.87134
811.70496	874.04053
811.71704	874.09625
811.72913	874.2403
811.74121	873.82977
811.7533	872.8681
811.76544	873.41052
811.77753	874.47662
811.78961	873.79675
811.8017	873.47406
811.81378	873.76855
811.82587	873.66339
811.83795	873.04535
811.85004	873.0816
811.86218	872.93329
811.87427	872.98004
811.88635	873.1933
811.89844	873.46381
811.91052	873.46582
811.92261	873.16718
811.93469	873.03705
811.94678	873.71466
811.95886	873.48907
811.97101	873.09088
811.98309	873.34314
811.99518	873.54742
812.00726	873.79889
812.01935	873.43195
812.03143	873.4043
812.04352	873.45221
812.0556	873.46161
812.06769	873.42694
812.07983	873.87097
812.09192	873.59369
812.104	873.62115
812.11609	873.49176
812.12817	873.20831
812.14026	872.99481
812.15234	872.75879
812.16443	873.09613
812.17651	873.7326
812.18866	873.32428
812.20074	873.67865
812.21283	873.23956
812.22491	872.47437
812.237	874.17609
812.24908	874.0506
812.26117	873.18829
812.27325	873.25848
812.28534	872.96674
812.29749	873.00964
812.30957	872.71948
812.32166	872.96063
812.33374	872.79492
812.34583	872.81683
812.35791	872.63373
812.37	873.53156
812.38208	873.8548
812.39423	872.29138
812.40631	872.68585
812.4184	873.48114
812.43048	873.34741
812.44257	873.11932
812.45465	873.29773
812.46674	873.20245
812.47882	872.9209
812.49091	872.40594
812.50305	873.78839
812.51514	873.9975
812.52722	873.46606
812.53931	873.00311
812.55139	873.35858
812.56348	873.55084
812.57556	873.90363
812.58765	873.32343
812.59973	872.95105
812.61188	872.95703
812.62396	873.16351
812.63605	872.79218
812.64813	873.7146
812.66022	873.06036
812.6723	873.30762
812.68439	873.94208
812.69647	874.03601
812.70856	873.40808
812.7207	873.5423
812.73279	874.51947
812.74487	874.50244
812.75696	874.06854
812.76904	873.01941
812.78113	873.42407
812.79321	873.7674
812.8053	874.20056
812.81738	874.33801
812.82953	874.23419
812.84161	874.22003
812.8537	874.88879
812.86578	875.50153
812.87787	873.4892
812.88995	872.7334
812.90204	873.96838
812.91412	873.92462
812.92627	873.13062
812.93835	873.05804
812.95044	872.99994
812.96252	874.1524
812.97461	875.34448
812.98669	874.73322
812.99878	874.90796
813.01086	874.44775
813.02295	874.19727
813.0351	875.51709
813.04718	874.09589
813.05927	874.41449
813.07135	873.92181
813.08344	874.69757
813.09552	874.79755
813.1076	875.66748
813.11969	874.11426
813.13177	874.87756
813.14392	875.08032
813.15601	875.01624
813.16809	875.9928
813.18018	875.95343
813.19226	876.79248
813.20435	874.50842
813.21643	874.55902
813.22852	874.70587
813.2406	875.04523
813.25275	876.3587
813.26483	876.96295
813.27692	876.02545
813.289	876.48462
813.30109	875.93512
813.31317	876.36652
813.32526	878.08093
813.33734	876.86108
813.34943	877.24786
813.36157	877.9046
813.37366	877.09943
813.38574	878.24646
813.39783	878.86945
813.40991	878.02936
813.422	879.21472
813.43408	879.20691
813.44617	877.87885
813.45831	878.43439
813.4704	879.96118
813.48248	879.72437
813.49457	880.04248
813.50665	880.39673
813.51874	880.94391
813.53082	880.93933
813.54291	880.14948
813.55499	881.74469
813.56714	882.888
813.57922	883.31793
813.59131	883.17242
813.60339	883.97656
813.61548	884.11835
813.62756	884.98615
813.63965	885.47925
813.65173	886.3819
813.66382	886.19446
813.67596	886.14832
813.68805	887.21448
813.70013	886.61176
813.71222	886.78485
813.7243	888.32306
813.73639	889.62494
813.74847	890.14624
813.76056	891.19568
813.77264	892.97638
813.78479	894.90948
813.79688	895.65155
813.80896	896.3175
813.82104	899.04449
813.83313	900.35779
813.84521	899.48792
813.8573	902.81799
813.86938	907.10291
813.88147	909.66742
813.89362	911.77173
813.9057	916.37262
813.91779	919.47046
813.92987	923.77155
813.94196	927.27234
813.95404	932.08667
813.96613	934.6568
813.97821	937.88354
813.99036	939.513
814.00244	940.12854
814.01453	939.97339
814.02661	940.24408
814.0387	938.41602
814.05078	934.04956
814.06287	933.51514
814.07495	927.62317
814.08704	923.33368
814.09918	917.8233
814.11127	914.24414
814.12335	911.20313
814.13544	906.50354
814.14752	904.32843
814.15961	901.81165
814.17169	897.41174
814.18378	895.44574
814.19586	894.32294
814.20801	891.75452
814.22009	888.98407
814.23218	888.72937
814.24426	888.08838
814.25635	885.4118
814.26843	885.37073
814.28052	883.51202
814.2926	883.63922
814.30469	884.12042
814.31683	882.03339
814.32892	882.57758
814.341	881.34076
814.35309	880.96252
814.36517	879.89349
814.37726	880.24762
814.38934	878.65582
814.40143	879.65198
814.41351	879.61713
814.42566	877.35645
814.43774	879.04614
814.44983	877.9809
814.46191	877.12671
814.474	876.7757
814.48608	877.18909
814.49817	878.29755
814.51025	876.91724
814.5224	875.95526
814.53448	876.45654
814.54657	875.75836
814.55865	877.18701
814.57074	876.47217
814.58282	875.39642
814.59491	876.14288
814.60699	876.64441
814.61908	877.11725
814.63123	874.83191
814.64331	874.10144
814.6554	876.37311
814.66748	876.05353
814.67957	875.49011
814.69165	873.71143
814.70374	874.8562
814.71582	874.24335
814.72791	874.66711
814.74005	874.83826
814.75214	874.75134
814.76422	873.25238
814.77631	874.25
814.78839	874.64258
814.80048	874.60266
814.81256	874.43964
814.82465	874.33887
814.83673	873.74841
814.84888	873.55841
814.86096	873.43372
814.87305	874.34363
814.88513	873.12714
814.89722	875.48682
814.9093	873.05768
814.92139	873.87195
814.93347	874.12006
814.94556	872.69861
814.9577	873.2735
814.96979	874.59491
814.98187	873.60712
814.99396	873.54999
815.00604	873.24969
815.01813	873.22913
815.03021	874.513
815.0423	874.03967
815.05444	873.43115
815.06653	872.41913
815.07861	872.82745
815.0907	872.29285
815.10278	872.92322
815.11487	873.59528
815.12695	872.59418
815.13904	872.63538
815.15112	872.98352
815.16327	873.4491
815.17535	873.56891
815.18744	872.85742
815.19952	873.47784
815.21161	874.06055
815.22369	872.94672
815.23578	872.88379
815.24786	872.69269
815.25995	871.98633
815.27209	872.60522
815.28418	872.74695
815.29626	871.94263
815.30835	872.06189
815.32043	872.42957
815.33252	872.42712
815.3446	872.44611
815.35669	872.15631
815.36877	872.26721
815.38092	872.86163
815.39301	872.17688
815.40509	872.49854
815.41718	871.92914
815.42926	872.89935
815.44135	872.55396
815.45343	872.58954
815.46552	872.84766
815.4776	872.72729
815.48975	872.54272
815.50183	872.73712
815.51392	873.07324
815.526	872.05676
815.53809	871.95294
815.55017	873.66858
815.56226	871.93469
815.57434	871.93915
815.58649	871.69391
815.59857	871.01483
815.61066	872.46234
815.62274	872.28113
815.63483	871.99573
815.64691	872.50842
815.659	873.3963
815.67108	872.59406
815.68317	872.47925
815.69531	873.66388
815.7074	872.32916
815.71948	872.73981
815.73157	873.24243
815.74365	873.29449
815.75574	873.07452
815.76782	872.0401
815.77991	871.87756
815.79199	872.94635
815.80414	872.99603
815.81622	872.35638
815.82831	871.91992
815.84039	872.52808
815.85248	872.71411
815.86456	872.75665
815.87665	872.52277
815.88873	872.89551
815.90082	872.91364
815.91296	871.51532
815.92505	872.32355
815.93713	872.26971
815.94922	873.22162
815.9613	873.10114
815.97339	873.22595
815.98547	873.43475
815.99756	872.88818
816.00964	873.33606
816.02179	872.27728
816.03387	872.47925
816.04596	872.57825
816.05804	872.59088
816.07013	872.08521
816.08221	872.24219
816.0943	872.31866
816.10638	872.2417
816.11853	872.03418
816.13062	872.45984
816.1427	872.47723
816.15479	873.09314
816.16687	872.1311
816.17896	872.69904
816.19104	872.38684
816.20313	872.05634
816.21521	871.49872
816.22736	872.05493
816.23944	872.9549
816.25153	873.01306
816.26361	873.17773
816.2757	872.06226
816.28778	872.02515
816.29987	872.47626
816.31195	872.58997
816.32404	871.55634
816.33618	872.01575
816.34827	872.80078
816.36035	873.25922
816.37244	872.1839
816.38452	872.33734
816.39661	872.62115
816.40869	872.44324
816.42078	873.00592
816.43286	872.81146
816.44501	873.11285
816.45709	873.92065
816.46918	872.36658
816.48126	873.95087
816.49335	871.94183
816.50543	871.55145
816.51752	872.43219
816.5296	873.43976
816.54169	871.38684
816.55383	872.69354
816.56592	873.3797
816.578	872.70892
816.59009	872.15436
816.60217	872.79529
816.61426	873.15204
816.62634	873.30792
816.63843	873.14203
816.65057	873.09241
816.66266	872.06036
816.67474	872.15509
816.68683	872.76642
816.69891	872.71326
816.711	872.51282
816.72308	873.16235
816.73517	873.57654
816.74725	872.82086
816.7594	871.75555
816.77148	872.84406
816.78357	872.76123
816.79565	871.32019
816.80774	872.44562
816.81982	873.49561
816.83191	871.7818
816.84399	872.48346
816.85608	873.60181
816.86823	872.08386
816.88031	871.33179
816.8924	872.78436
816.90448	873.13177
816.91656	871.17468
816.92865	871.69287
816.94073	871.6192
816.95282	872.86951
816.9649	872.27686
816.97705	872.74066
816.98914	873.17017
817.00122	873.08734
817.01331	871.97919
817.02539	871.71832
817.03748	873.72052
817.04956	871.72852
817.06165	872.87085
817.07373	872.54352
817.08588	871.94135
817.09796	872.66956
817.11005	872.94598
817.12213	872.25354
817.13422	872.47687
817.1463	872.75208
817.15839	873.32959
817.17047	873.50616
817.18262	872.70172
817.1947	872.57782
817.20679	873.00031
817.21887	872.36487
817.23096	872.41241
817.24304	872.36755
817.25513	872.61658
817.26721	872.22852
817.2793	873.54517
817.29144	873.46143
817.30353	871.92749
817.31561	871.67194
817.3277	872.03351
817.33978	872.40112
817.35187	872.53253
817.36395	872.98907
817.37604	873.74078
817.38812	873.17474
817.40027	872.36938
817.41235	872.41516
817.42444	872.41248
817.43652	873.3999
817.44861	873.4801
817.46069	873.53278
817.47278	872.41949
817.48486	872.86743
817.49695	873.77899
817.50909	873.60718
817.52118	873.15149
817.53326	873.64117
817.54535	872.1731
817.55743	872.7641
817.56952	872.72882
817.5816	872.47626
817.59369	872.89587
817.60577	872.40497
817.61792	872.90405
817.63	871.39453
817.64209	871.15747
817.65417	873.33203
817.66626	872.97137
817.67834	872.03497
817.69043	871.50494
817.70251	872.16333
817.71466	872.91559
817.72675	872.53644
817.73883	872.06927
817.75092	871.54523
817.763	872.41309
817.77509	872.35101
817.78717	872.71503
817.79926	873.47894
817.81134	873.45502
817.82349	874.42847
817.83557	873.01093
817.84766	872.28729
817.85974	872.61652
817.87183	872.6413
817.88391	872.07336
817.896	872.72473
817.90808	872.75525
817.92017	873.16461
817.93231	872.63531
817.9444	873.28259
817.95648	872.21204
817.96857	872.42828
817.98065	873.26709
817.99274	873.28027
818.00482	873.44116
818.01691	874.20752
818.02899	874.17059
818.04114	872.75714
818.05322	873.11731
818.06531	872.7489
818.07739	871.38177
818.08948	873.30756
818.10156	873.09198
818.11365	873.63159
818.12573	871.83704
818.13782	871.29907
818.14996	871.90833
818.16205	872.20221
818.17413	872.30865
818.18622	872.40869
818.1983	872.44348
818.21039	872.68256
818.22247	873.37866
818.23456	872.50806
818.2467	873.70056
818.25879	872.57526
818.27087	872.41779
818.28296	874.40076
818.29504	873.31293
818.30713	873.07074
818.31921	872.48297
818.3313	872.16357
818.34338	872.40857
818.35553	871.44012
818.36761	873.50238
818.3797	873.64441
818.39178	872.51477
818.40387	873.32513
818.41595	874.26239
818.42804	873.76837
818.44012	872.87439
818.45221	872.43744
818.46436	872.56274
818.47644	873.12244
818.48853	873.42578
818.50061	872.18353
818.5127	872.3537
818.52478	872.47852
818.53687	872.78424
818.54895	873.7063
818.56104	874.11145
818.57318	872.95642
818.58527	873.01825
818.59735	872.29724
818.60944	871.91858
818.62152	873.39038
818.63361	872.55389
818.64569	873.47772
818.65778	875.50348
818.66986	872.58557
818.68201	871.33893
818.69409	872.57782
818.70618	872.83411
818.71826	872.55414
818.73035	873.703
818.74243	872.69696
818.75452	872.92627
818.7666	873.82562
818.77875	872.9552
818.79083	872.28979
818.80292	873.35974
818.815	873.54626
818.82709	873.1933
818.83917	874.18634
818.85126	873.39923
818.86334	873.10162
818.87543	873.22235
818.88757	875.2876
818.89966	873.9328
818.91174	873.07953
818.92383	872.99463
818.93591	872.3476
818.948	873.25189
818.96008	874.02277
818.97217	874.15826
818.98425	873.20306
818.9964	872.90125
819.00848	872.56451
819.02057	874.39105
819.03265	873.15564
819.04474	873.34375
819.05682	874.10242
819.06891	872.91534
819.08099	873.97375
819.09308	871.66266
819.10522	872.42834
819.11731	872.99768
819.12939	872.50275
819.14148	873.02368
819.15356	873.84155
819.16565	873.01843
819.17773	871.27612
819.18982	871.69843
819.2019	872.66132
819.21405	873.92151
819.22614	873.12445
819.23822	872.82166
819.25031	872.84729
819.26239	873.18665
819.27448	873.06195
819.28656	873.09106
819.29865	872.9975
819.31079	872.94348
819.32288	872.0954
819.33496	871.91553
819.34705	873.27979
819.35913	873.09607
819.37122	873.5733
819.3833	872.7514
819.39539	871.59308
819.40747	873.91937
819.41962	871.76672
819.4317	870.64752
819.44379	872.31372
819.45587	872.63416
819.46796	873.91553
819.48004	873.15009
819.49213	874.18555
819.50421	873.66119
819.5163	872.64069
819.52844	873.56232
819.54053	873.35693
819.55261	874.34503
819.5647	873.58813
819.57678	873.04297
819.58887	872.57214
819.60095	872.41351
819.61304	871.78278
819.62512	872.23358
819.63727	873.31256
819.64935	872.26202
819.66144	873.08246
819.67352	873.03497
819.68561	873.40619
819.69769	873.29443
819.70978	873.31128
819.72186	873.513
819.73395	873.66949
819.74609	873.14362
819.75818	873.53387
819.77026	874.05188
819.78235	873.88568
819.79443	870.91901
819.80652	872.19348
819.8186	873.30939
819.83069	873.11975
819.84283	874.09241
819.85492	873.6405
819.867	873.49896
819.87909	873.48444
819.89117	873.51099
819.90326	873.81104
819.91534	873.42792
819.92743	873.04291
819.93951	873.29071
819.95166	873.3385
819.96375	873.40326
819.97583	872.43146
819.98792	872.81012
820	872.39331
