800.14508	871.90186
800.15717	872.41095
800.16931	873.67664
800.1814	873.96082
800.19348	872.77124
800.20557	872.94672
800.21765	872.72632
800.22974	872.06543
800.24182	872.84094
800.25391	872.96948
800.26605	872.43811
800.27814	872.89899
800.29022	872.90894
800.30231	872.62421
800.31439	871.29736
800.32648	874.09589
800.33856	871.42328
800.35065	873.4303
800.36273	873.19006
800.37488	872.15686
800.38696	872.90814
800.39905	872.85962
800.41113	873.15869
800.42322	872.76648
800.4353	873.32129
800.44739	872.47583
800.45947	872.43292
800.47156	873.1076
800.4837	873.92926
800.49579	872.96539
800.50787	871.85718
800.51996	872.91272
800.53204	872.85907
800.54413	872.09448
800.55621	872.13068
800.5683	872.17291
800.58038	872.46033
800.59253	872.87256
800.60461	872.54327
800.6167	872.59668
800.62878	874.57214
800.64087	873.7312
800.65295	873.33752
800.66504	873.00311
800.67712	873.43549
800.68921	873.70465
800.70135	874.8783
800.71344	873.08942
800.72552	872.71454
800.73761	873.18915
800.74969	872.98755
800.76178	872.69983
800.77386	872.8681
800.78595	874.03271
800.7981	873.75793
800.81018	872.46991
800.82227	872.32886
800.83435	872.40442
800.84644	872.52576
800.85852	873.21729
800.87061	873.4364
800.88269	873.50171
800.89478	873.17169
800.90692	872.52881
800.91901	873.30865
800.93109	873.37695
800.94318	872.95636
800.95526	872.40491
800.96735	873.31805
800.97943	874.14264
800.99152	873.52582
801.0036	872.36127
801.01575	873.46118
801.02783	873.99829
801.03992	874.35565
801.052	873.24054
801.06409	873.30444
801.07617	874.05902
801.08826	874.32758
801.10034	874.04962
801.11243	872.6214
801.12457	872.47607
801.13666	872.71777
801.14874	872.56927
801.16083	873.31311
801.17291	873.7077
801.185	872.67987
801.19708	872.36224
801.20917	872.30389
801.22125	872.27954
801.2334	874.1145
801.24548	874.35297
801.25757	873.2616
801.26965	871.87146
801.28174	872.25116
801.29382	872.41351
801.30591	874.4256
801.31799	872.62976
801.33014	872.58948
801.34222	872.68994
801.35431	873.80621
801.36639	873.73041
801.37848	873.38275
801.39056	871.64056
801.40265	872.33685
801.41473	874.29218
801.42682	873.97998
801.43896	873.53235
801.45105	872.28918
801.46313	873.24866
801.47522	872.26001
801.4873	872.82239
801.49939	873.68164
801.51147	874.23865
801.52356	874.16583
801.53564	874.16345
801.54779	872.89111
801.55988	872.82678
801.57196	873.65222
801.58405	872.82355
801.59613	873.68585
801.60822	874.20502
801.6203	874.85187
801.63239	875.2514
801.64447	874.61926
801.65662	874.03741
801.6687	872.25891
801.68079	873.75848
801.69287	875.48914
801.70496	873.47876
801.71704	873.54218
801.72913	874.16101
801.74121	871.2901
801.7533	874.08881
801.76544	873.70526
801.77753	873.14166
801.78961	873.91187
801.8017	873.14343
801.81378	874.79926
801.82587	873.6402
801.83795	872.90198
801.85004	874.17523
801.86218	873.66742
801.87427	874.26508
801.88635	874.56128
801.89844	874.76447
801.91052	875.49878
801.92261	875.42517
801.93469	874.62518
801.94678	874.36627
801.95886	874.43628
801.97101	874.83167
801.98309	875.3418
801.99518	874.60205
802.00726	873.91724
802.01935	874.02155
802.03143	873.71185
802.04352	873.14978
802.0556	876.20148
802.06769	874.28571
802.07983	873.97522
802.09192	875.24969
802.104	875.21924
802.11609	872.961
802.12817	874.04419
802.14026	875.16339
802.15234	874.28101
802.16443	873.34167
802.17651	873.93878
802.18866	874.12628
802.20074	874.15106
802.21283	875.86798
802.22491	875.98621
802.237	875.08685
802.24908	875.27417
802.26117	875.42639
802.27325	874.43158
802.28534	874.35114
802.29749	875.12744
802.30957	875.23944
802.32166	876.23407
802.33374	876.38507
802.34583	875.93689
802.35791	875.8739
802.37	875.38507
802.38208	875.36731
802.39423	875.43079
802.40631	875.61755
802.4184	876.40466
802.43048	875.74298
802.44257	875.71851
802.45465	875.00665
802.46674	873.73212
802.47882	876.73828
802.49091	874.51172
802.50305	875.49976
802.51514	874.52472
802.52722	875.46735
802.53931	876.34784
802.55139	876.3468
802.56348	875.71051
802.57556	875.56207
802.58765	876.54108
802.59973	876.19794
802.61188	877.01147
802.62396	878.05646
802.63605	878.3678
802.64813	877.96326
802.66022	876.64893
802.6723	876.49213
802.68439	878.08386
802.69647	877.70972
802.70856	877.39832
802.7207	877.16907
802.73279	878.95099
802.74487	879.38867
802.75696	878.27362
802.76904	877.58813
802.78113	879.23041
802.79321	879.71454
802.8053	878.67114
802.81738	878.72736
802.82953	878.53094
802.84161	877.89838
802.8537	877.63586
802.86578	879.22107
802.87787	880.96106
802.88995	879.11566
802.90204	877.7511
802.91412	878.27472
802.92627	878.43719
802.93835	877.39191
802.95044	879.60974
802.96252	879.66412
802.97461	881.06506
802.98669	879.01422
802.99878	878.93427
803.01086	879.76471
803.02295	881.15472
803.0351	878.98755
803.04718	877.96832
803.05927	880.85065
803.07135	881.30701
803.08344	879.16846
803.09552	879.19446
803.1076	881.99402
803.11969	880.9079
803.13177	879.51111
803.14392	881.51135
803.15601	880.37128
803.16809	880.36932
803.18018	881.14313
803.19226	881.24219
803.20435	880.25177
803.21643	880.41663
803.22852	880.1355
803.2406	880.18195
803.25275	880.46283
803.26483	881.55823
803.27692	882.82874
803.289	881.53082
803.30109	880.68634
803.31317	881.9931
803.32526	883.08997
803.33734	883.23187
803.34943	882.78253
803.36157	883.65332
803.37366	882.76312
803.38574	882.30103
803.39783	883.22845
803.40991	882.20795
803.422	881.73157
803.43408	882.17065
803.44617	882.83563
803.45831	881.4433
803.4704	884.40808
803.48248	881.01227
803.49457	883.59106
803.50665	882.07849
803.51874	883.71399
803.53082	882.49774
803.54291	880.75507
803.55499	882.74072
803.56714	882.03754
803.57922	884.38477
803.59131	883.59058
803.60339	882.25916
803.61548	881.32208
803.62756	881.57324
803.63965	881.6601
803.65173	882.39752
803.66382	883.27533
803.67596	883.39575
803.68805	883.23499
803.70013	882.49689
803.71222	881.80286
803.7243	881.89294
803.73639	880.38
803.74847	880.93109
803.76056	881.41357
803.77264	880.97693
803.78479	881.3924
803.79688	882.24365
803.80896	882.07202
803.82104	880.87811
803.83313	880.64099
803.84521	880.59662
803.8573	880.45184
803.86938	881.34985
803.88147	881.35864
803.89362	880.82806
803.9057	881.95526
803.91779	882.53833
803.92987	881.06195
803.94196	879.14752
803.95404	880.12329
803.96613	880.992
803.97821	881.38385
803.99036	879.70923
804.00244	880.24493
804.01453	880.85046
804.02661	880.29437
804.0387	881.84991
804.05078	881.92267
804.06287	882.19287
804.07495	879.79022
804.08704	881.35419
804.09918	881.22968
804.11127	881.60278
804.12335	881.66693
804.13544	879.78186
804.14752	879.66174
804.15961	881.41058
804.17169	880.92157
804.18378	882.59778
804.19586	879.91443
804.20801	879.40216
804.22009	880.35754
804.23218	880.8114
804.24426	880.92218
804.25635	879.01294
804.26843	879.94641
804.28052	879.60144
804.2926	880.54852
804.30469	880.60077
804.31683	878.80493
804.32892	879.68127
804.341	879.15424
804.35309	879.04095
804.36517	880.94525
804.37726	882.00647
804.38934	881.56561
804.40143	880.46265
804.41351	880.1546
804.42566	880.8197
804.43774	880.89783
804.44983	879.40564
804.46191	879.6958
804.474	881.18732
804.48608	880.26617
804.49817	879.30432
804.51025	880.07141
804.5224	881.05121
804.53448	878.90833
804.54657	879.28839
804.55865	880.60742
804.57074	879.62665
804.58282	879.59113
804.59491	879.78094
804.60699	878.26532
804.61908	877.94562
804.63123	878.13733
804.64331	879.27502
804.6554	878.93488
804.66748	880.36768
804.67957	878.7149
804.69165	879.56488
804.70374	878.21497
804.71582	877.87653
804.72791	878.09259
804.74005	879.15027
804.75214	878.67401
804.76422	879.42249
804.77631	877.70526
804.78839	876.90387
804.80048	877.5047
804.81256	878.10516
804.82465	876.81995
804.83673	877.31104
804.84888	876.3454
804.86096	877.84155
804.87305	878.71716
804.88513	876.77466
804.89722	877.90106
804.9093	878.08771
804.92139	878.55151
804.93347	878.17725
804.94556	878.87061
804.9577	878.40228
804.96979	876.3551
804.98187	876.73743
804.99396	877.44177
805.00604	876.98267
805.01813	877.07788
805.03021	877.25403
805.0423	877.50848
805.05444	877.10504
805.06653	877.10443
805.07861	876.8725
805.0907	876.84894
805.10278	878.77222
805.11487	879.1142
805.12695	876.73944
805.13904	876.67114
805.15112	876.70337
805.16327	877.021
805.17535	876.61182
805.18744	876.04218
805.19952	876.58673
805.21161	875.98193
805.22369	875.53888
805.23578	875.95178
805.24786	876.98926
805.25995	876.23853
805.27209	875.28259
805.28418	876.04437
805.29626	876.41614
805.30835	876.61053
805.32043	877.31549
805.33252	878.45239
805.3446	876.19519
805.35669	876.48407
805.36877	877.33228
805.38092	876.81311
805.39301	877.14197
805.40509	877.72461
805.41718	877.42334
805.42926	877.81219
805.44135	876.89618
805.45343	876.97235
805.46552	876.9483
805.4776	875.94354
805.48975	876.48273
805.50183	877.1582
805.51392	876.88184
805.526	876.75159
805.53809	877.19598
805.55017	876.76288
805.56226	876.40729
805.57434	876.64893
805.58649	876.98059
805.59857	876.18079
805.61066	877.36871
805.62274	876.61884
805.63483	875.93353
805.64691	875.42432
805.659	877.25897
805.67108	876.8551
805.68317	877.5592
805.69531	877.22479
805.7074	876.27045
805.71948	876.41949
805.73157	875.74127
805.74365	876.06836
805.75574	876.17542
805.76782	876.85632
805.77991	874.7757
805.79199	875.42902
805.80414	876.78461
805.81622	876.34241
805.82831	877.01245
805.84039	875.14038
805.85248	876.62274
805.86456	877.19073
805.87665	877.25739
805.88873	876.61774
805.90082	878.41266
805.91296	876.51068
805.92505	876.14722
805.93713	875.43695
805.94922	877.01111
805.9613	876.17694
805.97339	876.12036
805.98547	876.89197
805.99756	876.88782
806.00964	876.9632
806.02179	877.82013
806.03387	877.50842
806.04596	876.38037
806.05804	875.57678
806.07013	875.70795
806.08221	875.32922
806.0943	874.716
806.10638	875.36548
806.11853	876.04724
806.13062	877.06366
806.1427	877.55109
806.15479	876.71783
806.16687	876.22321
806.17896	877.00336
806.19104	877.48077
806.20313	877.04205
806.21521	875.9129
806.22736	875.81921
806.23944	875.88568
806.25153	875.96436
806.26361	876.16931
806.2757	874.45184
806.28778	874.50873
806.29987	875.56061
806.31195	875.9455
806.32404	876.22015
806.33618	875.91986
806.34827	875.78925
806.36035	875.64807
806.37244	875.41998
806.38452	874.94751
806.39661	875.56738
806.40869	874.96973
806.42078	876.48358
806.43286	876.38312
806.44501	876.4162
806.45709	876.09021
806.46918	876.33569
806.48126	876.79822
806.49335	876.5271
806.50543	875.5498
806.51752	875.70264
806.5296	875.31097
806.54169	876.11865
806.55383	875.31689
806.56592	873.94781
806.578	875.08942
806.59009	875.1709
806.60217	875.52667
806.61426	874.90924
806.62634	875.84369
806.63843	876.13458
806.65057	874.74164
806.66266	874.27917
806.67474	875.88727
806.68683	875.19696
806.69891	875.6969
806.711	875.89069
806.72308	875.89728
806.73517	875.43036
806.74725	875.08557
806.7594	875.31287
806.77148	875.47363
806.78357	875.52759
806.79565	873.80292
806.80774	874.16162
806.81982	875.85724
806.83191	874.60669
806.84399	875.71362
806.85608	876.03546
806.86823	875.74261
806.88031	875.51648
806.8924	875.75421
806.90448	874.72528
806.91656	874.30328
806.92865	874.71332
806.94073	875.68604
806.95282	876.40704
806.9649	874.72919
806.97705	873.92151
806.98914	874.48529
807.00122	874.84668
807.01331	874.83197
807.02539	876.33435
807.03748	876.11829
807.04956	874.81873
807.06165	875.07324
807.07373	875.94318
807.08588	876.69086
807.09796	875.15839
807.11005	874.92676
807.12213	875.74969
807.13422	875.54315
807.1463	874.54401
807.15839	873.86432
807.17047	874.35425
807.18262	875.2002
807.1947	875.18835
807.20679	874.57861
807.21887	875.63171
807.23096	874.1059
807.24304	875.44586
807.25513	874.64771
807.26721	874.27637
807.2793	875.31299
807.29144	873.99609
807.30353	874.41309
807.31561	876.21777
807.3277	875.4873
807.33978	875.41937
807.35187	874.3905
807.36395	875.14355
807.37604	874.75269
807.38812	874.7962
807.40027	875.00995
807.41235	874.28577
807.42444	874.49347
807.43652	875.44568
807.44861	874.78455
807.46069	875.12347
807.47278	875.53119
807.48486	875.15173
807.49695	875.82507
807.50909	874.84998
807.52118	874.38409
807.53326	874.7345
807.54535	874.96411
807.55743	874.98596
807.56952	875.60229
807.5816	875.10797
807.59369	875.46045
807.60577	875.10138
807.61792	874.87354
807.63	875.23566
807.64209	875.03772
807.65417	874.71442
807.66626	874.53821
807.67834	874.16254
807.69043	873.42047
807.70251	874.5954
807.71466	875.48059
807.72675	875.2359
807.73883	875.41528
807.75092	875.17303
807.763	875.18744
807.77509	875.32263
807.78717	875.04816
807.79926	874.05658
807.81134	874.67133
807.82349	874.6886
807.83557	875.39081
807.84766	875.08722
807.85974	875.01611
807.87183	875.73889
807.88391	874.78497
807.896	874.60333
807.90808	874.98956
807.92017	874.31683
807.93231	874.5611
807.9444	876.07935
807.95648	876.13806
807.96857	876.33289
807.98065	875.2981
807.99274	875.60059
808.00482	875.22034
808.01691	875.03412
808.02899	875.59235
808.04114	875.04523
808.05322	874.85101
808.06531	875.20221
808.07739	875.22308
808.08948	875.24176
808.10156	874.43781
808.11365	874.80652
808.12573	874.87805
808.13782	875.12921
808.14996	875.31848
808.16205	874.91736
808.17413	874.95886
808.18622	875.05707
808.1983	874.80878
808.21039	873.92963
808.22247	875.38263
808.23456	875.70691
808.2467	875.61713
808.25879	874.89404
808.27087	874.69543
808.28296	875.68512
808.29504	874.42218
808.30713	874.75085
808.31921	874.43677
808.3313	875.05005
808.34338	874.64703
808.35553	874.47748
808.36761	874.94434
808.3797	874.76233
808.39178	874.22992
808.40387	875.55414
808.41595	876.2431
808.42804	875.58441
808.44012	874.15448
808.45221	874.15021
808.46436	875.50928
808.47644	875.55835
808.48853	875.06189
808.50061	875.08746
808.5127	874.58514
808.52478	876.08636
808.53687	875.27368
808.54895	875.97748
808.56104	875.10413
808.57318	874.95398
808.58527	875.67328
808.59735	875.99554
808.60944	875.82526
808.62152	874.94659
808.63361	874.32587
808.64569	876.08026
808.65778	875.07849
808.66986	875.13794
808.68201	875.0614
808.69409	875.43616
808.70618	875.09143
808.71826	875.70532
808.73035	874.65002
808.74243	875.19672
808.75452	873.97467
808.7666	874.25665
808.77875	875.55023
808.79083	875.36487
808.80292	875.13171
808.815	875.85919
808.82709	875.71899
808.83917	875.34015
808.85126	876.29272
808.86334	875.86102
808.87543	874.2738
808.88757	875.34302
808.89966	874.40222
808.91174	875.17731
808.92383	874.7735
808.93591	875.0589
808.948	874.75104
808.96008	874.78925
808.97217	875.70929
808.98425	875.47607
808.9964	875.65173
809.00848	874.95728
809.02057	875.89984
809.03265	875.29028
809.04474	875.32294
809.05682	874.86639
809.06891	875.09839
809.08099	875.32843
809.09308	875.07251
809.10522	875.09583
809.11731	875.6449
809.12939	875.13629
809.14148	875.75751
809.15356	875.97119
809.16565	875.12805
809.17773	874.3476
809.18982	875.22675
809.2019	874.25629
809.21405	874.14722
809.22614	875.0072
809.23822	874.9751
809.25031	874.50256
809.26239	875.50702
809.27448	875.31158
809.28656	875.62952
809.29865	875.44128
809.31079	874.96277
809.32288	874.76306
809.33496	875.50012
809.34705	875.40527
809.35913	875.03522
809.37122	874.69025
809.3833	874.5022
809.39539	874.65289
809.40747	875.74402
809.41962	875.3017
809.4317	874.82007
809.44379	875.14862
809.45587	875.51691
809.46796	875.90466
809.48004	875.15839
809.49213	874.45618
809.50421	875.33582
809.5163	875.36432
809.52844	874.92511
809.54053	874.60553
809.55261	874.95892
809.5647	875.91992
809.57678	875.49884
809.58887	874.84265
809.60095	875.11823
809.61304	875.52991
809.62512	875.13971
809.63727	875.34143
809.64935	875.04456
809.66144	875.54236
809.67352	875.34589
809.68561	874.39484
809.69769	875.54492
809.70978	875.22833
809.72186	874.99823
809.73395	874.92169
809.74609	874.79242
809.75818	875.06116
809.77026	874.98083
809.78235	874.43176
809.79443	875.01038
809.80652	874.75323
809.8186	874.27765
809.83069	874.29919
809.84283	874.81659
809.85492	874.13892
809.867	875.02576
809.87909	874.64911
809.89117	875.07587
809.90326	874.54492
809.91534	874.60968
809.92743	875.02069
809.93951	875.35938
809.95166	875.04816
809.96375	875.91583
809.97583	876.0376
809.98792	875.30884
810	875.44098
810.01208	875.37506
810.02417	875.67169
810.03625	875.05981
810.04834	875.38354
810.06049	875.53857
810.07257	875.62054
810.08466	875.41278
810.09674	873.98486
810.10883	874.44928
810.12091	874.7641
810.133	875.60297
810.14508	876.13269
810.15717	876.56781
810.16931	874.96527
810.1814	875.84778
810.19348	875.23004
810.20557	875.30817
810.21765	876.00146
810.22974	876.26001
810.24182	875.4118
810.25391	875.12549
810.26605	876.03284
810.27814	876.31494
810.29022	875.87262
810.30231	876.6261
810.31439	875.78571
810.32648	876.23071
810.33856	876.55145
810.35065	876.42072
810.36273	877.14368
810.37488	877.72583
810.38696	877.9126
810.39905	877.62042
810.41113	875.84607
810.42322	877.67413
810.4353	877.9433
810.44739	877.36938
810.45947	878.03754
810.47156	877.47485
810.4837	877.0448
810.49579	877.80304
810.50787	879.06036
810.51996	878.53583
810.53204	878.45227
810.54413	878.78326
810.55621	879.71094
810.5683	880.24738
810.58038	879.97284
810.59253	878.99835
810.60461	879.78369
810.6167	878.81775
810.62878	878.72339
810.64087	879.54834
810.65295	879.56195
810.66504	879.69232
810.67712	879.35272
810.68921	880.35229
810.70135	880.87091
810.71344	880.08899
810.72552	879.59973
810.73761	879.93909
810.74969	879.7337
810.76178	879.92047
810.77386	880.34082
810.78595	880.21478
810.7981	880.34882
810.81018	881.35394
810.82227	881.53375
810.83435	881.27002
810.84644	881.49774
810.85852	881.47937
810.87061	881.52203
810.88269	881.88202
810.89478	882.49261
810.90692	882.01843
810.91901	880.94855
810.93109	881.27722
810.94318	880.7757
810.95526	879.9552
810.96735	880.59497
810.97943	880.1416
810.99152	882.39789
811.0036	881.05225
811.01575	881.26312
811.02783	879.2489
811.03992	879.77161
811.052	879.35803
811.06409	880.33038
811.07617	880.18323
811.08826	879.40564
811.10034	879.11511
811.11243	879.5766
811.12457	879.41327
811.13666	879.31287
811.14874	878.49817
811.16083	877.88495
811.17291	877.44342
811.185	877.44391
811.19708	877.64111
811.20917	877.68085
811.22125	876.62054
811.2334	877.85162
811.24548	876.65472
811.25757	877.47644
811.26965	877.54358
811.28174	877.25812
811.29382	877.07526
811.30591	877.33063
811.31799	876.79401
811.33014	877.35217
811.34222	876.35974
811.35431	877.11261
811.36639	876.93762
811.37848	875.68713
811.39056	876.05121
811.40265	875.89911
811.41473	875.52789
811.42682	875.67865
811.43896	876.14703
811.45105	876.22107
811.46313	876.43604
811.47522	876.55219
811.4873	876.77814
811.49939	876.77643
811.51147	876.47107
811.52356	875.17218
811.53564	875.07977
811.54779	875.34119
811.55988	875.90454
811.57196	875.76495
811.58405	875.60486
811.59613	875.22589
811.60822	876.02972
811.6203	875.64368
811.63239	876.03406
811.64447	875.57465
811.65662	875.25079
811.6687	875.40857
811.68079	875.85107
811.69287	875.54175
811.70496	875.55109
811.71704	875.40442
811.72913	875.34039
811.74121	875.12506
811.7533	875.38416
811.76544	875.66022
811.77753	875.44794
811.78961	875.28418
811.8017	875.03046
811.81378	875.21704
811.82587	875.21484
811.83795	874.77069
811.85004	874.86017
811.86218	874.69879
811.87427	874.53839
811.88635	874.64142
811.89844	875.15417
811.91052	875.25623
811.92261	875.19208
811.93469	875.31262
811.94678	874.22931
811.95886	874.43634
811.97101	875.36523
811.98309	874.87775
811.99518	874.4256
812.00726	874.81903
812.01935	875.05481
812.03143	875.1109
812.04352	875.02411
812.0556	875.03082
812.06769	874.53546
812.07983	874.42267
812.09192	874.96326
812.104	875.43097
812.11609	875.75092
812.12817	875.05682
812.14026	874.46826
812.15234	874.32416
812.16443	874.17505
812.17651	874.86731
812.18866	874.85236
812.20074	874.73492
812.21283	874.57532
812.22491	874.07617
812.237	874.7746
812.24908	874.84497
812.26117	874.64386
812.27325	874.78778
812.28534	874.82452
812.29749	874.77173
812.30957	874.4906
812.32166	874.96088
812.33374	874.07953
812.34583	874.43414
812.35791	875.0744
812.37	874.61218
812.38208	875.38214
812.39423	874.81689
812.40631	874.16412
812.4184	875.52405
812.43048	874.78217
812.44257	874.43408
812.45465	874.88135
812.46674	875.07581
812.47882	874.88043
812.49091	874.43848
812.50305	874.24927
812.51514	874.54901
812.52722	874.7558
812.53931	874.21484
812.55139	874.54541
812.56348	874.82251
812.57556	874.89819
812.58765	875.47406
812.59973	875.55847
812.61188	876.63037
812.62396	876.03339
812.63605	874.74548
812.64813	875.39038
812.66022	875.89691
812.6723	874.98602
812.68439	875.02881
812.69647	875.67511
812.70856	875.53876
812.7207	875.16943
812.73279	875.32434
812.74487	874.66656
812.75696	875.03174
812.76904	875.43903
812.78113	875.98175
812.79321	876.38507
812.8053	876.12024
812.81738	876.61475
812.82953	876.12836
812.84161	875.18311
812.8537	875.89709
812.86578	875.53925
812.87787	875.33026
812.88995	875.40228
812.90204	875.97168
812.91412	875.60223
812.92627	875.83984
812.93835	875.69397
812.95044	876.66333
812.96252	876.11462
812.97461	876.39087
812.98669	876.19971
812.99878	876.05145
813.01086	876.11688
813.02295	876.13153
813.0351	877.82159
813.04718	877.18579
813.05927	877.0332
813.07135	875.9137
813.08344	875.08868
813.09552	876.20703
813.1076	878.02759
813.11969	877.25177
813.13177	876.49792
813.14392	876.68597
813.15601	876.98212
813.16809	878.13855
813.18018	876.35193
813.19226	878.5921
813.20435	878.26898
813.21643	877.67365
813.22852	877.14594
813.2406	878.38715
813.25275	878.47803
813.26483	878.56702
813.27692	879.29755
813.289	878.57239
813.30109	878.42053
813.31317	878.38696
813.32526	878.82025
813.33734	878.8205
813.34943	878.52948
813.36157	878.98132
813.37366	878.69025
813.38574	878.72528
813.39783	879.92261
813.40991	880.00098
813.422	879.9231
813.43408	880.68402
813.44617	882.34338
813.45831	882.63751
813.4704	881.10156
813.48248	882.24011
813.49457	881.02618
813.50665	880.93597
813.51874	882.83838
813.53082	883.40259
813.54291	883.01709
813.55499	883.32953
813.56714	883.05688
813.57922	883.12494
813.59131	884.94885
813.60339	885.33795
813.61548	886.28339
813.62756	888.49799
813.63965	888.53052
813.65173	887.83936
813.66382	889.18298
813.67596	889.48773
813.68805	889.83209
813.70013	890.25262
813.71222	891.1958
813.7243	892.58752
813.73639	893.34845
813.74847	893.29089
813.76056	894.83044
813.77264	896.32764
813.78479	896.8833
813.79688	897.88885
813.80896	900.16858
813.82104	900.98804
813.83313	902.97308
813.84521	905.04297
813.8573	907.06171
813.86938	908.32233
813.88147	911.85785
813.89362	915.88
813.9057	919.12073
813.91779	922.19611
813.92987	928.875
813.94196	933.64905
813.95404	935.31757
813.96613	940.39722
813.97821	946.59509
813.99036	950.83051
814.00244	951.54272
814.01453	954.49408
814.02661	956.63733
814.0387	952.07776
814.05078	950.87103
814.06287	946.95776
814.07495	942.5943
814.08704	940.76697
814.09918	936.31134
814.11127	930.46564
814.12335	926.25403
814.13544	921.43677
814.14752	915.89008
814.15961	911.1889
814.17169	908.51746
814.18378	903.28357
814.19586	903.19208
814.20801	902.8905
814.22009	898.62274
814.23218	896.43555
814.24426	892.83667
814.25635	890.05359
814.26843	888.59253
814.28052	888.47906
814.2926	889.21289
814.30469	888.09204
814.31683	886.94714
814.32892	884.93939
814.341	884.98309
814.35309	884.8017
814.36517	883.01147
814.37726	883.63019
814.38934	882.49335
814.40143	882.92096
814.41351	880.50818
814.42566	880.55005
814.43774	881.33868
814.44983	881.60211
814.46191	879.28723
814.474	879.3045
814.48608	880.46698
814.49817	881.21198
814.51025	880.06909
814.5224	879.7699
814.53448	878.91376
814.54657	878.79309
814.55865	877.0011
814.57074	879.0553
814.58282	878.66913
814.59491	878.67084
814.60699	877.51746
814.61908	879.13147
814.63123	878.00824
814.64331	876.83356
814.6554	877.06012
814.66748	876.02698
814.67957	877.4519
814.69165	877.48578
814.70374	876.62189
814.71582	876.72565
814.72791	876.289
814.74005	875.6933
814.75214	876.54657
814.76422	875.61859
814.77631	875.1665
814.78839	876.41089
814.80048	876.80194
814.81256	875.43011
814.82465	875.91821
814.83673	876.29279
814.84888	874.7782
814.86096	876.06183
814.87305	875.43829
814.88513	875.46429
814.89722	876.36639
814.9093	874.48059
814.92139	875.07086
814.93347	874.98608
814.94556	875.36243
814.9577	875.15613
814.96979	875.23529
814.98187	875.22943
814.99396	874.46344
815.00604	874.67316
815.01813	873.51086
815.03021	874.3653
815.0423	873.883
815.05444	874.4386
815.06653	874.79779
815.07861	874.57104
815.0907	874.09485
815.10278	874.29047
815.11487	874.19379
815.12695	874.36011
815.13904	874.29065
815.15112	874.87622
815.16327	875.03827
815.17535	874.26666
815.18744	874.02911
815.19952	874.39008
815.21161	874.03546
815.22369	874.28076
815.23578	874.81744
815.24786	874.55536
815.25995	873.6651
815.27209	873.61414
815.28418	874.63171
815.29626	875.08716
815.30835	875.19873
815.32043	874.6991
815.33252	874.34387
815.3446	873.90985
815.35669	873.60455
815.36877	873.84406
815.38092	873.40656
815.39301	873.42371
815.40509	873.62543
815.41718	873.74194
815.42926	873.58221
815.44135	873.89081
815.45343	874.10712
815.46552	873.96716
815.4776	872.95447
815.48975	873.39154
815.50183	873.8941
815.51392	874.29126
815.526	874.30127
815.53809	872.8269
815.55017	873.10492
815.56226	873.58057
815.57434	873.25244
815.58649	873.362
815.59857	873.3006
815.61066	872.70624
815.62274	873.55713
815.63483	873.76776
815.64691	873.28894
815.659	874.27344
815.67108	874.49701
815.68317	874.66187
815.69531	872.80029
815.7074	874.14142
815.71948	873.91937
815.73157	873.32532
815.74365	874.17639
815.75574	873.4397
815.76782	873.97961
815.77991	874.31097
815.79199	873.55566
815.80414	872.92908
815.81622	873.50543
815.82831	874.11169
815.84039	874.68439
815.85248	874.00665
815.86456	875.1864
815.87665	874.0047
815.88873	873.86255
815.90082	874.57684
815.91296	874.2345
815.92505	874.12158
815.93713	873.74072
815.94922	873.58466
815.9613	872.51672
815.97339	873.07037
815.98547	873.31079
815.99756	874.40247
816.00964	874.22357
816.02179	874.13983
816.03387	874.22858
816.04596	874.08173
816.05804	873.59393
816.07013	873.84027
816.08221	873.90247
816.0943	874.45874
816.10638	874.56934
816.11853	873.46539
816.13062	874.23297
816.1427	874.19855
816.15479	873.8045
816.16687	873.84869
816.17896	874.34595
816.19104	873.69073
816.20313	873.87628
816.21521	873.18103
816.22736	873.94434
816.23944	873.38947
816.25153	872.82758
816.26361	873.44305
816.2757	873.82611
816.28778	873.03442
816.29987	873.18091
816.31195	873.77722
816.32404	873.90125
816.33618	874.14124
816.34827	873.80713
816.36035	874.12769
816.37244	873.41376
816.38452	874.01062
816.39661	873.61328
816.40869	874.7204
816.42078	874.242
816.43286	873.3327
816.44501	875.06653
816.45709	873.86603
816.46918	874.77838
816.48126	874.56671
816.49335	872.73175
816.50543	872.78088
816.51752	872.76294
816.5296	872.99963
816.54169	874.21393
816.55383	874.54913
816.56592	873.50171
816.578	873.56805
816.59009	873.78949
816.60217	875.33173
816.61426	874.00983
816.62634	873.13483
816.63843	873.22516
816.65057	874.77661
816.66266	874.20148
816.67474	873.15094
816.68683	873.55774
816.69891	873.32623
816.711	873.57062
816.72308	874.03088
816.73517	874.34296
816.74725	874.32159
816.7594	875.03088
816.77148	874.97076
816.78357	874.43665
816.79565	874.14642
816.80774	874.65204
816.81982	874.60431
816.83191	873.94238
816.84399	873.99176
816.85608	873.86481
816.86823	873.88403
816.88031	874.54456
816.8924	873.55896
816.90448	873.86084
816.91656	873.17041
816.92865	873.04858
816.94073	872.328
816.95282	873.77637
816.9649	873.48627
816.97705	873.96234
816.98914	874.19312
817.00122	873.61621
817.01331	873.99512
817.02539	873.79932
817.03748	873.7392
817.04956	873.72394
817.06165	873.35986
817.07373	873.88629
817.08588	873.71259
817.09796	873.76935
817.11005	874.07886
817.12213	874.18774
817.13422	875.15948
817.1463	875.02423
817.15839	874.05261
817.17047	874.00916
817.18262	874.6012
817.1947	874.84363
817.20679	874.22882
817.21887	874.14246
817.23096	873.46716
817.24304	873.90283
817.25513	873.92535
817.26721	873.57483
817.2793	874.41687
817.29144	874.03186
817.30353	873.88751
817.31561	874.39124
817.3277	873.35254
817.33978	873.30377
817.35187	874.46649
817.36395	874.40863
817.37604	874.89099
817.38812	874.21832
817.40027	874.55286
817.41235	873.58575
817.42444	873.83527
817.43652	874.86786
817.44861	874.70526
817.46069	873.75275
817.47278	872.75092
817.48486	873.22614
817.49695	875.12518
817.50909	874.64185
817.52118	873.63788
817.53326	874.81445
817.54535	873.4986
817.55743	874.60126
817.56952	874.49011
817.5816	874.84375
817.59369	874.08179
817.60577	872.73053
817.61792	873.56726
817.63	873.59302
817.64209	873.66992
817.65417	872.77142
817.66626	874.03613
817.67834	874.81702
817.69043	874.54431
817.70251	874.25165
817.71466	874.08765
817.72675	873.84003
817.73883	874.70422
817.75092	874.64203
817.763	874.47113
817.77509	873.1665
817.78717	873.31372
817.79926	874.61682
817.81134	874.12299
817.82349	874.13074
817.83557	874.18329
817.84766	874.06964
817.85974	873.88116
817.87183	874.41864
817.88391	874.71185
817.896	873.44623
817.90808	872.42963
817.92017	873.41357
817.93231	873.34235
817.9444	873.65625
817.95648	873.40161
817.96857	873.75336
817.98065	874.14063
817.99274	874.3111
818.00482	873.96234
818.01691	873.79272
818.02899	872.84058
818.04114	874.12048
818.05322	873.86218
818.06531	873.87555
818.07739	873.71094
818.08948	873.69421
818.10156	873.47046
818.11365	873.91168
818.12573	873.87476
818.13782	874.24158
818.14996	873.92841
818.16205	873.8725
818.17413	873.11566
818.18622	873.7348
818.1983	873.35712
818.21039	874.26862
818.22247	874.04041
818.23456	873.2099
818.2467	873.11542
818.25879	874.72113
818.27087	873.72607
818.28296	875.24677
818.29504	873.47821
818.30713	873.23871
818.31921	874.62134
818.3313	873.65283
818.34338	872.242
818.35553	874.59308
818.36761	873.12067
818.3797	873.30542
818.39178	875.37091
818.40387	874.37042
818.41595	874.96851
818.42804	874.28156
818.44012	874.93359
818.45221	874.52258
818.46436	873.83966
818.47644	873.62555
818.48853	872.64203
818.50061	874.20483
818.5127	874.80109
818.52478	875.05756
818.53687	874.44531
818.54895	874.34985
818.56104	874.03894
818.57318	873.09003
818.58527	873.98401
818.59735	874.08887
818.60944	874.08777
818.62152	873.77722
818.63361	873.86139
818.64569	873.64978
818.65778	873.93408
818.66986	873.64587
818.68201	873.58868
818.69409	874.17627
818.70618	874.65576
818.71826	873.88373
818.73035	875.51746
818.74243	873.51331
818.75452	872.99463
818.7666	873.23004
818.77875	875.05579
818.79083	874.93921
818.80292	873.87018
818.815	873.28662
818.82709	873.68512
818.83917	874.99469
818.85126	874.49811
818.86334	873.15845
818.87543	872.99957
818.88757	873.44348
818.89966	873.59851
818.91174	873.84991
818.92383	873.64581
818.93591	873.70294
818.948	873.48254
818.96008	873.75592
818.97217	873.38727
818.98425	874.49536
818.9964	875.09583
819.00848	875.04401
819.02057	874.22766
819.03265	872.58191
819.04474	872.76324
819.05682	873.82062
819.06891	875.15479
819.08099	874.2915
819.09308	875.1524
819.10522	874.19745
819.11731	874.42358
819.12939	874.87268
819.14148	874.9447
819.15356	874.63892
819.16565	874.91431
819.17773	874.13098
819.18982	874.26221
819.2019	874.07227
819.21405	874.99426
819.22614	874.61078
819.23822	875.71564
819.25031	875.29486
819.26239	874.40308
819.27448	874.4657
819.28656	874.7392
819.29865	874.55902
819.31079	874.67603
819.32288	874.12347
819.33496	873.435
819.34705	873.39569
819.35913	874.83136
819.37122	874.9079
819.3833	873.51843
819.39539	874.21173
819.40747	874.71222
819.41962	875.50494
819.4317	874.31787
819.44379	874.42328
819.45587	873.14783
819.46796	873.62921
819.48004	873.56592
819.49213	873.11298
819.50421	872.88306
819.5163	873.19116
819.52844	874.92865
819.54053	874.90472
819.55261	874.64929
819.5647	874.93982
819.57678	873.86157
819.58887	873.83868
819.60095	874.80078
819.61304	874.92041
819.62512	874.46613
819.63727	873.53174
819.64935	874.48981
819.66144	875.64691
819.67352	875.14929
819.68561	873.49799
819.69769	874.18774
819.70978	874.54889
819.72186	875.07428
819.73395	874.30029
819.74609	873.96503
819.75818	874.89709
819.77026	873.22272
819.78235	874.70557
819.79443	874.13031
819.80652	874.26471
819.8186	874.68982
819.83069	875.17596
819.84283	873.57874
819.85492	873.5741
819.867	874.24219
819.87909	874.39282
819.89117	874.43378
819.90326	873.6358
819.91534	873.60925
819.92743	874.77551
819.93951	874.25403
819.95166	874.46155
819.96375	873.09216
819.97583	872.33618
819.98792	874.99847
820	874.60138
