800.14508	870.43488
800.15717	871.65741
800.16931	872.30481
800.1814	870.48199
800.19348	870.44775
800.20557	871.60065
800.21765	870.91998
800.22974	870.18225
800.24182	872.09973
800.25391	871.89099
800.26605	870.33185
800.27814	872.47943
800.29022	871.62103
800.30231	873.08691
800.31439	870.47504
800.32648	871.95618
800.33856	870.75397
800.35065	868.63007
800.36273	872.29877
800.37488	870.15601
800.38696	873.7381
800.39905	872.81641
800.41113	873.76624
800.42322	871.95197
800.4353	870.26447
800.44739	869.52661
800.45947	869.53882
800.47156	870.30365
800.4837	871.30115
800.49579	871.31055
800.50787	871.96863
800.51996	873.12762
800.53204	871.84717
800.54413	870.39685
800.55621	870.45337
800.5683	871.24817
800.58038	872.33282
800.59253	871.638
800.60461	870.3573
800.6167	870.85156
800.62878	871.92322
800.64087	871.64856
800.65295	871.30975
800.66504	868.28503
800.67712	871.47632
800.68921	870.17303
800.70135	871.89459
800.71344	870.92743
800.72552	871.25787
800.73761	872.54755
800.74969	871.86127
800.76178	873.16968
800.77386	873.63147
800.78595	873.30316
800.7981	872.02545
800.81018	872.27075
800.82227	872.43469
800.83435	871.09076
800.84644	870.80042
800.85852	872.36389
800.87061	873.49084
800.88269	872.87384
800.89478	872.90997
800.90692	871.48553
800.91901	869.9798
800.93109	871.21368
800.94318	868.9408
800.95526	870.05219
800.96735	872.46564
800.97943	871.61597
800.99152	870.86713
801.0036	874.15466
801.01575	870.37012
801.02783	871.34741
801.03992	871.31451
801.052	870.44714
801.06409	871.43567
801.07617	871.49982
801.08826	871.11395
801.10034	869.33411
801.11243	871.06415
801.12457	871.77563
801.13666	872.12286
801.14874	872.18201
801.16083	872.78632
801.17291	872.20941
801.185	872.49213
801.19708	872.9856
801.20917	871.58752
801.22125	871.60889
801.2334	871.88562
801.24548	872.42499
801.25757	870.70117
801.26965	870.15912
801.28174	871.7063
801.29382	872.9071
801.30591	871.35895
801.31799	871.54572
801.33014	870.01013
801.34222	870.80334
801.35431	873.94482
801.36639	873.91614
801.37848	870.96344
801.39056	872.53943
801.40265	872.30524
801.41473	871.12006
801.42682	870.12347
801.43896	871.00244
801.45105	870.5459
801.46313	872.43481
801.47522	873.37268
801.4873	872.62604
801.49939	872.95557
801.51147	871.64557
801.52356	871.40814
801.53564	871.41113
801.54779	870.20892
801.55988	871.20197
801.57196	871.32581
801.58405	869.2796
801.59613	870.03369
801.60822	871.50513
801.6203	872.29327
801.63239	871.67822
801.64447	870.76813
801.65662	870.34412
801.6687	871.05695
801.68079	871.42584
801.69287	872.81488
801.70496	871.92102
801.71704	874.24146
801.72913	870.93164
801.74121	871.78406
801.7533	874.06445
801.76544	872.10168
801.77753	872.39508
801.78961	872.12646
801.8017	870.48132
801.81378	871.00403
801.82587	871.56122
801.83795	873.73126
801.85004	872.99768
801.86218	871.21661
801.87427	870.42352
801.88635	870.70612
801.89844	870.8017
801.91052	870.69629
801.92261	871.09943
801.93469	873.7699
801.94678	873.40234
801.95886	872.32178
801.97101	874.51715
801.98309	872.56622
801.99518	870.40088
802.00726	871.42389
802.01935	871.32452
802.03143	871.203
802.04352	873.79388
802.0556	874.98926
802.06769	874.93115
802.07983	873.73102
802.09192	873.0293
802.104	872.0979
802.11609	873.17877
802.12817	873.44403
802.14026	874.6579
802.15234	874.30756
802.16443	875.41632
802.17651	873.85828
802.18866	871.06635
802.20074	868.75635
802.21283	873.16956
802.22491	873.70288
802.237	874.62292
802.24908	872.92102
802.26117	870.85168
802.27325	872.74939
802.28534	874.18066
802.29749	875.82257
802.30957	874.90991
802.32166	871.97931
802.33374	872.04962
802.34583	872.8252
802.35791	872.49493
802.37	872.15961
802.38208	871.28308
802.39423	871.99176
802.40631	873.19415
802.4184	872.08643
802.43048	872.03717
802.44257	871.49268
802.45465	872.599
802.46674	873.4975
802.47882	872.87671
802.49091	872.90662
802.50305	872.00684
802.51514	874.52417
802.52722	873.26343
802.53931	873.91644
802.55139	873.87531
802.56348	871.80347
802.57556	869.56549
802.58765	870.74176
802.59973	873.10626
802.61188	871.4859
802.62396	872.96918
802.63605	872.85474
802.64813	873.20654
802.66022	874.88196
802.6723	875.02545
802.68439	875.19629
802.69647	874.17877
802.70856	872.76733
802.7207	873.07587
802.73279	872.39325
802.74487	871.65784
802.75696	873.09338
802.76904	872.56122
802.78113	871.75891
802.79321	873.95782
802.8053	875.08624
802.81738	873.56549
802.82953	872.22418
802.84161	872.5473
802.8537	873.78571
802.86578	874.23926
802.87787	874.62146
802.88995	873.95044
802.90204	873.68909
802.91412	875.35376
802.92627	873.27484
802.93835	873.67218
802.95044	873.87207
802.96252	873.94727
802.97461	870.89874
802.98669	878.34113
802.99878	874.12061
803.01086	871.95923
803.02295	872.24585
803.0351	873.91156
803.04718	871.10999
803.05927	872.33936
803.07135	873.44507
803.08344	873.72961
803.09552	874.98328
803.1076	874.28363
803.11969	871.98419
803.13177	873.1886
803.14392	870.82776
803.15601	873.95593
803.16809	875.98157
803.18018	874.82349
803.19226	873.73047
803.20435	874.94897
803.21643	872.92224
803.22852	873.36609
803.2406	875.88818
803.25275	877.2644
803.26483	874.48096
803.27692	873.07361
803.289	874.09338
803.30109	872.89032
803.31317	873.20929
803.32526	874.35968
803.33734	873.87903
803.34943	874.505
803.36157	874.78943
803.37366	874.74188
803.38574	874.87646
803.39783	875.10516
803.40991	875.22241
803.422	875.33105
803.43408	873.37665
803.44617	873.09784
803.45831	875.97028
803.4704	875.52051
803.48248	874.43365
803.49457	872.6933
803.50665	872.05792
803.51874	874.86963
803.53082	876.73462
803.54291	875.72559
803.55499	876.7547
803.56714	877.0921
803.57922	876.09619
803.59131	874.32422
803.60339	874.53503
803.61548	874.979
803.62756	874.16492
803.63965	876.16595
803.65173	877.04742
803.66382	877.0058
803.67596	875.28729
803.68805	875.45374
803.70013	874.86163
803.71222	875.64685
803.7243	876.67932
803.73639	876.70471
803.74847	876.85272
803.76056	875.43475
803.77264	874.17133
803.78479	874.15973
803.79688	875.05078
803.80896	876.0744
803.82104	876.81549
803.83313	877.79236
803.84521	878.65491
803.8573	879.13904
803.86938	877.78076
803.88147	876.8999
803.89362	877.80157
803.9057	877.29095
803.91779	876.77905
803.92987	876.43195
803.94196	877.2674
803.95404	877.77759
803.96613	874.63281
803.97821	875.38922
803.99036	875.70319
804.00244	875.73395
804.01453	877.93787
804.02661	878.3728
804.0387	877.83258
804.05078	878.90594
804.06287	879.69513
804.07495	878.52222
804.08704	878.99353
804.09918	880.43829
804.11127	881.10248
804.12335	876.53033
804.13544	880.21912
804.14752	876.82507
804.15961	877.53662
804.17169	878.66705
804.18378	881.61774
804.19586	880.30371
804.20801	879.37842
804.22009	878.74341
804.23218	880.07239
804.24426	878.38519
804.25635	878.42468
804.26843	881.24847
804.28052	881.25085
804.2926	882.26306
804.30469	879.64832
804.31683	880.04474
804.32892	880.52655
804.341	881.51532
804.35309	880.69922
804.36517	879.40936
804.37726	880.84131
804.38934	881.87512
804.40143	880.7663
804.41351	879.68005
804.42566	880.16913
804.43774	882.10474
804.44983	884.23322
804.46191	883.94537
804.474	882.26935
804.48608	882.09192
804.49817	883.396
804.51025	882.7934
804.5224	881.72668
804.53448	883.62823
804.54657	884.96478
804.55865	883.67572
804.57074	882.95905
804.58282	884.20892
804.59491	886.40466
804.60699	886.43726
804.61908	884.35834
804.63123	882.84576
804.64331	882.17133
804.6554	883.83081
804.66748	885.51764
804.67957	885.8667
804.69165	884.79156
804.70374	885.04199
804.71582	884.65186
804.72791	886.48474
804.74005	884.54974
804.75214	888.2572
804.76422	888.06915
804.77631	886.62158
804.78839	886.23199
804.80048	887.2829
804.81256	888.01239
804.82465	888.10785
804.83673	885.59082
804.84888	887.67773
804.86096	889.66467
804.87305	889.48633
804.88513	888.06158
804.89722	887.68335
804.9093	892.7912
804.92139	891.46692
804.93347	892.31763
804.94556	890.49475
804.9577	889.02026
804.96979	894.17053
804.98187	891.79126
804.99396	891.21906
805.00604	894.14362
805.01813	891.80865
805.03021	892.50256
805.0423	895.75568
805.05444	893.70288
805.06653	894.38818
805.07861	895.30829
805.0907	894.96198
805.10278	895.4248
805.11487	895.77008
805.12695	893.59998
805.13904	896.31708
805.15112	897.13708
805.16327	896.30524
805.17535	897.12659
805.18744	899.78741
805.19952	900.67975
805.21161	899.89221
805.22369	897.82507
805.23578	898.13562
805.24786	901.99927
805.25995	900.49359
805.27209	898.93793
805.28418	899.76855
805.29626	900.69568
805.30835	903.76312
805.32043	905.4834
805.33252	906.47028
805.3446	903.75696
805.35669	905.11578
805.36877	903.77991
805.38092	905.18396
805.39301	904.9848
805.40509	908.39685
805.41718	909.88989
805.42926	908.08453
805.44135	910.71075
805.45343	908.62543
805.46552	909.66608
805.4776	908.42957
805.48975	911.62537
805.50183	908.3028
805.51392	908.31348
805.526	910.7702
805.53809	914.08392
805.55017	913.97668
805.56226	917.5321
805.57434	915.46222
805.58649	912.6825
805.59857	917.77301
805.61066	917.96692
805.62274	916.58783
805.63483	913.95087
805.64691	918.41681
805.659	914.54077
805.67108	916.14746
805.68317	913.5293
805.69531	916.02386
805.7074	915.89301
805.71948	922.8042
805.73157	919.23273
805.74365	920.99554
805.75574	922.61188
805.76782	921.9939
805.77991	922.29047
805.79199	920.71704
805.80414	920.64014
805.81622	922.39801
805.82831	921.7981
805.84039	926.422
805.85248	926.16656
805.86456	925.97107
805.87665	923.97864
805.88873	927.17548
805.90082	926.45599
805.91296	925.09265
805.92505	926.65356
805.93713	928.91669
805.94922	928.40887
805.9613	927.91498
805.97339	927.66272
805.98547	928.85468
805.99756	931.27887
806.00964	928.76373
806.02179	929.90808
806.03387	930.07373
806.04596	930.52606
806.05804	928.92896
806.07013	928.57996
806.08221	928.98938
806.0943	927.45612
806.10638	927.85321
806.11853	929.15881
806.13062	930.69385
806.1427	929.54553
806.15479	929.76727
806.16687	933.39703
806.17896	932.70465
806.19104	933.13635
806.20313	933.48004
806.21521	931.70477
806.22736	931.5282
806.23944	932.25067
806.25153	930.05933
806.26361	930.76917
806.2757	932.68207
806.28778	929.1059
806.29987	929.73541
806.31195	933.58417
806.32404	930.86273
806.33618	929.67316
806.34827	930.36603
806.36035	929.18781
806.37244	929.55664
806.38452	929.14648
806.39661	928.33136
806.40869	931.05408
806.42078	929.6933
806.43286	930.09961
806.44501	927.24573
806.45709	924.57141
806.46918	926.4021
806.48126	927.85687
806.49335	926.69635
806.50543	925.24377
806.51752	925.87842
806.5296	924.17352
806.54169	926.539
806.55383	925.81885
806.56592	922.5578
806.578	926.70679
806.59009	925.77826
806.60217	926.87805
806.61426	924.89063
806.62634	922.25281
806.63843	925.33136
806.65057	921.60938
806.66266	921.10553
806.67474	922.8949
806.68683	921.70331
806.69891	919.7016
806.711	922.57867
806.72308	920.78888
806.73517	921.76917
806.74725	915.40454
806.7594	918.32599
806.77148	917.4176
806.78357	916.35614
806.79565	921.04657
806.80774	924.10651
806.81982	919.0426
806.83191	916.31891
806.84399	917.34082
806.85608	919.63916
806.86823	917.51361
806.88031	918.50403
806.8924	913.32941
806.90448	913.8927
806.91656	914.42902
806.92865	915.6181
806.94073	910.98523
806.95282	913.23816
806.9649	912.45056
806.97705	912.7453
806.98914	910.64301
807.00122	911.71332
807.01331	910.0556
807.02539	910.33655
807.03748	911.85217
807.04956	906.56586
807.06165	906.79633
807.07373	913.0907
807.08588	910.71271
807.09796	913.3736
807.11005	911.29944
807.12213	906.52167
807.13422	906.7298
807.1463	907.1947
807.15839	906.30389
807.17047	905.3905
807.18262	906.27008
807.1947	906.789
807.20679	908.3316
807.21887	904.86005
807.23096	905.10919
807.24304	908.45428
807.25513	906.59656
807.26721	907.7171
807.2793	907.33563
807.29144	904.84131
807.30353	902.75665
807.31561	902.56244
807.3277	901.07513
807.33978	903.61566
807.35187	901.5849
807.36395	901.0766
807.37604	901.02747
807.38812	902.41827
807.40027	903.38684
807.41235	902.27203
807.42444	903.42053
807.43652	899.84637
807.44861	899.50616
807.46069	901.08392
807.47278	903.37592
807.48486	898.92383
807.49695	900.41992
807.50909	896.14185
807.52118	897.96661
807.53326	899.11981
807.54535	897.71063
807.55743	898.81378
807.56952	898.00977
807.5816	897.21887
807.59369	896.93604
807.60577	897.14526
807.61792	897.68402
807.63	896.78113
807.64209	898.31128
807.65417	894.46661
807.66626	895.45929
807.67834	895.45245
807.69043	896.03009
807.70251	897.06024
807.71466	896.6087
807.72675	897.53967
807.73883	895.44611
807.75092	895.32062
807.763	895.49359
807.77509	893.93066
807.78717	893.23547
807.79926	894.14178
807.81134	895.56573
807.82349	894.28564
807.83557	895.15125
807.84766	894.21771
807.85974	893.25568
807.87183	894.2774
807.88391	893.17706
807.896	894.16638
807.90808	891.64282
807.92017	892.09753
807.93231	892.65027
807.9444	892.07623
807.95648	892.27777
807.96857	891.59094
807.98065	892.06708
807.99274	892.66351
808.00482	889.55688
808.01691	889.77118
808.02899	890.87781
808.04114	892.43958
808.05322	892.33411
808.06531	893.55829
808.07739	891.62805
808.08948	889.89264
808.10156	889.89899
808.11365	890.57233
808.12573	890.79431
808.13782	891.75739
808.14996	888.60657
808.16205	888.11633
808.17413	889.98297
808.18622	891.25269
808.1983	889.72394
808.21039	890.1377
808.22247	887.67114
808.23456	886.9458
808.2467	887.7851
808.25879	888.77954
808.27087	890.12024
808.28296	890.20709
808.29504	889.49445
808.30713	889.65076
808.31921	891.07465
808.3313	889.00427
808.34338	890.82465
808.35553	888.0575
808.36761	886.45398
808.3797	889.16907
808.39178	888.82965
808.40387	887.22369
808.41595	887.68707
808.42804	885.5531
808.44012	887.56744
808.45221	887.11206
808.46436	889.52399
808.47644	889.30481
808.48853	889.13214
808.50061	887.7691
808.5127	885.32819
808.52478	887.94684
808.53687	890.38306
808.54895	888.24286
808.56104	889.23407
808.57318	888.28845
808.58527	889.27795
808.59735	884.33862
808.60944	887.5542
808.62152	888.25854
808.63361	887.66083
808.64569	885.91278
808.65778	887.49213
808.66986	886.49353
808.68201	887.22656
808.69409	889.53528
808.70618	888.23657
808.71826	888.4455
808.73035	885.7951
808.74243	887.37433
808.75452	887.17157
808.7666	886.76648
808.77875	888.20648
808.79083	885.60608
808.80292	885.88367
808.815	884.05426
808.82709	885.90417
808.83917	886.48492
808.85126	887.38312
808.86334	886.11774
808.87543	886.98932
808.88757	885.64636
808.89966	886.0271
808.91174	885.98694
808.92383	886.46161
808.93591	888.04736
808.948	888.82501
808.96008	887.93738
808.97217	887.76086
808.98425	885.72791
808.9964	884.74597
809.00848	885.53784
809.02057	887.29309
809.03265	888.10864
809.04474	887.36823
809.05682	887.26544
809.06891	886.26245
809.08099	887.89294
809.09308	885.89648
809.10522	885.70331
809.11731	885.21051
809.12939	884.82227
809.14148	886.87299
809.15356	886.99365
809.16565	885.40051
809.17773	885.02924
809.18982	885.69843
809.2019	884.93823
809.21405	884.76398
809.22614	886.48425
809.23822	884.30194
809.25031	883.20557
809.26239	883.37726
809.27448	884.79498
809.28656	884.73541
809.29865	885.24823
809.31079	885.07336
809.32288	884.83533
809.33496	882.10358
809.34705	882.25665
809.35913	884.55511
809.37122	884.19214
809.3833	883.73834
809.39539	884.742
809.40747	885.0705
809.41962	884.14685
809.4317	882.28217
809.44379	884.26093
809.45587	884.27338
809.46796	884.03271
809.48004	884.29419
809.49213	885.08191
809.50421	886.02289
809.5163	884.84448
809.52844	883.25977
809.54053	884.62671
809.55261	884.3562
809.5647	883.27051
809.57678	884.40472
809.58887	884.65338
809.60095	883.74036
809.61304	883.91931
809.62512	884.10468
809.63727	883.01465
809.64935	883.39764
809.66144	883.19434
809.67352	882.93951
809.68561	882.82526
809.69769	882.33032
809.70978	883.65039
809.72186	882.35419
809.73395	882.36841
809.74609	881.83789
809.75818	880.30176
809.77026	881.86731
809.78235	882.88971
809.79443	883.18658
809.80652	882.54095
809.8186	882.21643
809.83069	883.29346
809.84283	882.45123
809.85492	882.05524
809.867	882.8689
809.87909	882.82275
809.89117	881.82825
809.90326	881.96106
809.91534	881.83997
809.92743	881.92505
809.93951	883.28265
809.95166	881.63214
809.96375	882.16705
809.97583	882.16071
809.98792	882.69073
810	882.15881
810.01208	883.21802
810.02417	881.91553
810.03625	881.04584
810.04834	882.70941
810.06049	882.55865
810.07257	882.72839
810.08466	883.54572
810.09674	883.6535
810.10883	883.43201
810.12091	882.73083
810.133	881.56592
810.14508	882.20428
810.15717	883.26996
810.16931	883.30609
810.1814	883.1582
810.19348	884.06274
810.20557	882.10736
810.21765	884.06042
810.22974	883.75507
810.24182	883.65698
810.25391	881.83887
810.26605	883.71991
810.27814	883.58405
810.29022	885.22577
810.30231	884.2287
810.31439	885.07452
810.32648	886.25336
810.33856	884.36407
810.35065	886.63281
810.36273	887.61633
810.37488	888.10437
810.38696	886.84869
810.39905	887.64099
810.41113	885.99432
810.42322	886.96814
810.4353	887.18219
810.44739	888.21985
810.45947	889.77643
810.47156	887.72559
810.4837	888.59076
810.49579	891.11133
810.50787	890.03827
810.51996	889.50061
810.53204	891.67981
810.54413	893.32111
810.55621	890.89099
810.5683	892.61615
810.58038	895.22644
810.59253	893.74792
810.60461	892.37622
810.6167	894.17273
810.62878	892.90338
810.64087	893.79547
810.65295	893.99707
810.66504	895.31677
810.67712	897.05469
810.68921	896.36542
810.70135	897.00757
810.71344	896.22687
810.72552	897.06287
810.73761	896.74548
810.74969	898.71228
810.76178	899.5484
810.77386	899.50275
810.78595	900.07727
810.7981	899.54352
810.81018	900.60736
810.82227	901.42487
810.83435	899.36871
810.84644	902.66833
810.85852	904.15051
810.87061	905.28772
810.88269	906.3443
810.89478	908.27673
810.90692	907.3988
810.91901	908.396
810.93109	908.48615
810.94318	910.21545
810.95526	911.96265
810.96735	912.29285
810.97943	914.92676
810.99152	912.83612
811.0036	915.08459
811.01575	915.98328
811.02783	916.20691
811.03992	917.64612
811.052	916.33826
811.06409	916.54462
811.07617	917.87573
811.08826	920.0379
811.10034	919.3197
811.11243	917.23065
811.12457	918.92554
811.13666	917.92487
811.14874	916.75903
811.16083	917.18958
811.17291	916.62616
811.185	912.69879
811.19708	910.70654
811.20917	913.1142
811.22125	910.19153
811.2334	911.9494
811.24548	910.68817
811.25757	906.85071
811.26965	905.85992
811.28174	904.08691
811.29382	908.1651
811.30591	904.44366
811.31799	903.49939
811.33014	902.21667
811.34222	902.80133
811.35431	900.98224
811.36639	899.89691
811.37848	899.5304
811.39056	899.66534
811.40265	899.15436
811.41473	897.84631
811.42682	896.05939
811.43896	896.95404
811.45105	897.21167
811.46313	895.88068
811.47522	895.56256
811.4873	894.92102
811.49939	893.36798
811.51147	893.3114
811.52356	892.49658
811.53564	891.96222
811.54779	891.17444
811.55988	890.55981
811.57196	890.41241
811.58405	890.38281
811.59613	890.69244
811.60822	889.55688
811.6203	888.25269
811.63239	888.82092
811.64447	889.70166
811.65662	888.72986
811.6687	887.55188
811.68079	887.37415
811.69287	887.61853
811.70496	885.86774
811.71704	886.07123
811.72913	886.79968
811.74121	885.51978
811.7533	886.45624
811.76544	885.91602
811.77753	885.22723
811.78961	885.79102
811.8017	884.30847
811.81378	883.3822
811.82587	883.65118
811.83795	883.56158
811.85004	883.89606
811.86218	885.10168
811.87427	884.16992
811.88635	882.59149
811.89844	882.72949
811.91052	883.30145
811.92261	883.66833
811.93469	883.60632
811.94678	883.21564
811.95886	882.61151
811.97101	883.08551
811.98309	883.25793
811.99518	882.74561
812.00726	883.25208
812.01935	882.28479
812.03143	882.1825
812.04352	881.87952
812.0556	881.08398
812.06769	881.44263
812.07983	882.75708
812.09192	883.68707
812.104	882.91656
812.11609	882.22327
812.12817	882.81714
812.14026	882.62921
812.15234	881.96442
812.16443	882.62646
812.17651	884.02881
812.18866	881.38904
812.20074	881.86401
812.21283	882.66229
812.22491	882.38904
812.237	881.27142
812.24908	881.20532
812.26117	881.35583
812.27325	880.83337
812.28534	881.62189
812.29749	881.68738
812.30957	882.13263
812.32166	883.36981
812.33374	880.89374
812.34583	881.74316
812.35791	882.24915
812.37	881.97241
812.38208	881.80261
812.39423	881.97845
812.40631	882.6441
812.4184	882.61987
812.43048	882.19769
812.44257	882.34369
812.45465	882.90198
812.46674	882.64398
812.47882	881.99292
812.49091	883.97369
812.50305	883.51563
812.51514	882.76233
812.52722	882.91547
812.53931	882.72266
812.55139	883.59747
812.56348	883.85645
812.57556	883.32977
812.58765	882.92358
812.59973	882.88171
812.61188	883.44977
812.62396	884.11377
812.63605	882.3858
812.64813	882.02759
812.66022	885.34125
812.6723	882.98016
812.68439	883.41364
812.69647	882.99945
812.70856	881.89581
812.7207	882.19598
812.73279	882.00494
812.74487	882.10602
812.75696	883.66211
812.76904	883.50488
812.78113	882.41827
812.79321	881.94403
812.8053	882.75067
812.81738	884.08002
812.82953	884.4826
812.84161	882.73096
812.8537	882.52679
812.86578	884.65222
812.87787	885.09363
812.88995	884.65436
812.90204	884.40302
812.91412	885.3772
812.92627	884.04425
812.93835	886.98181
812.95044	885.23218
812.96252	886.27289
812.97461	886.43073
812.98669	887.37567
812.99878	886.32593
813.01086	885.96777
813.02295	885.96759
813.0351	885.61255
813.04718	888.70508
813.05927	886.82239
813.07135	886.85333
813.08344	884.9325
813.09552	889.39001
813.1076	889.16882
813.11969	888.67194
813.13177	885.93243
813.14392	887.83081
813.15601	887.57617
813.16809	887.2608
813.18018	888.56909
813.19226	886.83362
813.20435	890.28149
813.21643	888.03534
813.22852	888.59521
813.2406	889.02502
813.25275	888.11963
813.26483	889.78046
813.27692	889.83319
813.289	891.27283
813.30109	892.19427
813.31317	893.96289
813.32526	891.26208
813.33734	892.04901
813.34943	894.50653
813.36157	894.54675
813.37366	893.57544
813.38574	893.53961
813.39783	896.72638
813.40991	895.56305
813.422	895.13007
813.43408	895.1828
813.44617	895.74054
813.45831	896.29419
813.4704	895.60754
813.48248	898.138
813.49457	901.32373
813.50665	900.58887
813.51874	899.80377
813.53082	903.68976
813.54291	904.33282
813.55499	901.88214
813.56714	902.94403
813.57922	904.28802
813.59131	903.32544
813.60339	907.9892
813.61548	906.70087
813.62756	905.87329
813.63965	908.22375
813.65173	910.36243
813.66382	909.48413
813.67596	911.88708
813.68805	915.45416
813.70013	914.91241
813.71222	915.0863
813.7243	916.76312
813.73639	918.20612
813.74847	918.77185
813.76056	918.88251
813.77264	921.4964
813.78479	922.06976
813.79688	922.43024
813.80896	925.39752
813.82104	928.94983
813.83313	930.52515
813.84521	933.14111
813.8573	935.48737
813.86938	939.37921
813.88147	942.26239
813.89362	942.24908
813.9057	947.7077
813.91779	953.40979
813.92987	957.75
813.94196	963.43713
813.95404	972.21094
813.96613	980.21899
813.97821	978.79517
813.99036	987.52264
814.00244	1004.1377
814.01453	1005.9243
814.02661	1019.7894
814.0387	1035.1378
814.05078	1048.1041
814.06287	1065.6321
814.07495	1082.0613
814.08704	1094.0414
814.09918	1114.9775
814.11127	1140.392
814.12335	1153.5164
814.13544	1165.3313
814.14752	1182.2791
814.15961	1199.8599
814.17169	1208.1543
814.18378	1215.6035
814.19586	1221.8752
814.20801	1226.1625
814.22009	1210.3246
814.23218	1199.3115
814.24426	1191.816
814.25635	1172.626
814.26843	1162.8914
814.28052	1138.3804
814.2926	1120.5183
814.30469	1103.2086
814.31683	1090.303
814.32892	1081.1282
814.341	1065.0247
814.35309	1050.7146
814.36517	1037.5808
814.37726	1025.6323
814.38934	1014.5004
814.40143	1006.6335
814.41351	1000.4841
814.42566	986.48322
814.43774	979.40424
814.44983	975.98273
814.46191	969.35895
814.474	967.38354
814.48608	959.66296
814.49817	955.63019
814.51025	948.7207
814.5224	944.70398
814.53448	942.2514
814.54657	935.23657
814.55865	933.82434
814.57074	930.01111
814.58282	932.02246
814.59491	925.33899
814.60699	922.54602
814.61908	922.95673
814.63123	922.12793
814.64331	913.33362
814.6554	914.55469
814.66748	915.41541
814.67957	913.02661
814.69165	912.88141
814.70374	909.5318
814.71582	906.44128
814.72791	905.99481
814.74005	905.28674
814.75214	902.24298
814.76422	902.87817
814.77631	900.47052
814.78839	899.89697
814.80048	899.04651
814.81256	897.60931
814.82465	898.17432
814.83673	894.31677
814.84888	892.92395
814.86096	891.70691
814.87305	893.11169
814.88513	890.90955
814.89722	892.49188
814.9093	889.60889
814.92139	889.54285
814.93347	888.77655
814.94556	889.64557
814.9577	890.59961
814.96979	888.39215
814.98187	888.05304
814.99396	888.98126
815.00604	887.72241
815.01813	887.30023
815.03021	887.78497
815.0423	887.79877
815.05444	885.9812
815.06653	883.92194
815.07861	882.15656
815.0907	884.9137
815.10278	884.2522
815.11487	884.70654
815.12695	883.50159
815.13904	884.80298
815.15112	882.74719
815.16327	880.75348
815.17535	881.07233
815.18744	881.88922
815.19952	882.09717
815.21161	881.09937
815.22369	881.52338
815.23578	881.06897
815.24786	882.3988
815.25995	882.78748
815.27209	881.52692
815.28418	881.9339
815.29626	881.7395
815.30835	880.09344
815.32043	879.10608
815.33252	879.7995
815.3446	881.08289
815.35669	881.79736
815.36877	879.52747
815.38092	880.14758
815.39301	880.85083
815.40509	880.78625
815.41718	880.45062
815.42926	879.73468
815.44135	879.19672
815.45343	879.16199
815.46552	877.93982
815.4776	879.31049
815.48975	879.38147
815.50183	878.31866
815.51392	878.44977
815.526	877.86206
815.53809	877.01721
815.55017	878.78693
815.56226	877.68542
815.57434	879.21112
815.58649	878.6908
815.59857	879.01556
815.61066	878.07373
815.62274	876.63226
815.63483	875.297
815.64691	876.38965
815.659	877.04047
815.67108	877.89984
815.68317	879.41998
815.69531	880.0141
815.7074	877.95953
815.71948	876.82544
815.73157	876.07294
815.74365	875.84686
815.75574	876.15002
815.76782	876.28082
815.77991	878.21283
815.79199	878.31317
815.80414	876.7923
815.81622	876.43341
815.82831	875.47211
815.84039	875.98499
815.85248	876.09613
815.86456	876.09399
815.87665	875.83191
815.88873	875.77545
815.90082	875.96753
815.91296	876.24561
815.92505	875.99579
815.93713	875.64148
815.94922	874.70184
815.9613	876.0274
815.97339	876.35681
815.98547	876.53259
815.99756	877.7193
816.00964	876.63367
816.02179	876.03192
816.03387	875.13196
816.04596	874.58362
816.05804	876.59528
816.07013	878.12207
816.08221	877.81238
816.0943	874.98779
816.10638	874.33502
816.11853	874.50018
816.13062	876.1897
816.1427	876.45935
816.15479	876.45758
816.16687	875.67206
816.17896	875.56537
816.19104	875.63593
816.20313	876.09515
816.21521	878.23425
816.22736	877.4245
816.23944	875.97821
816.25153	875.81708
816.26361	875.60577
816.2757	874.1239
816.28778	875.79315
816.29987	875.47687
816.31195	875.42719
816.32404	876.07654
816.33618	874.44006
816.34827	875.0968
816.36035	875.0592
816.37244	874.17267
816.38452	875.23352
816.39661	875.66388
816.40869	873.99426
816.42078	874.30365
816.43286	877.08942
816.44501	876.8089
816.45709	874.07587
816.46918	876.2262
816.48126	874.90479
816.49335	874.93939
816.50543	875.16693
816.51752	873.99921
816.5296	875.43042
816.54169	874.06903
816.55383	873.77649
816.56592	874.8761
816.578	874.78113
816.59009	875.80328
816.60217	873.9873
816.61426	875.91473
816.62634	873.06659
816.63843	875.3504
816.65057	875.61743
816.66266	874.43634
816.67474	875.07263
816.68683	874.26111
816.69891	873.55066
816.711	873.86945
816.72308	875.12219
816.73517	875.94196
816.74725	876.32001
816.7594	875.59296
816.77148	875.42383
816.78357	876.28864
816.79565	875.21515
816.80774	874.46222
816.81982	873.92609
816.83191	874.93433
816.84399	874.75098
816.85608	874.90387
816.86823	874.62701
816.88031	874.41052
816.8924	874.65186
816.90448	873.67126
816.91656	875.33514
816.92865	873.69489
816.94073	873.18079
816.95282	873.08295
816.9649	873.89856
816.97705	876.54413
816.98914	876.39697
817.00122	874.41162
817.01331	873.1001
817.02539	873.95483
817.03748	874.07788
817.04956	875.19275
817.06165	875.17383
817.07373	874.15857
817.08588	873.55627
817.09796	874.64911
817.11005	875.44208
817.12213	874.80206
817.13422	874.9256
817.1463	875.68091
817.15839	873.90326
817.17047	873.61139
817.18262	874.409
817.1947	872.83429
817.20679	874.12286
817.21887	874.9483
817.23096	875.12317
817.24304	876.00293
817.25513	875.17609
817.26721	873.92932
817.2793	875.79541
817.29144	875.46985
817.30353	875.43756
817.31561	876.02075
817.3277	874.59094
817.33978	874.51465
817.35187	873.51208
817.36395	873.39392
817.37604	874.33728
817.38812	874.74194
817.40027	874.57196
817.41235	874.15051
817.42444	876.01019
817.43652	874.57971
817.44861	873.85315
817.46069	873.07886
817.47278	875.59631
817.48486	877.05975
817.49695	873.56091
817.50909	875.75549
817.52118	875.35522
817.53326	874.77179
817.54535	875.16736
817.55743	873.55841
817.56952	874.73816
817.5816	874.9469
817.59369	873.409
817.60577	874.53583
817.61792	874.24969
817.63	875.12512
817.64209	874.61469
817.65417	873.90674
817.66626	874.04028
817.67834	873.4978
817.69043	874.08575
817.70251	874.39935
817.71466	873.13416
817.72675	873.7641
817.73883	872.75812
817.75092	874.3869
817.763	874.3526
817.77509	874.0625
817.78717	874.33722
817.79926	872.71594
817.81134	873.43768
817.82349	875.00812
817.83557	876.38336
817.84766	874.94135
817.85974	873.1142
817.87183	873.00879
817.88391	874.3252
817.896	874.7934
817.90808	874.25659
817.92017	874.81732
817.93231	876.28223
817.9444	873.89404
817.95648	875.79779
817.96857	874.23224
817.98065	874.81866
817.99274	874.04517
818.00482	876.77124
818.01691	874.0899
818.02899	873.5882
818.04114	874.60223
818.05322	874.32758
818.06531	874.40375
818.07739	874.16956
818.08948	875.01605
818.10156	873.59229
818.11365	873.0957
818.12573	873.70404
818.13782	874.29962
818.14996	875.15656
818.16205	874.15033
818.17413	874.50024
818.18622	874.7251
818.1983	873.14362
818.21039	873.29248
818.22247	874.42346
818.23456	873.24066
818.2467	874.31439
818.25879	873.73767
818.27087	872.22736
818.28296	874.03589
818.29504	874.54529
818.30713	875.38629
818.31921	872.50769
818.3313	873.33295
818.34338	875.69849
818.35553	874.35059
818.36761	874.59296
818.3797	874.20184
818.39178	874.27637
818.40387	874.4903
818.41595	876.18726
818.42804	875.65967
818.44012	872.81781
818.45221	872.25629
818.46436	871.81885
818.47644	873.64069
818.48853	874.80859
818.50061	874.6554
818.5127	875.03149
818.52478	873.57507
818.53687	873.55359
818.54895	873.59009
818.56104	874.60968
818.57318	874.0874
818.58527	874.27545
818.59735	875.46881
818.60944	873.28552
818.62152	872.61639
818.63361	872.98132
818.64569	873.68811
818.65778	874.38721
818.66986	873.49341
818.68201	873.68622
818.69409	874.42395
818.70618	873.75269
818.71826	875.7373
818.73035	873.49396
818.74243	871.90308
818.75452	871.74396
818.7666	874.13794
818.77875	875.70795
818.79083	872.95959
818.80292	873.01221
818.815	872.35272
818.82709	874.39526
818.83917	874.53107
818.85126	873.73291
818.86334	874.10193
818.87543	873.94897
818.88757	874.21552
818.89966	874.69073
818.91174	875.57092
818.92383	874.76196
818.93591	874.41412
818.948	873.51892
818.96008	873.89374
818.97217	875.05902
818.98425	875.66986
818.9964	875.98431
819.00848	876.18207
819.02057	872.56824
819.03265	872.84387
819.04474	873.03265
819.05682	872.02734
819.06891	873.25659
819.08099	872.92419
819.09308	872.77502
819.10522	872.64856
819.11731	872.91473
819.12939	875.5119
819.14148	872.89093
819.15356	872.92603
819.16565	872.91412
819.17773	872.68579
819.18982	873.17181
819.2019	874.08252
819.21405	875.8407
819.22614	874.30627
819.23822	874.3291
819.25031	873.24561
819.26239	873.48016
819.27448	873.91754
819.28656	874.70685
819.29865	873.4101
819.31079	872.14697
819.32288	873.53406
819.33496	872.68372
819.34705	873.71368
819.35913	874.00604
819.37122	873.3949
819.3833	872.75317
819.39539	874.50989
819.40747	874.08777
819.41962	872.03192
819.4317	872.65411
819.44379	874.96393
819.45587	872.82166
819.46796	874.40015
819.48004	875.69104
819.49213	875.27209
819.50421	875.66931
819.5163	875.56677
819.52844	872.50598
819.54053	873.27216
819.55261	872.84119
819.5647	873.461
819.57678	874.62555
819.58887	875.43884
819.60095	875.47345
819.61304	873.38464
819.62512	874.75464
819.63727	873.71271
819.64935	873.20435
819.66144	873.67328
819.67352	874.56274
819.68561	872.95044
819.69769	874.22302
819.70978	873.57941
819.72186	873.94159
819.73395	875.38861
819.74609	874.4281
819.75818	874.23486
819.77026	874.17255
819.78235	873.02417
819.79443	874.1167
819.80652	871.56104
819.8186	872.65411
819.83069	872.94495
819.84283	872.13483
819.85492	875.76331
819.867	875.09479
819.87909	873.29535
819.89117	871.79596
819.90326	871.03204
819.91534	873.50897
819.92743	872.42822
819.93951	872.78815
819.95166	873.49603
819.96375	871.98486
819.97583	872.93726
819.98792	874.26678
820	875.23212
