800.14508	872.79102
800.15717	873.41211
800.16931	875.13074
800.1814	875.14819
800.19348	875.06921
800.20557	875.17761
800.21765	875.08667
800.22974	875.22614
800.24182	874.53015
800.25391	871.5318
800.26605	872.58832
800.27814	874.04187
800.29022	874.67712
800.30231	874.62378
800.31439	874.23865
800.32648	873.21509
800.33856	873.18176
800.35065	875.06
800.36273	874.29889
800.37488	873.35858
800.38696	872.36615
800.39905	872.72662
800.41113	873.24017
800.42322	875.71814
800.4353	874.28558
800.44739	873.58051
800.45947	872.8645
800.47156	872.08374
800.4837	872.83453
800.49579	873.43921
800.50787	873.16907
800.51996	873.3844
800.53204	874.00385
800.54413	873.76508
800.55621	872.22321
800.5683	871.76471
800.58038	874.33258
800.59253	871.69965
800.60461	873.242
800.6167	872.35016
800.62878	873.61975
800.64087	872.65631
800.65295	876.35248
800.66504	873.99872
800.67712	875.13007
800.68921	871.3905
800.70135	872.74506
800.71344	874.01105
800.72552	874.57611
800.73761	874.76947
800.74969	874.2691
800.76178	874.20618
800.77386	874.85675
800.78595	873.91052
800.7981	872.16168
800.81018	873.13373
800.82227	874.33704
800.83435	874.16064
800.84644	874.17188
800.85852	874.56659
800.87061	874.89923
800.88269	874.30566
800.89478	874.18451
800.90692	875.11536
800.91901	876.07452
800.93109	874.14551
800.94318	871.42438
800.95526	872.94159
800.96735	873.55078
800.97943	874.24243
800.99152	874.71637
801.0036	874.77899
801.01575	875.57355
801.02783	872.88916
801.03992	874.33673
801.052	874.76514
801.06409	874.9873
801.07617	872.8985
801.08826	873.5932
801.10034	875.14056
801.11243	874.7016
801.12457	874.11932
801.13666	874.79004
801.14874	875.14832
801.16083	873.75226
801.17291	872.55646
801.185	874.10712
801.19708	875.367
801.20917	874.23853
801.22125	874.16467
801.2334	874.93695
801.24548	875.08685
801.25757	875.55304
801.26965	874.88702
801.28174	875.3078
801.29382	873.16284
801.30591	874.30725
801.31799	875.60046
801.33014	875.22052
801.34222	874.263
801.35431	874.86908
801.36639	875.229
801.37848	876.87219
801.39056	876.19025
801.40265	878.31335
801.41473	876.58655
801.42682	875.41693
801.43896	875.80725
801.45105	875.51611
801.46313	874.94635
801.47522	873.94653
801.4873	874.68555
801.49939	874.13324
801.51147	873.5094
801.52356	873.24213
801.53564	873.23737
801.54779	872.39838
801.55988	873.3233
801.57196	875.57336
801.58405	874.75024
801.59613	873.73877
801.60822	872.78961
801.6203	872.01819
801.63239	875.19983
801.64447	875.92719
801.65662	874.41992
801.6687	873.74957
801.68079	874.45746
801.69287	876.02307
801.70496	872.54694
801.71704	872.81006
801.72913	874.21417
801.74121	874.17242
801.7533	875.07654
801.76544	872.23975
801.77753	873.91742
801.78961	873.95795
801.8017	874.29358
801.81378	874.16492
801.82587	875.2121
801.83795	874.34174
801.85004	873.61407
801.86218	874.54187
801.87427	874.33582
801.88635	874.69324
801.89844	874.64178
801.91052	873.84424
801.92261	873.83838
801.93469	875.46765
801.94678	874.84467
801.95886	873.43323
801.97101	874.62378
801.98309	874.39435
801.99518	873.09082
802.00726	873.0321
802.01935	874.75598
802.03143	875.23383
802.04352	873.92871
802.0556	874.06476
802.06769	874.0553
802.07983	875.06683
802.09192	873.52441
802.104	875.16498
802.11609	874.30798
802.12817	873.31665
802.14026	874.77325
802.15234	874.95917
802.16443	875.19952
802.17651	875.37158
802.18866	874.29871
802.20074	873.86438
802.21283	873.47406
802.22491	872.0116
802.237	873.24603
802.24908	874.52002
802.26117	875.39233
802.27325	875.39478
802.28534	874.38416
802.29749	875.62567
802.30957	875.25299
802.32166	873.54541
802.33374	873.46039
802.34583	873.69452
802.35791	875.27216
802.37	876.95374
802.38208	875.51764
802.39423	874.91803
802.40631	874.78168
802.4184	872.65631
802.43048	874.26672
802.44257	874.44519
802.45465	874.16919
802.46674	874.32861
802.47882	874.85083
802.49091	874.72845
802.50305	876.14819
802.51514	875.24548
802.52722	874.16217
802.53931	874.599
802.55139	874.43109
802.56348	876.00854
802.57556	873.99347
802.58765	874.65002
802.59973	876.0332
802.61188	874.00562
802.62396	877.02625
802.63605	873.71143
802.64813	875.29681
802.66022	874.93427
802.6723	875.43457
802.68439	877.75287
802.69647	878.29211
802.70856	875.58875
802.7207	874.2547
802.73279	874.52032
802.74487	874.9411
802.75696	877.0575
802.76904	878.54352
802.78113	877.08203
802.79321	874.92706
802.8053	875.83264
802.81738	876.17316
802.82953	876.94025
802.84161	877.66974
802.8537	873.58032
802.86578	875.30164
802.87787	878.26251
802.88995	876.55536
802.90204	874.62018
802.91412	875.53503
802.92627	875.23865
802.93835	874.99005
802.95044	878.00916
802.96252	875.58649
802.97461	874.17236
802.98669	875.38
802.99878	873.28711
803.01086	878.25659
803.02295	874.63812
803.0351	874.6803
803.04718	873.01038
803.05927	875.56354
803.07135	875.45306
803.08344	875.43042
803.09552	871.2605
803.1076	874.61127
803.11969	872.28613
803.13177	872.71973
803.14392	873.96857
803.15601	874.82904
803.16809	873.73254
803.18018	874.74915
803.19226	875.32971
803.20435	875.31543
803.21643	876.87732
803.22852	877.10693
803.2406	876.74969
803.25275	875.39026
803.26483	875.31934
803.27692	876.91962
803.289	878.24414
803.30109	877.47363
803.31317	876.89032
803.32526	877.74121
803.33734	876.27094
803.34943	875.57526
803.36157	877.10376
803.37366	877.83246
803.38574	875.95703
803.39783	877.34021
803.40991	878.91498
803.422	875.9024
803.43408	874.521
803.44617	877.78802
803.45831	877.15491
803.4704	878.21106
803.48248	876.48114
803.49457	876.69153
803.50665	875.17871
803.51874	877.71381
803.53082	876.37067
803.54291	877.54681
803.55499	876.10712
803.56714	877.18079
803.57922	876.82367
803.59131	877.42999
803.60339	876.26312
803.61548	875.0946
803.62756	876.28284
803.63965	877.04059
803.65173	876.14575
803.66382	878.53766
803.67596	876.49744
803.68805	878.388
803.70013	878.24982
803.71222	876.84662
803.7243	876.96307
803.73639	877.69794
803.74847	878.41052
803.76056	877.74054
803.77264	878.63501
803.78479	878.78101
803.79688	876.27728
803.80896	876.25525
803.82104	877.52942
803.83313	877.30011
803.84521	877.64777
803.8573	878.24738
803.86938	878.63599
803.88147	879.09302
803.89362	879.51031
803.9057	878.54071
803.91779	876.96613
803.92987	875.84515
803.94196	877.72211
803.95404	877.64478
803.96613	875.06378
803.97821	876.14508
803.99036	875.71045
804.00244	877.89917
804.01453	876.58142
804.02661	877.8501
804.0387	879.7663
804.05078	878.17108
804.06287	879.62646
804.07495	876.50311
804.08704	876.38593
804.09918	878.06226
804.11127	876.84497
804.12335	877.76062
804.13544	875.96332
804.14752	879.14032
804.15961	880.70917
804.17169	874.19965
804.18378	878.06757
804.19586	879.14417
804.20801	878.72778
804.22009	876.4115
804.23218	878.38214
804.24426	877.58295
804.25635	877.81207
804.26843	881.21741
804.28052	881.43311
804.2926	880.82562
804.30469	882.05981
804.31683	880.24872
804.32892	878.55627
804.341	879.97345
804.35309	879.95319
804.36517	877.69464
804.37726	879.00592
804.38934	881.09448
804.40143	880.96826
804.41351	879.79816
804.42566	878.65155
804.43774	879.83344
804.44983	880.05511
804.46191	880.79138
804.474	881.50122
804.48608	880.43732
804.49817	879.96362
804.51025	879.35016
804.5224	880.38025
804.53448	880.69427
804.54657	880.49054
804.55865	880.1676
804.57074	882.46399
804.58282	881.19574
804.59491	879.34045
804.60699	879.62115
804.61908	881.57507
804.63123	880.11237
804.64331	879.41949
804.6554	880.70807
804.66748	879.30389
804.67957	880.30084
804.69165	884.2207
804.70374	879.16797
804.71582	882.68762
804.72791	878.79358
804.74005	879.50977
804.75214	882.05536
804.76422	879.90393
804.77631	882.95355
804.78839	883.73773
804.80048	880.92059
804.81256	881.84869
804.82465	883.961
804.83673	882.07007
804.84888	882.98322
804.86096	886.8822
804.87305	881.25873
804.88513	882.74603
804.89722	883.23657
804.9093	883.55035
804.92139	883.83417
804.93347	883.61914
804.94556	884.07275
804.9577	885.5921
804.96979	883.08057
804.98187	884.2395
804.99396	885.21509
805.00604	885.25629
805.01813	885.34546
805.03021	886.8313
805.0423	884.83075
805.05444	883.39832
805.06653	885.27924
805.07861	886.55811
805.0907	886.12543
805.10278	886.44733
805.11487	886.37933
805.12695	886.99139
805.13904	885.94879
805.15112	886.70551
805.16327	884.90967
805.17535	884.00464
805.18744	886.72498
805.19952	887.23065
805.21161	885.81494
805.22369	888.32971
805.23578	889.80292
805.24786	890.75958
805.25995	889.08972
805.27209	890.27991
805.28418	890.41998
805.29626	889.56604
805.30835	886.34363
805.32043	889.0191
805.33252	888.46698
805.3446	889.93585
805.35669	891.27051
805.36877	893.24908
805.38092	891.12604
805.39301	889.15857
805.40509	891.55151
805.41718	892.70679
805.42926	893.57751
805.44135	889.42322
805.45343	892.09283
805.46552	891.98572
805.4776	892.8924
805.48975	893.58545
805.50183	893.24884
805.51392	892.30084
805.526	895.19647
805.53809	893.94031
805.55017	893.24158
805.56226	894.7981
805.57434	895.95392
805.58649	894.80414
805.59857	897.50116
805.61066	894.50507
805.62274	901.07062
805.63483	897.10114
805.64691	896.29858
805.659	901.06281
805.67108	899.18042
805.68317	902.09833
805.69531	896.51697
805.7074	896.74054
805.71948	898.4696
805.73157	900.10742
805.74365	901.77979
805.75574	901.41827
805.76782	898.03406
805.77991	902.01361
805.79199	902.39575
805.80414	903.75201
805.81622	904.3692
805.82831	901.21338
805.84039	907.86584
805.85248	904.74908
805.86456	907.55365
805.87665	907.81897
805.88873	906.99463
805.90082	906.37677
805.91296	909.76605
805.92505	910.46429
805.93713	911.74377
805.94922	910.23993
805.9613	911.81494
805.97339	912.99072
805.98547	910.90015
805.99756	912.9588
806.00964	911.58459
806.02179	913.87372
806.03387	913.43585
806.04596	911.7356
806.05804	911.43274
806.07013	914.35388
806.08221	916.66266
806.0943	915.1629
806.10638	916.22766
806.11853	919.68994
806.13062	921.9165
806.1427	920.29596
806.15479	921.40363
806.16687	924.354
806.17896	923.66528
806.19104	918.93134
806.20313	919.94629
806.21521	924.5885
806.22736	925.61053
806.23944	926.71667
806.25153	928.43768
806.26361	928.83704
806.2757	929.11383
806.28778	930.93683
806.29987	934.36554
806.31195	935.24341
806.32404	934.18976
806.33618	932.17535
806.34827	931.46826
806.36035	932.4093
806.37244	936.35315
806.38452	936.27087
806.39661	937.45953
806.40869	940.88696
806.42078	942.01013
806.43286	941.71625
806.44501	946.76825
806.45709	943.32837
806.46918	941.78949
806.48126	945.04303
806.49335	946.521
806.50543	949.01453
806.51752	950.61584
806.5296	949.44617
806.54169	953.26764
806.55383	949.80536
806.56592	953.00983
806.578	952.01471
806.59009	953.44727
806.60217	957.05615
806.61426	960.10352
806.62634	954.43958
806.63843	959.15741
806.65057	962.11627
806.66266	958.52808
806.67474	956.82385
806.68683	958.34283
806.69891	963.23022
806.711	968.2973
806.72308	967.62372
806.73517	967.10938
806.74725	966.95923
806.7594	962.4986
806.77148	966.83801
806.78357	969.49231
806.79565	971.69257
806.80774	966.86578
806.81982	979.93463
806.83191	975.02234
806.84399	972.61865
806.85608	975.46698
806.86823	980.85101
806.88031	977.10309
806.8924	980.22498
806.90448	982.16864
806.91656	979.7016
806.92865	977.7627
806.94073	988.00323
806.95282	985.19623
806.9649	982.34796
806.97705	983.20319
806.98914	982.10333
807.00122	988.6438
807.01331	988.83087
807.02539	979.9281
807.03748	985.64069
807.04956	981.58594
807.06165	985.06091
807.07373	985.08459
807.08588	984.7276
807.09796	982.64166
807.11005	984.37225
807.12213	986.62805
807.13422	986.71417
807.1463	980.42218
807.15839	991.99127
807.17047	987.17023
807.18262	991.78522
807.1947	990.07758
807.20679	998.38153
807.21887	993.60419
807.23096	992.01331
807.24304	991.62695
807.25513	993.08887
807.26721	995.17731
807.2793	992.21265
807.29144	988.08887
807.30353	989.31219
807.31561	989.69824
807.3277	993.18542
807.33978	985.52399
807.35187	977.63599
807.36395	987.92346
807.37604	987.58551
807.38812	991.79785
807.40027	981.26971
807.41235	983.00317
807.42444	985.18744
807.43652	983.18744
807.44861	983.79022
807.46069	985.75519
807.47278	984.70691
807.48486	982.5827
807.49695	977.54907
807.50909	975.57733
807.52118	975.33057
807.53326	980.98199
807.54535	978.03363
807.55743	973.23102
807.56952	973.50555
807.5816	971.49548
807.59369	971.16461
807.60577	971.86731
807.61792	965.98767
807.63	971.21149
807.64209	967.68951
807.65417	966.7912
807.66626	969.51215
807.67834	966.4043
807.69043	968.70374
807.70251	968.90338
807.71466	968.48212
807.72675	963.96283
807.73883	965.92126
807.75092	965.38
807.763	958.47174
807.77509	958.16302
807.78717	954.84558
807.79926	956.94501
807.81134	955.12354
807.82349	954.80402
807.83557	951.04651
807.84766	953.59094
807.85974	956.547
807.87183	952.33026
807.88391	949.70685
807.896	948.30444
807.90808	948.82092
807.92017	948.59943
807.93231	952.94946
807.9444	945.03131
807.95648	945.18884
807.96857	944.73102
807.98065	946.70251
807.99274	947.82605
808.00482	943.97675
808.01691	942.63745
808.02899	938.90546
808.04114	941.12744
808.05322	939.30383
808.06531	940.73376
808.07739	940.8858
808.08948	934.7854
808.10156	936.4892
808.11365	936.30811
808.12573	937.31696
808.13782	934.32269
808.14996	932.86334
808.16205	935.74249
808.17413	933.43317
808.18622	929.65796
808.1983	933.7782
808.21039	934.8772
808.22247	933.85944
808.23456	929.65686
808.2467	927.30304
808.25879	929.08496
808.27087	928.80597
808.28296	929.62671
808.29504	927.54773
808.30713	926.28314
808.31921	927.49878
808.3313	921.93414
808.34338	923.25372
808.35553	926.24182
808.36761	925.45551
808.3797	920.60992
808.39178	923.56897
808.40387	922.19489
808.41595	918.72437
808.42804	922.41217
808.44012	923.52557
808.45221	920.49554
808.46436	921.18207
808.47644	920.19983
808.48853	921.63733
808.50061	915.7995
808.5127	918.23291
808.52478	921.30487
808.53687	916.11646
808.54895	921.01178
808.56104	918.16656
808.57318	915.96503
808.58527	918.37531
808.59735	916.04816
808.60944	920.3869
808.62152	917.4762
808.63361	917.15826
808.64569	917.67664
808.65778	916.11658
808.66986	914.66327
808.68201	915.53778
808.69409	914.5105
808.70618	917.68713
808.71826	914.63428
808.73035	911.95831
808.74243	915.95648
808.75452	913.12964
808.7666	912.64801
808.77875	912.79486
808.79083	912.76715
808.80292	913.09644
808.815	913.45386
808.82709	914.01709
808.83917	911.26672
808.85126	910.81567
808.86334	913.52759
808.87543	907.50177
808.88757	912.29236
808.89966	912.14856
808.91174	909.0896
808.92383	911.21387
808.93591	912.95178
808.948	910.32019
808.96008	911.08551
808.97217	911.38934
808.98425	909.26123
808.9964	909.15424
809.00848	908.63544
809.02057	907.37213
809.03265	910.34991
809.04474	908.03589
809.05682	910.73792
809.06891	907.85156
809.08099	910.56488
809.09308	907.6192
809.10522	906.91437
809.11731	908.24121
809.12939	905.7464
809.14148	907.03601
809.15356	909.72711
809.16565	906.58167
809.17773	906.36841
809.18982	906.64728
809.2019	906.04382
809.21405	904.73682
809.22614	904.34503
809.23822	905.71033
809.25031	903.80396
809.26239	904.25769
809.27448	905.29803
809.28656	905.69794
809.29865	903.63263
809.31079	901.73462
809.32288	900.6828
809.33496	902.36652
809.34705	902.3288
809.35913	901.16656
809.37122	899.84412
809.3833	899.52838
809.39539	902.91187
809.40747	903.95142
809.41962	900.05981
809.4317	898.3775
809.44379	899.64825
809.45587	900.2561
809.46796	899.09149
809.48004	898.50482
809.49213	898.8288
809.50421	898.88477
809.5163	897.43396
809.52844	895.93475
809.54053	897.62024
809.55261	899.89313
809.5647	897.56494
809.57678	897.97784
809.58887	897.83795
809.60095	895.97607
809.61304	898.58801
809.62512	899.24982
809.63727	897.17413
809.64935	896.66101
809.66144	896.19794
809.67352	895.30908
809.68561	895.27979
809.69769	894.29205
809.70978	895.59973
809.72186	897.82782
809.73395	896.68542
809.74609	894.64374
809.75818	895.4917
809.77026	895.51263
809.78235	895.00952
809.79443	896.42505
809.80652	896.95917
809.8186	895.30328
809.83069	893.05872
809.84283	893.02094
809.85492	894.37134
809.867	893.91449
809.87909	892.49445
809.89117	891.87207
809.90326	893.46582
809.91534	893.68872
809.92743	893.37994
809.93951	894.67773
809.95166	895.18365
809.96375	893.26282
809.97583	890.23694
809.98792	891.39716
810	892.71014
810.01208	894.70923
810.02417	891.90363
810.03625	895.36462
810.04834	892.44263
810.06049	892.69861
810.07257	894.59985
810.08466	892.79816
810.09674	893.06812
810.10883	891.78741
810.12091	891.75623
810.133	892.40167
810.14508	890.97241
810.15717	891.77612
810.16931	893.28638
810.1814	892.55182
810.19348	893.2937
810.20557	894.2301
810.21765	894.79791
810.22974	893.89996
810.24182	894.26508
810.25391	892.25946
810.26605	894.00183
810.27814	895.15173
810.29022	895.87762
810.30231	895.69318
810.31439	895.92981
810.32648	896.07294
810.33856	897.47662
810.35065	896.59729
810.36273	896.8559
810.37488	896.62402
810.38696	897.26166
810.39905	897.76868
810.41113	897.21167
810.42322	897.08441
810.4353	897.87231
810.44739	898.60181
810.45947	896.97046
810.47156	901.03668
810.4837	901.80011
810.49579	900.33344
810.50787	900.97681
810.51996	902.76288
810.53204	904.82654
810.54413	905.19495
810.55621	903.46692
810.5683	903.24872
810.58038	905.0072
810.59253	907.40326
810.60461	905.70697
810.6167	909.25146
810.62878	907.2099
810.64087	908.57947
810.65295	909.01398
810.66504	909.48151
810.67712	906.55292
810.68921	909.13855
810.70135	911.00415
810.71344	914.04828
810.72552	911.51563
810.73761	911.32678
810.74969	912.48663
810.76178	915.08459
810.77386	914.00702
810.78595	914.15961
810.7981	917.60651
810.81018	915.15546
810.82227	920.39935
810.83435	918.32794
810.84644	918.86719
810.85852	921.87793
810.87061	920.2879
810.88269	924.33643
810.89478	922.13312
810.90692	926.90997
810.91901	928.25781
810.93109	931.14899
810.94318	934.44843
810.95526	930.44904
810.96735	934.37891
810.97943	933.79749
810.99152	940.03796
811.0036	938.17719
811.01575	939.99255
811.02783	947.55841
811.03992	946.78674
811.052	949.9021
811.06409	952.24152
811.07617	953.33307
811.08826	958.63947
811.10034	958.52875
811.11243	961.73822
811.12457	958.5069
811.13666	961.47546
811.14874	960.47693
811.16083	961.69098
811.17291	965.70215
811.185	964.49005
811.19708	964.81787
811.20917	964.6983
811.22125	963.35925
811.2334	959.97601
811.24548	964.47827
811.25757	961.17072
811.26965	956.04626
811.28174	956.80157
811.29382	956.87274
811.30591	954.73328
811.31799	951.13373
811.33014	951.09515
811.34222	948.65387
811.35431	943.24701
811.36639	945.23804
811.37848	946.1203
811.39056	944.84473
811.40265	939.71313
811.41473	937.90997
811.42682	934.86768
811.43896	933.66272
811.45105	932.19055
811.46313	927.43359
811.47522	923.60474
811.4873	928.48309
811.49939	926.89423
811.51147	927.78149
811.52356	920.66492
811.53564	920.76465
811.54779	921.31696
811.55988	920.74762
811.57196	918.40704
811.58405	914.40863
811.59613	914.39221
811.60822	914.24512
811.6203	913.7276
811.63239	913.09863
811.64447	911.18213
811.65662	908.25513
811.6687	907.14929
811.68079	907.41992
811.69287	906.04456
811.70496	904.91113
811.71704	906.06689
811.72913	906.93182
811.74121	905.5675
811.7533	903.77454
811.76544	902.65912
811.77753	900.6731
811.78961	900.06952
811.8017	900.62781
811.81378	901.05609
811.82587	900.6554
811.83795	898.84882
811.85004	897.55652
811.86218	897.36053
811.87427	896.31848
811.88635	895.78259
811.89844	894.78424
811.91052	893.53003
811.92261	894.02625
811.93469	894.8291
811.94678	897.37219
811.95886	897.66644
811.97101	892.66284
811.98309	892.35315
811.99518	893.2464
812.00726	892.8562
812.01935	892.03772
812.03143	892.98212
812.04352	893.52606
812.0556	892.46173
812.06769	893.1806
812.07983	892.16101
812.09192	891.19391
812.104	889.50745
812.11609	889.26324
812.12817	889.53217
812.14026	889.94183
812.15234	890.78882
812.16443	890.17072
812.17651	889.66565
812.18866	890.51166
812.20074	892.32837
812.21283	892.98193
812.22491	890.80695
812.237	891.01917
812.24908	890.16119
812.26117	889.95374
812.27325	889.99286
812.28534	890.16937
812.29749	889.94183
812.30957	889.33368
812.32166	889.98853
812.33374	890.25409
812.34583	887.65619
812.35791	886.8952
812.37	887.07098
812.38208	889.39166
812.39423	889.98346
812.40631	888.09265
812.4184	889.70386
812.43048	891.56445
812.44257	890.79913
812.45465	889.41718
812.46674	889.80994
812.47882	888.73505
812.49091	888.17645
812.50305	889.25317
812.51514	887.95276
812.52722	888.2605
812.53931	890.23694
812.55139	889.34552
812.56348	890.10004
812.57556	888.21771
812.58765	888.78992
812.59973	891.30585
812.61188	890.66528
812.62396	890.28082
812.63605	889.74731
812.64813	891.67535
812.66022	889.36121
812.6723	891.45648
812.68439	891.54187
812.69647	890.60785
812.70856	891.71228
812.7207	893.43451
812.73279	890.63379
812.74487	890.51044
812.75696	890.7099
812.76904	891.60126
812.78113	891.19031
812.79321	890.59698
812.8053	892.10571
812.81738	893.62463
812.82953	890.46429
812.84161	893.79285
812.8537	892.83862
812.86578	890.79596
812.87787	890.7121
812.88995	892.40112
812.90204	895.40869
812.91412	893.48352
812.92627	891.77106
812.93835	892.86047
812.95044	893.12531
812.96252	894.86603
812.97461	895.08191
812.98669	892.06818
812.99878	894.34509
813.01086	895.03986
813.02295	895.94525
813.0351	895.59113
813.04718	895.61292
813.05927	894.50378
813.07135	896.21088
813.08344	896.64783
813.09552	894.59149
813.1076	895.48651
813.11969	896.29266
813.13177	899.29999
813.14392	898.91504
813.15601	898.83386
813.16809	898.95044
813.18018	897.3089
813.19226	899.40417
813.20435	899.5274
813.21643	903.52869
813.22852	901.58813
813.2406	902.1358
813.25275	896.23572
813.26483	901.52679
813.27692	904.44434
813.289	903.73499
813.30109	906.21985
813.31317	905.55304
813.32526	905.77191
813.33734	904.74512
813.34943	904.6347
813.36157	906.98401
813.37366	910.54663
813.38574	911.15417
813.39783	912.31458
813.40991	914.55988
813.422	912.89191
813.43408	913.05164
813.44617	915.75226
813.45831	916.58954
813.4704	912.71783
813.48248	915.37378
813.49457	917.46295
813.50665	917.32513
813.51874	917.38977
813.53082	919.46008
813.54291	922.66888
813.55499	924.24445
813.56714	921.84039
813.57922	925.64606
813.59131	927.30786
813.60339	926.94586
813.61548	927.72656
813.62756	930.42419
813.63965	929.10474
813.65173	934.44946
813.66382	934.16302
813.67596	932.29425
813.68805	934.43292
813.70013	935.23267
813.71222	938.84094
813.7243	941.71698
813.73639	943.55145
813.74847	943.18945
813.76056	941.97235
813.77264	944.24243
813.78479	949.79315
813.79688	951.54156
813.80896	947.62885
813.82104	950.48157
813.83313	955.44482
813.84521	957.60266
813.8573	960.91748
813.86938	965.85303
813.88147	968.06262
813.89362	972.01752
813.9057	974.29333
813.91779	974.83258
813.92987	977.71045
813.94196	979.87018
813.95404	988.69824
813.96613	995.65771
813.97821	1004.9308
813.99036	1011.7819
814.00244	1018.6545
814.01453	1022.8804
814.02661	1033.6609
814.0387	1047.8328
814.05078	1059.0887
814.06287	1065.2285
814.07495	1087.0536
814.08704	1099.3279
814.09918	1124.6844
814.11127	1138.9196
814.12335	1159.5789
814.13544	1187.8428
814.14752	1209.0463
814.15961	1242.1681
814.17169	1265.9945
814.18378	1297.9886
814.19586	1322.063
814.20801	1361.3109
814.22009	1361.5762
814.23218	1399.688
814.24426	1409.7699
814.25635	1438.6887
814.26843	1453.7601
814.28052	1458.1099
814.2926	1452.8119
814.30469	1448.1283
814.31683	1454.7327
814.32892	1431.8953
814.341	1420.0228
814.35309	1395.8431
814.36517	1368.0389
814.37726	1339.4105
814.38934	1321.7245
814.40143	1292.8625
814.41351	1275.1992
814.42566	1249.5242
814.43774	1238.3231
814.44983	1210.694
814.46191	1185.6178
814.474	1157.1113
814.48608	1142.8712
814.49817	1139.8333
814.51025	1114.1689
814.5224	1105.2272
814.53448	1081.8899
814.54657	1072.2507
814.55865	1062.8657
814.57074	1045.6821
814.58282	1038.5278
814.59491	1035.1082
814.60699	1026.0735
814.61908	1011.2621
814.63123	1013.4512
814.64331	1002.2333
814.6554	989.66382
814.66748	986.53198
814.67957	984.69305
814.69165	984.9361
814.70374	974.5556
814.71582	971.15833
814.72791	966.23621
814.74005	965.22784
814.75214	956.57373
814.76422	950.5766
814.77631	953.26715
814.78839	945.42694
814.80048	941.11877
814.81256	941.84973
814.82465	939.17633
814.83673	936.25116
814.84888	931.41748
814.86096	926.97394
814.87305	927.53625
814.88513	929.31384
814.89722	920.87817
814.9093	921.88971
814.92139	921.69965
814.93347	917.24182
814.94556	917.6178
814.9577	913.20117
814.96979	907.32599
814.98187	912.58954
814.99396	907.83472
815.00604	905.93494
815.01813	907.63043
815.03021	905.54291
815.0423	904.34521
815.05444	901.54553
815.06653	897.28882
815.07861	898.35217
815.0907	899.97034
815.10278	900.13116
815.11487	898.43066
815.12695	896.28925
815.13904	896.50543
815.15112	895.36029
815.16327	895.66406
815.17535	893.67181
815.18744	891.31293
815.19952	892.14026
815.21161	894.93048
815.22369	894.13293
815.23578	892.49268
815.24786	891.54901
815.25995	890.3172
815.27209	890.68079
815.28418	891.13342
815.29626	889.74976
815.30835	886.6593
815.32043	887.47888
815.33252	888.55035
815.3446	888.06256
815.35669	886.47656
815.36877	884.96283
815.38092	887.18414
815.39301	885.36676
815.40509	885.12903
815.41718	887.1698
815.42926	886.35767
815.44135	884.8714
815.45343	883.91193
815.46552	883.3504
815.4776	884.80731
815.48975	883.93427
815.50183	881.75861
815.51392	884.7298
815.526	884.00037
815.53809	882.48181
815.55017	883.45294
815.56226	881.49084
815.57434	882.1507
815.58649	882.10052
815.59857	879.94739
815.61066	880.04675
815.62274	883.27362
815.63483	881.94
815.64691	879.46912
815.659	880.43329
815.67108	880.31104
815.68317	881.24127
815.69531	880.37415
815.7074	880.93738
815.71948	878.10107
815.73157	878.94385
815.74365	878.48145
815.75574	878.37061
815.76782	880.92743
815.77991	879.83643
815.79199	878.90253
815.80414	878.36621
815.81622	879.17511
815.82831	878.2851
815.84039	879.08636
815.85248	879.1156
815.86456	877.56152
815.87665	878.30908
815.88873	878.83099
815.90082	876.771
815.91296	878.1983
815.92505	877.71729
815.93713	876.98438
815.94922	878.89447
815.9613	877.61865
815.97339	875.99011
815.98547	877.74725
815.99756	876.71106
816.00964	875.36151
816.02179	876.37421
816.03387	876.15601
816.04596	877.68732
816.05804	876.79132
816.07013	875.07983
816.08221	876.20343
816.0943	876.17578
816.10638	876.96436
816.11853	874.73572
816.13062	875.10852
816.1427	877.04077
816.15479	876.18988
816.16687	878.13727
816.17896	877.47479
816.19104	876.7951
816.20313	875.55109
816.21521	875.66931
816.22736	875.03406
816.23944	874.47003
816.25153	874.46582
816.26361	877.43262
816.2757	876.15448
816.28778	874.33459
816.29987	875.56683
816.31195	875.83118
816.32404	874.96509
816.33618	875.71246
816.34827	876.05505
816.36035	874.50323
816.37244	873.48163
816.38452	877.56909
816.39661	876.76996
816.40869	875.33136
816.42078	874.57037
816.43286	875.25519
816.44501	874.07117
816.45709	875.28796
816.46918	875.35132
816.48126	876.54468
816.49335	875.05487
816.50543	876.1026
816.51752	874.12262
816.5296	874.00439
816.54169	875.08917
816.55383	873.8667
816.56592	875.27588
816.578	873.74573
816.59009	875.04657
816.60217	875.69409
816.61426	874.08185
816.62634	875.36401
816.63843	875.60876
816.65057	875.1535
816.66266	875.31885
816.67474	874.3739
816.68683	873.76654
816.69891	874.435
816.711	874.74963
816.72308	875.07062
816.73517	874.0238
816.74725	874.05493
816.7594	873.94257
816.77148	875.25104
816.78357	876.3468
816.79565	874.85229
816.80774	874.93604
816.81982	874.57965
816.83191	874.38434
816.84399	874.19403
816.85608	874.29498
816.86823	874.79773
816.88031	875.6814
816.8924	875.1037
816.90448	874.03802
816.91656	874.06635
816.92865	874.83026
816.94073	875.73834
816.95282	873.18054
816.9649	874.0473
816.97705	872.85858
816.98914	875.74933
817.00122	875.74945
817.01331	874.5553
817.02539	873.42316
817.03748	873.80109
817.04956	873.01349
817.06165	875.91437
817.07373	874.99615
817.08588	875.50116
817.09796	875.80127
817.11005	875.73431
817.12213	875.06702
817.13422	875.46399
817.1463	875.91144
817.15839	875.38062
817.17047	874.77246
817.18262	873.91443
817.1947	875.11499
817.20679	874.26172
817.21887	873.63489
817.23096	874.33728
817.24304	874.48352
817.25513	874.18292
817.26721	873.30328
817.2793	874.1297
817.29144	873.95331
817.30353	873.76935
817.31561	874.55444
817.3277	874.5282
817.33978	874.93011
817.35187	874.70929
817.36395	873.82458
817.37604	872.85681
817.38812	872.26697
817.40027	874.25745
817.41235	874.1889
817.42444	873.77856
817.43652	874.95331
817.44861	874.63202
817.46069	875.42993
817.47278	874.85687
817.48486	876.31348
817.49695	873.40588
817.50909	876.03839
817.52118	874.64709
817.53326	874.67816
817.54535	875.72943
817.55743	875.03088
817.56952	875.98358
817.5816	873.11768
817.59369	872.95624
817.60577	872.97723
817.61792	872.23602
817.63	874.4953
817.64209	874.4906
817.65417	873.09467
817.66626	873.21423
817.67834	873.30646
817.69043	874.30859
817.70251	873.6853
817.71466	874.23004
817.72675	874.80841
817.73883	872.86432
817.75092	873.26697
817.763	875.68182
817.77509	875.37152
817.78717	873.67786
817.79926	873.19025
817.81134	874.84119
817.82349	873.00708
817.83557	874.349
817.84766	874.75507
817.85974	874.66736
817.87183	873.96899
817.88391	874.45288
817.896	876.35699
817.90808	874.2981
817.92017	875.45209
817.93231	873.48108
817.9444	872.99591
817.95648	875.70123
817.96857	874.04913
817.98065	873.79285
817.99274	872.38702
818.00482	875.90582
818.01691	875.5719
818.02899	873.75281
818.04114	873.53302
818.05322	872.96686
818.06531	875.58954
818.07739	873.60858
818.08948	873.78778
818.10156	874.61334
818.11365	875.17944
818.12573	875.95929
818.13782	874.77368
818.14996	872.87408
818.16205	873.52936
818.17413	874.08508
818.18622	873.10016
818.1983	874.21893
818.21039	875.17322
818.22247	874.1333
818.23456	874.97125
818.2467	874.16229
818.25879	875.02789
818.27087	874.58801
818.28296	874.37585
818.29504	874.42108
818.30713	875.54517
818.31921	873.9483
818.3313	871.75458
818.34338	875.48853
818.35553	875.50433
818.36761	874.43781
818.3797	876.00537
818.39178	873.29724
818.40387	874.75519
818.41595	875.87769
818.42804	874.32611
818.44012	874.44348
818.45221	876.73444
818.46436	877.12811
818.47644	875.37195
818.48853	872.9032
818.50061	874.20123
818.5127	874.99188
818.52478	875.32111
818.53687	874.26373
818.54895	873.41278
818.56104	875.21625
818.57318	875.39844
818.58527	875.27966
818.59735	874.11761
818.60944	874.58765
818.62152	874.06256
818.63361	873.38959
818.64569	872.7226
818.65778	873.11938
818.66986	872.79034
818.68201	872.77783
818.69409	876.01813
818.70618	873.08905
818.71826	873.07153
818.73035	873.46887
818.74243	875.40936
818.75452	873.99512
818.7666	875.01642
818.77875	872.44904
818.79083	873.86041
818.80292	874.01489
818.815	874.02057
818.82709	873.37384
818.83917	873.40869
818.85126	873.35236
818.86334	873.2002
818.87543	873.37347
818.88757	874.71301
818.89966	874.65942
818.91174	875.37964
818.92383	874.82355
818.93591	874.60919
818.948	874.07941
818.96008	873.46057
818.97217	874.51556
818.98425	875.93341
818.9964	873.89734
819.00848	873.50067
819.02057	873.51202
819.03265	876.28284
819.04474	874.02692
819.05682	873.75995
819.06891	876.71924
819.08099	873.93585
819.09308	874.68658
819.10522	873.49164
819.11731	876.05157
819.12939	873.07574
819.14148	875.93665
819.15356	873.78735
819.16565	870.83282
819.17773	873.75964
819.18982	873.12732
819.2019	874.64069
819.21405	872.36548
819.22614	872.79852
819.23822	875.51691
819.25031	875.43896
819.26239	874.70758
819.27448	874.29791
819.28656	873.09393
819.29865	874.71698
819.31079	875.09052
819.32288	874.82422
819.33496	874.2251
819.34705	873.82709
819.35913	875.20105
819.37122	875.89081
819.3833	873.22815
819.39539	876.06738
819.40747	877.85608
819.41962	875.68201
819.4317	874.49945
819.44379	872.83002
819.45587	874.38965
819.46796	875.09155
819.48004	874.09656
819.49213	873.83453
819.50421	876.44849
819.5163	874.30194
819.52844	873.67548
819.54053	874.32501
819.55261	874.08966
819.5647	874.25494
819.57678	871.60669
819.58887	873.87213
819.60095	875.0661
819.61304	874.25623
819.62512	874.55121
819.63727	874.40753
819.64935	872.88702
819.66144	872.38544
819.67352	875.60669
819.68561	874.54834
819.69769	874.83698
819.70978	874.7597
819.72186	874.24371
819.73395	876.0459
819.74609	874.52911
819.75818	873.2735
819.77026	870.66064
819.78235	875.43536
819.79443	872.8125
819.80652	873.89447
819.8186	875.46643
819.83069	877.18274
819.84283	876.25897
819.85492	874.82184
819.867	873.58746
819.87909	873.90955
819.89117	874.65839
819.90326	873.96484
819.91534	875.08868
819.92743	873.51324
819.93951	873.36993
819.95166	872.30853
819.96375	873.57874
819.97583	874.23462
819.98792	874.90149
820	875.0177
