800.14508	872.37256
800.15717	872.09839
800.16931	871.14386
800.1814	872.41071
800.19348	873.16516
800.20557	871.98181
800.21765	871.77893
800.22974	871.37085
800.24182	874.65002
800.25391	874.17157
800.26605	874.94806
800.27814	873.10419
800.29022	872.77179
800.30231	872.70526
800.31439	873.22186
800.32648	873.78503
800.33856	874.18347
800.35065	871.35303
800.36273	872.21698
800.37488	873.32465
800.38696	868.8479
800.39905	872.47009
800.41113	871.73102
800.42322	873.29749
800.4353	873.75568
800.44739	874.30334
800.45947	873.92059
800.47156	872.86133
800.4837	873.2439
800.49579	872.82715
800.50787	872.88733
800.51996	873.48834
800.53204	872.11877
800.54413	872.51263
800.55621	872.45355
800.5683	871.39319
800.58038	872.40454
800.59253	873.61743
800.60461	871.86987
800.6167	871.0274
800.62878	871.59192
800.64087	874.40875
800.65295	875.46704
800.66504	870.91687
800.67712	872.5661
800.68921	872.09241
800.70135	873.67999
800.71344	871.94781
800.72552	872.91211
800.73761	873.52991
800.74969	873.88049
800.76178	874.76123
800.77386	873.70514
800.78595	873.48572
800.7981	874.7807
800.81018	874.55579
800.82227	873.73785
800.83435	873.04285
800.84644	873.32397
800.85852	874.96692
800.87061	873.97699
800.88269	871.40375
800.89478	872.4469
800.90692	873.58508
800.91901	870.9613
800.93109	872.71838
800.94318	872.97943
800.95526	873.78485
800.96735	873.79901
800.97943	873.79889
800.99152	871.3623
801.0036	875.22791
801.01575	874.177
801.02783	872.28729
801.03992	873.43488
801.052	872.06201
801.06409	871.78485
801.07617	871.12854
801.08826	871.35461
801.10034	870.44556
801.11243	872.8244
801.12457	871.77979
801.13666	871.68359
801.14874	871.12164
801.16083	871.48834
801.17291	872.16443
801.185	871.91388
801.19708	872.24756
801.20917	873.57904
801.22125	875.1604
801.2334	873.53619
801.24548	871.88245
801.25757	873.58521
801.26965	872.94464
801.28174	873.23291
801.29382	873.6734
801.30591	870.98077
801.31799	873.13818
801.33014	875.20172
801.34222	873.15918
801.35431	870.508
801.36639	876.98236
801.37848	872.26062
801.39056	874.30963
801.40265	873.5011
801.41473	875.44489
801.42682	875.82648
801.43896	873.70569
801.45105	874.01691
801.46313	872.02716
801.47522	870.66113
801.4873	872.00366
801.49939	873.31305
801.51147	873.84033
801.52356	873.50824
801.53564	874.36285
801.54779	875.30835
801.55988	874.34851
801.57196	874.18298
801.58405	874.28149
801.59613	872.39832
801.60822	872.11926
801.6203	873.5
801.63239	873.7594
801.64447	873.88434
801.65662	873.64752
801.6687	874.84955
801.68079	869.09637
801.69287	870.73596
801.70496	873.19244
801.71704	875.46588
801.72913	874.91364
801.74121	873.47064
801.7533	872.08521
801.76544	873.88446
801.77753	875.51929
801.78961	872.78082
801.8017	870.76416
801.81378	870.37714
801.82587	872.81946
801.83795	873.25568
801.85004	873.15985
801.86218	872.81165
801.87427	872.67786
801.88635	872.22791
801.89844	873.4776
801.91052	874.04706
801.92261	873.57483
801.93469	874.80804
801.94678	874.87903
801.95886	874.20984
801.97101	874.77423
801.98309	874.67963
801.99518	873.92078
802.00726	872.11023
802.01935	873.98962
802.03143	873.56964
802.04352	870.5777
802.0556	870.16089
802.06769	872.45612
802.07983	868.84186
802.09192	871.82782
802.104	873.10602
802.11609	875.46454
802.12817	869.87482
802.14026	873.43567
802.15234	874.6109
802.16443	875.00244
802.17651	874.39624
802.18866	871.67853
802.20074	874.40564
802.21283	873.44226
802.22491	873.55353
802.237	874.54156
802.24908	874.20227
802.26117	874.07892
802.27325	873.66595
802.28534	873.72064
802.29749	874.02246
802.30957	872.2793
802.32166	873.29675
802.33374	874.80237
802.34583	873.86285
802.35791	871.64337
802.37	872.42651
802.38208	876.08917
802.39423	876.25623
802.40631	874.1441
802.4184	873.69641
802.43048	874.19952
802.44257	872.12958
802.45465	873.48993
802.46674	873.25751
802.47882	874.94818
802.49091	872.49493
802.50305	873.7674
802.51514	871.60492
802.52722	876.75757
802.53931	874.54163
802.55139	874.62012
802.56348	873.49762
802.57556	875.42432
802.58765	873.72729
802.59973	873.99884
802.61188	871.69812
802.62396	874.25336
802.63605	871.28168
802.64813	870.83521
802.66022	873.60681
802.6723	871.78589
802.68439	873.24969
802.69647	877.2243
802.70856	875.61798
802.7207	874.90204
802.73279	874.87701
802.74487	872.94452
802.75696	872.7243
802.76904	875.40857
802.78113	875.78271
802.79321	873.76788
802.8053	873.14679
802.81738	875.03503
802.82953	875.38049
802.84161	874.02905
802.8537	874.95813
802.86578	873.41626
802.87787	872.6886
802.88995	875.05695
802.90204	873.57654
802.91412	874.59039
802.92627	873.30322
802.93835	875.54211
802.95044	877.87256
802.96252	874.8894
802.97461	875.06354
802.98669	875.31213
802.99878	875.2691
803.01086	877.2951
803.02295	877.58459
803.0351	874.61835
803.04718	872.74304
803.05927	875.32373
803.07135	875.49188
803.08344	872.34735
803.09552	873.14728
803.1076	873.88171
803.11969	875.18054
803.13177	876.62329
803.14392	871.88666
803.15601	871.33569
803.16809	873.8623
803.18018	874.72217
803.19226	874.41125
803.20435	875.48114
803.21643	875.85693
803.22852	876.83075
803.2406	874.59796
803.25275	873.68219
803.26483	875.51575
803.27692	876.99725
803.289	875.99786
803.30109	875.46155
803.31317	875.85706
803.32526	875.29437
803.33734	876.37042
803.34943	876.31323
803.36157	876.08472
803.37366	876.57983
803.38574	876.80615
803.39783	875.31116
803.40991	874.22192
803.422	874.86597
803.43408	875.32532
803.44617	873.01709
803.45831	873.33344
803.4704	874.00043
803.48248	875.36975
803.49457	874.28766
803.50665	874.37268
803.51874	876.63654
803.53082	876.25592
803.54291	874.69733
803.55499	874.12732
803.56714	878.18323
803.57922	877.76776
803.59131	875.98187
803.60339	875.41388
803.61548	878.18927
803.62756	874.09222
803.63965	874.01703
803.65173	876.05188
803.66382	876.29974
803.67596	874.17065
803.68805	875.14063
803.70013	875.37689
803.71222	875.61127
803.7243	874.13593
803.73639	873.69891
803.74847	875.43433
803.76056	875.40839
803.77264	874.70129
803.78479	874.29907
803.79688	875.70636
803.80896	877.10315
803.82104	876.54816
803.83313	876.66913
803.84521	875.54492
803.8573	875.55573
803.86938	876.61578
803.88147	876.37793
803.89362	874.52283
803.9057	874.55029
803.91779	874.96967
803.92987	875.32904
803.94196	874.40747
803.95404	877.14612
803.96613	879.56024
803.97821	877.47809
803.99036	875.992
804.00244	877.93732
804.01453	877.78693
804.02661	876.95239
804.0387	878.50635
804.05078	880.73822
804.06287	877.86658
804.07495	877.20667
804.08704	877.62402
804.09918	876.56635
804.11127	877.47949
804.12335	877.58386
804.13544	876.33362
804.14752	875.89246
804.15961	877.81921
804.17169	876.33832
804.18378	875.91412
804.19586	876.85284
804.20801	875.48212
804.22009	873.5882
804.23218	876.10834
804.24426	876.39307
804.25635	878.24164
804.26843	876.79327
804.28052	875.33618
804.2926	877.7149
804.30469	877.49945
804.31683	878.11426
804.32892	880.62823
804.341	880.64386
804.35309	880.98816
804.36517	878.52356
804.37726	875.60858
804.38934	876.73236
804.40143	878.57294
804.41351	877.56805
804.42566	877.07336
804.43774	877.41461
804.44983	878.76807
804.46191	879.36761
804.474	877.36401
804.48608	876.65302
804.49817	879.27161
804.51025	880.98285
804.5224	879.68048
804.53448	879.14764
804.54657	877.68933
804.55865	878.4704
804.57074	878.36224
804.58282	876.56775
804.59491	874.43109
804.60699	879.14691
804.61908	878.65417
804.63123	876.4765
804.64331	875.36121
804.6554	878.09692
804.66748	878.64453
804.67957	879.62805
804.69165	878.59882
804.70374	880.93781
804.71582	879.28345
804.72791	879.24591
804.74005	881.70361
804.75214	877.46594
804.76422	879.06244
804.77631	877.21613
804.78839	877.08502
804.80048	879.50385
804.81256	879.69275
804.82465	883.36902
804.83673	882.21808
804.84888	880.72705
804.86096	878.72296
804.87305	879.1759
804.88513	878.23987
804.89722	880.5686
804.9093	879.87329
804.92139	882.97876
804.93347	882.53436
804.94556	878.46814
804.9577	879.58282
804.96979	882.6958
804.98187	883.25598
804.99396	883.711
805.00604	882.94928
805.01813	883.1131
805.03021	883.27344
805.0423	883.09406
805.05444	883.21039
805.06653	883.66992
805.07861	884.09344
805.0907	884.80225
805.10278	882.36835
805.11487	880.9325
805.12695	884.14795
805.13904	884.35266
805.15112	886.06165
805.16327	885.7597
805.17535	882.8858
805.18744	882.79089
805.19952	881.34778
805.21161	882.56012
805.22369	883.35046
805.23578	882.40198
805.24786	884.82025
805.25995	883.27606
805.27209	884.6781
805.28418	884.49689
805.29626	885.59979
805.30835	884.87708
805.32043	884.263
805.33252	885.18689
805.3446	885.72241
805.35669	885.78625
805.36877	886.25378
805.38092	885.15515
805.39301	884.86237
805.40509	886.12964
805.41718	888.05426
805.42926	889.29797
805.44135	889.23322
805.45343	887.52588
805.46552	891.16479
805.4776	889.2583
805.48975	887.341
805.50183	889.82214
805.51392	889.48523
805.526	888.34705
805.53809	888.85065
805.55017	888.64929
805.56226	889.07971
805.57434	887.00403
805.58649	890.90594
805.59857	889.65594
805.61066	892.9201
805.62274	893.16016
805.63483	890.27338
805.64691	894.78735
805.659	891.63831
805.67108	896.89142
805.68317	891.07574
805.69531	893.57007
805.7074	893.28815
805.71948	893.15442
805.73157	893.79791
805.74365	893.19391
805.75574	897.15009
805.76782	895.19965
805.77991	895.04633
805.79199	895.47015
805.80414	894.16522
805.81622	893.77075
805.82831	900.57947
805.84039	897.31079
805.85248	894.9718
805.86456	893.61737
805.87665	898.41943
805.88873	898.54712
805.90082	900.29724
805.91296	897.95746
805.92505	892.49323
805.93713	897.70618
805.94922	903.94794
805.9613	902.94391
805.97339	904.05872
805.98547	902.97424
805.99756	902.2735
806.00964	901.08319
806.02179	899.92499
806.03387	901.45465
806.04596	904.5285
806.05804	902.89014
806.07013	904.34253
806.08221	906.32037
806.0943	904.36115
806.10638	906.83386
806.11853	905.78278
806.13062	903.79944
806.1427	905.63782
806.15479	908.46033
806.16687	908.41919
806.17896	908.07281
806.19104	908.90057
806.20313	908.47046
806.21521	908.55286
806.22736	907.80603
806.23944	910.13617
806.25153	911.28107
806.26361	911.9964
806.2757	915.74731
806.28778	916.53143
806.29987	914.8537
806.31195	916.87878
806.32404	916.62268
806.33618	917.33759
806.34827	916.55261
806.36035	917.80902
806.37244	918.64111
806.38452	920.48669
806.39661	924.28046
806.40869	917.95026
806.42078	915.23926
806.43286	922.51111
806.44501	923.15283
806.45709	925.83386
806.46918	928.20715
806.48126	927.28717
806.49335	929.16815
806.50543	925.06104
806.51752	928.7724
806.5296	927.81042
806.54169	928.64227
806.55383	928.39551
806.56592	929.55255
806.578	930.59058
806.59009	934.18481
806.60217	933.91431
806.61426	936.77997
806.62634	937.01556
806.63843	934.67664
806.65057	933.02313
806.66266	942.23145
806.67474	942.7547
806.68683	943.65704
806.69891	944.11505
806.711	944.9696
806.72308	945.97473
806.73517	948.86938
806.74725	950.62567
806.7594	951.79657
806.77148	954.52856
806.78357	954.80927
806.79565	957.5387
806.80774	958.72076
806.81982	959.4967
806.83191	956.64929
806.84399	962.66479
806.85608	962.6311
806.86823	956.46741
806.88031	959.81604
806.8924	968.16852
806.90448	965.74097
806.91656	968.13147
806.92865	972.03839
806.94073	972.16449
806.95282	973.38391
806.9649	974.60083
806.97705	975.38495
806.98914	969.45502
807.00122	973.41187
807.01331	979.39771
807.02539	982.72534
807.03748	977.29175
807.04956	976.37274
807.06165	978.76294
807.07373	983.44824
807.08588	984.67578
807.09796	984.35895
807.11005	987.01508
807.12213	987.87634
807.13422	997.79358
807.1463	995.5155
807.15839	987.69519
807.17047	1001.6485
807.18262	1002.0544
807.1947	997.59137
807.20679	1009.8282
807.21887	1002.1349
807.23096	1005.485
807.24304	1004.2532
807.25513	1013.0098
807.26721	1009.0435
807.2793	1011.4829
807.29144	1015.9086
807.30353	1015.8074
807.31561	1015.6954
807.3277	1014.642
807.33978	1020.7161
807.35187	1021.7601
807.36395	1021.1882
807.37604	1018.5468
807.38812	1020.0658
807.40027	1020.2689
807.41235	1028.1602
807.42444	1018.171
807.43652	1026.7765
807.44861	1025.2572
807.46069	1025.4651
807.47278	1026.7441
807.48486	1030.2024
807.49695	1033.8605
807.50909	1026.541
807.52118	1030.3269
807.53326	1029.3527
807.54535	1027.7327
807.55743	1030.688
807.56952	1037.3862
807.5816	1033.3142
807.59369	1026.6719
807.60577	1020.319
807.61792	1029.1898
807.63	1029.9736
807.64209	1025.9495
807.65417	1031.4132
807.66626	1031.2975
807.67834	1025.1348
807.69043	1021.8655
807.70251	1033.2833
807.71466	1030.8623
807.72675	1028.6381
807.73883	1027.767
807.75092	1032.762
807.763	1025.9225
807.77509	1025.2727
807.78717	1025.1447
807.79926	1025.1241
807.81134	1018.9175
807.82349	1019.4684
807.83557	1025.0745
807.84766	1024.3082
807.85974	1022.6392
807.87183	1019.8994
807.88391	1017.7747
807.896	1018.8694
807.90808	1015.1227
807.92017	1015.2848
807.93231	1009.3939
807.9444	1000.6155
807.95648	1004.0504
807.96857	1004.7291
807.98065	1001.3168
807.99274	999.63434
808.00482	997.323
808.01691	1004.4008
808.02899	1002.5845
808.04114	1004.7495
808.05322	1001.3032
808.06531	995.25098
808.07739	995.74792
808.08948	996.94647
808.10156	994.10254
808.11365	990.42657
808.12573	991.76941
808.13782	987.71674
808.14996	986.00946
808.16205	990.30463
808.17413	987.79474
808.18622	989.49731
808.1983	983.36371
808.21039	984.03845
808.22247	979.2077
808.23456	982.21631
808.2467	976.17267
808.25879	978.33685
808.27087	976.3902
808.28296	983.04584
808.29504	973.03088
808.30713	969.68799
808.31921	973.10889
808.3313	971.46057
808.34338	971.31659
808.35553	970.59711
808.36761	967.14594
808.3797	966.54492
808.39178	964.96008
808.40387	967.79614
808.41595	965.32227
808.42804	962.54779
808.44012	965.39655
808.45221	962.68311
808.46436	959.54706
808.47644	961.67725
808.48853	954.59406
808.50061	957.31635
808.5127	956.92145
808.52478	956.51324
808.53687	953.85504
808.54895	955.83148
808.56104	956.76617
808.57318	951.3075
808.58527	951.4696
808.59735	956.74091
808.60944	950.42383
808.62152	949.19531
808.63361	952.00677
808.64569	947.91772
808.65778	948.22998
808.66986	944.20111
808.68201	945.21344
808.69409	947.01068
808.70618	947.14526
808.71826	947.03473
808.73035	942.79779
808.74243	946.94226
808.75452	945.10095
808.7666	942.28345
808.77875	944.2757
808.79083	946.1601
808.80292	939.84454
808.815	946.42603
808.82709	936.63007
808.83917	943.21637
808.85126	941.56274
808.86334	937.75854
808.87543	939.7298
808.88757	937.01379
808.89966	938.69788
808.91174	945.27454
808.92383	939.10114
808.93591	931.08807
808.948	926.56329
808.96008	935.07465
808.97217	933.68805
808.98425	929.50134
808.9964	929.29242
809.00848	933.29803
809.02057	934.53619
809.03265	933.11053
809.04474	929.76929
809.05682	929.28961
809.06891	929.78162
809.08099	927.01654
809.09308	931.66162
809.10522	923.55127
809.11731	927.32104
809.12939	927.677
809.14148	928.10101
809.15356	923.70398
809.16565	926.078
809.17773	923.29193
809.18982	925.79456
809.2019	924.08722
809.21405	923.17438
809.22614	923.02301
809.23822	924.00415
809.25031	925.25635
809.26239	920.74347
809.27448	921.19629
809.28656	919.09906
809.29865	919.01617
809.31079	920.12756
809.32288	921.13531
809.33496	917.14423
809.34705	917.09534
809.35913	920.80347
809.37122	921.08496
809.3833	916.97266
809.39539	917.49432
809.40747	918.9801
809.41962	916.99908
809.4317	914.36859
809.44379	915.42181
809.45587	916.92651
809.46796	916.06812
809.48004	917.48065
809.49213	913.88885
809.50421	912.07776
809.5163	916.19525
809.52844	914.51965
809.54053	913.75537
809.55261	914.88678
809.5647	910.52112
809.57678	911.19244
809.58887	912.8244
809.60095	909.02832
809.61304	910.40826
809.62512	911.63715
809.63727	911.10449
809.64935	910.17303
809.66144	910.24042
809.67352	907.57709
809.68561	908.59924
809.69769	907.85553
809.70978	908.82684
809.72186	909.28003
809.73395	907.41205
809.74609	906.86475
809.75818	906.60352
809.77026	907.46954
809.78235	905.83429
809.79443	907.44788
809.80652	906.85077
809.8186	903.8653
809.83069	904.69092
809.84283	904.51312
809.85492	904.64905
809.867	904.49677
809.87909	901.02051
809.89117	897.92719
809.90326	903.2132
809.91534	905.72955
809.92743	903.83887
809.93951	902.79645
809.95166	903.61475
809.96375	901.76276
809.97583	899.13623
809.98792	902.32782
810	902.97308
810.01208	898.32599
810.02417	901.43512
810.03625	902.04559
810.04834	902.15985
810.06049	903.40619
810.07257	902.52362
810.08466	899.6908
810.09674	897.89667
810.10883	900.33374
810.12091	900.26251
810.133	901.27985
810.14508	899.46289
810.15717	898.70056
810.16931	900.99207
810.1814	898.15582
810.19348	898.90094
810.20557	900.29077
810.21765	901.05426
810.22974	902.12488
810.24182	901.06641
810.25391	900.6402
810.26605	902.5329
810.27814	902.0741
810.29022	902.02368
810.30231	901.99017
810.31439	902.93604
810.32648	903.76715
810.33856	901.65771
810.35065	904.40643
810.36273	904.94244
810.37488	904.15448
810.38696	904.80157
810.39905	905.31873
810.41113	906.58685
810.42322	905.19122
810.4353	906.86572
810.44739	904.27911
810.45947	908.26544
810.47156	906.5733
810.4837	907.92889
810.49579	908.12415
810.50787	909.58942
810.51996	910.83337
810.53204	911.60583
810.54413	908.52429
810.55621	907.9295
810.5683	911.29608
810.58038	910.367
810.59253	911.48096
810.60461	915.66357
810.6167	913.15894
810.62878	911.87469
810.64087	915.62354
810.65295	915.23175
810.66504	915.63519
810.67712	915.20685
810.68921	916.89923
810.70135	919.11816
810.71344	917.25464
810.72552	914.35278
810.73761	919.39911
810.74969	921.74426
810.76178	922.28833
810.77386	921.18085
810.78595	921.73114
810.7981	921.34204
810.81018	924.04132
810.82227	922.19928
810.83435	922.28955
810.84644	926.67145
810.85852	926.94312
810.87061	932.78937
810.88269	930.15143
810.89478	932.52643
810.90692	932.37897
810.91901	932.24414
810.93109	935.80463
810.94318	941.97723
810.95526	944.16278
810.96735	948.04962
810.97943	946.33655
810.99152	949.05469
811.0036	950.85675
811.01575	957.72449
811.02783	957.1217
811.03992	963.64252
811.052	963.18335
811.06409	968.51257
811.07617	972.64117
811.08826	975.55811
811.10034	975.90802
811.11243	981.59998
811.12457	983.12384
811.13666	980.35077
811.14874	986.1579
811.16083	990.6983
811.17291	994.00159
811.185	990.95587
811.19708	990.80383
811.20917	994.07092
811.22125	998.46185
811.2334	997.04919
811.24548	997.31165
811.25757	992.09503
811.26965	991.53235
811.28174	989.26257
811.29382	992.02344
811.30591	990.85669
811.31799	989.60059
811.33014	989.38385
811.34222	987.33441
811.35431	988.39594
811.36639	987.01141
811.37848	983.14545
811.39056	981.68958
811.40265	975.43304
811.41473	973.82172
811.42682	970.04333
811.43896	966.85181
811.45105	964.50995
811.46313	963.95837
811.47522	961.94232
811.4873	957.58972
811.49939	951.83881
811.51147	952.57996
811.52356	955.65271
811.53564	953.70294
811.54779	950.98633
811.55988	943.3161
811.57196	935.84131
811.58405	935.23578
811.59613	939.54285
811.60822	937.20184
811.6203	933.95215
811.63239	934.41577
811.64447	932.09662
811.65662	929.25305
811.6687	928.52374
811.68079	927.9566
811.69287	923.50085
811.70496	924.42188
811.71704	922.41089
811.72913	918.42255
811.74121	916.34967
811.7533	919.32104
811.76544	922.55243
811.77753	919.21045
811.78961	915.33313
811.8017	912.76172
811.81378	913.53735
811.82587	912.85168
811.83795	912.16528
811.85004	914.77899
811.86218	912.79413
811.87427	909.69043
811.88635	908.85437
811.89844	907.98187
811.91052	906.1073
811.92261	905.75488
811.93469	905.9281
811.94678	907.00531
811.95886	905.448
811.97101	906.90039
811.98309	906.88477
811.99518	904.19171
812.00726	903.0553
812.01935	902.41327
812.03143	901.94812
812.04352	901.37354
812.0556	900.7077
812.06769	900.38257
812.07983	899.82977
812.09192	900.24548
812.104	898.92285
812.11609	897.53363
812.12817	899.35657
812.14026	900.55664
812.15234	897.73181
812.16443	897.27991
812.17651	901.37268
812.18866	900.01202
812.20074	900.70349
812.21283	899.31848
812.22491	896.31158
812.237	895.29327
812.24908	898.78723
812.26117	897.72437
812.27325	894.50385
812.28534	897.42737
812.29749	897.10095
812.30957	897.67535
812.32166	896.36017
812.33374	894.88715
812.34583	897.1554
812.35791	896.69922
812.37	896.40381
812.38208	895.60284
812.39423	893.41846
812.40631	894.99597
812.4184	894.84821
812.43048	896.79523
812.44257	896.94501
812.45465	897.37183
812.46674	895.72174
812.47882	896.31757
812.49091	895.27313
812.50305	895.01001
812.51514	896.47473
812.52722	897.77014
812.53931	896.43243
812.55139	894.79187
812.56348	896.78046
812.57556	896.97156
812.58765	896.36084
812.59973	897.2005
812.61188	897.21686
812.62396	897.92682
812.63605	896.45319
812.64813	893.45068
812.66022	894.79443
812.6723	895.92932
812.68439	894.46063
812.69647	896.84625
812.70856	897.40369
812.7207	895.71362
812.73279	895.64709
812.74487	897.09338
812.75696	899.08905
812.76904	896.26874
812.78113	895.86737
812.79321	897.15161
812.8053	896.53467
812.81738	895.95947
812.82953	896.90039
812.84161	898.77222
812.8537	899.93835
812.86578	897.19611
812.87787	899.47797
812.88995	897.55176
812.90204	899.40576
812.91412	895.46674
812.92627	897.38281
812.93835	898.14307
812.95044	897.49786
812.96252	895.66803
812.97461	900.13635
812.98669	898.79449
812.99878	898.29681
813.01086	899.99811
813.02295	898.56256
813.0351	898.51117
813.04718	903.75739
813.05927	902.26862
813.07135	899.86438
813.08344	904.70624
813.09552	902.0791
813.1076	901.28265
813.11969	902.99445
813.13177	902.80042
813.14392	902.46991
813.15601	902.11151
813.16809	902.53186
813.18018	905.54889
813.19226	904.61542
813.20435	903.35815
813.21643	907.21448
813.22852	905.20105
813.2406	907.46173
813.25275	906.38531
813.26483	905.38232
813.27692	904.83258
813.289	906.85406
813.30109	907.70935
813.31317	908.04694
813.32526	910.48901
813.33734	912.69598
813.34943	911.98364
813.36157	914.6579
813.37366	915.4787
813.38574	911.46796
813.39783	913.5849
813.40991	915.40344
813.422	913.55267
813.43408	915.22113
813.44617	916.17004
813.45831	917.51447
813.4704	918.21893
813.48248	921.87433
813.49457	921.97821
813.50665	919.60718
813.51874	917.70807
813.53082	919.78522
813.54291	924.80389
813.55499	923.01587
813.56714	921.94476
813.57922	924.16425
813.59131	926.20593
813.60339	925.72919
813.61548	925.67432
813.62756	929.34326
813.63965	929.45105
813.65173	930.28174
813.66382	932.8938
813.67596	932.64362
813.68805	933.63306
813.70013	937.90424
813.71222	939.69476
813.7243	938.75885
813.73639	941.23663
813.74847	938.8501
813.76056	937.71857
813.77264	940.83057
813.78479	943.95911
813.79688	947.22198
813.80896	946.9306
813.82104	948.31439
813.83313	955.43994
813.84521	959.39417
813.8573	956.73572
813.86938	960.8432
813.88147	966.44934
813.89362	963.28119
813.9057	964.85638
813.91779	974.03839
813.92987	981.57111
813.94196	987.17175
813.95404	989.99408
813.96613	992.69574
813.97821	1003.6219
813.99036	1008.9423
814.00244	1017.9469
814.01453	1023.6959
814.02661	1035.8411
814.0387	1046.4519
814.05078	1053.8232
814.06287	1060.9202
814.07495	1073.8114
814.08704	1096.3075
814.09918	1111.3812
814.11127	1133.135
814.12335	1158.1802
814.13544	1172.9833
814.14752	1202.6973
814.15961	1214.3301
814.17169	1239.0563
814.18378	1273.8701
814.19586	1310.906
814.20801	1342.4669
814.22009	1374.626
814.23218	1402.7649
814.24426	1445.4855
814.25635	1486.98
814.26843	1511.9501
814.28052	1522.9044
814.2926	1568.7745
814.30469	1577.3452
814.31683	1591.2363
814.32892	1589.8246
814.341	1616.4114
814.35309	1596.5933
814.36517	1585.4088
814.37726	1573.8875
814.38934	1562.0248
814.40143	1527.8417
814.41351	1499.8989
814.42566	1468.8865
814.43774	1431.0089
814.44983	1400.066
814.46191	1385.3269
814.474	1368.9858
814.48608	1333.7693
814.49817	1301.9044
814.51025	1283.1385
814.5224	1251.1896
814.53448	1223.2301
814.54657	1212.2767
814.55865	1175.7338
814.57074	1159.8853
814.58282	1155.5649
814.59491	1148.4861
814.60699	1123.674
814.61908	1106.8373
814.63123	1096.6956
814.64331	1085.5546
814.6554	1075.2395
814.66748	1068.6896
814.67957	1042.134
814.69165	1045.9586
814.70374	1040.193
814.71582	1018.7684
814.72791	1015.1334
814.74005	996.87689
814.75214	1002.0596
814.76422	995.63727
814.77631	992.74628
814.78839	990.71515
814.80048	980.8551
814.81256	972.39905
814.82465	970.0929
814.83673	962.22949
814.84888	959.79022
814.86096	958.86603
814.87305	955.73309
814.88513	951.30334
814.89722	947.80383
814.9093	949.77576
814.92139	948.15253
814.93347	941.58948
814.94556	935.17029
814.9577	931.89386
814.96979	928.53149
814.98187	933.61829
814.99396	933.12616
815.00604	930.60358
815.01813	927.81854
815.03021	923.12946
815.0423	922.10333
815.05444	915.5788
815.06653	919.32202
815.07861	914.9856
815.0907	910.57318
815.10278	908.97308
815.11487	908.789
815.12695	912.90216
815.13904	911.55255
815.15112	908.91254
815.16327	908.73743
815.17535	906.61243
815.18744	903.32336
815.19952	904.17554
815.21161	903.54242
815.22369	898.96362
815.23578	900.69415
815.24786	899.4823
815.25995	896.62177
815.27209	898.53845
815.28418	898.56177
815.29626	901.02155
815.30835	900.13275
815.32043	896.58588
815.33252	897.0592
815.3446	896.94415
815.35669	895.09698
815.36877	893.33923
815.38092	895.43787
815.39301	892.42096
815.40509	892.42072
815.41718	891.35327
815.42926	889.51642
815.44135	890.19208
815.45343	889.38745
815.46552	887.4483
815.4776	886.10577
815.48975	887.34717
815.50183	888.46381
815.51392	889.74542
815.526	887.54028
815.53809	886.25342
815.55017	887.45575
815.56226	886.4129
815.57434	889.59485
815.58649	886.89868
815.59857	884.52374
815.61066	886.42102
815.62274	885.12756
815.63483	885.87933
815.64691	883.72522
815.659	883.99286
815.67108	881.56305
815.68317	882.26385
815.69531	884.52655
815.7074	882.93854
815.71948	880.82562
815.73157	882.38324
815.74365	881.48462
815.75574	881.18341
815.76782	883.65216
815.77991	881.97821
815.79199	880.58032
815.80414	882.80219
815.81622	882.10376
815.82831	883.10486
815.84039	882.53522
815.85248	880.12439
815.86456	880.87213
815.87665	878.79773
815.88873	879.54663
815.90082	880.22571
815.91296	877.51929
815.92505	877.84003
815.93713	878.53479
815.94922	878.57715
815.9613	879.14514
815.97339	878.37439
815.98547	878.73145
815.99756	878.37805
816.00964	879.99146
816.02179	880.66174
816.03387	878.0899
816.04596	877.59009
816.05804	877.34125
816.07013	878.46558
816.08221	877.68414
816.0943	878.08844
816.10638	879.70093
816.11853	878.7395
816.13062	877.03455
816.1427	878.27032
816.15479	880.18188
816.16687	879.26373
816.17896	876.37872
816.19104	877.63049
816.20313	877.37366
816.21521	876.56854
816.22736	877.94324
816.23944	876.91534
816.25153	878.5188
816.26361	878.72052
816.2757	878.78479
816.28778	877.62415
816.29987	876.02527
816.31195	874.25958
816.32404	876.01764
816.33618	875.59351
816.34827	876.57172
816.36035	877.40948
816.37244	875.51282
816.38452	873.58588
816.39661	877.73462
816.40869	876.79004
816.42078	874.34772
816.43286	875.77759
816.44501	874.56909
816.45709	876.92749
816.46918	878.16217
816.48126	874.71936
816.49335	875.15259
816.50543	876.18646
816.51752	876.9295
816.5296	876.46088
816.54169	874.37762
816.55383	873.78259
816.56592	875.02258
816.578	874.32635
816.59009	874.86688
816.60217	876.33508
816.61426	874.55023
816.62634	874.89099
816.63843	876.2218
816.65057	875.46887
816.66266	875.17609
816.67474	875.02545
816.68683	875.35529
816.69891	875.24854
816.711	874.9408
816.72308	874.85071
816.73517	875.26318
816.74725	875.33209
816.7594	875.64917
816.77148	876.12897
816.78357	875.99469
816.79565	875.88776
816.80774	874.9649
816.81982	875.41858
816.83191	875.98993
816.84399	874.01471
816.85608	874.98407
816.86823	873.8418
816.88031	875.47235
816.8924	873.27283
816.90448	874.88708
816.91656	874.36993
816.92865	875.64435
816.94073	872.44031
816.95282	873.84839
816.9649	875.72565
816.97705	874.9964
816.98914	874.5946
817.00122	875.27808
817.01331	874.53625
817.02539	874.16266
817.03748	875.22937
817.04956	874.112
817.06165	872.79004
817.07373	874.81012
817.08588	876.02008
817.09796	875.24652
817.11005	877.20538
817.12213	876.86603
817.13422	875.54681
817.1463	873.56976
817.15839	872.47247
817.17047	874.71246
817.18262	874.67194
817.1947	874.6673
817.20679	874.56567
817.21887	874.87854
817.23096	875.38159
817.24304	875.06049
817.25513	874.43011
817.26721	873.53748
817.2793	873.43341
817.29144	874.46198
817.30353	876.20764
817.31561	875.12762
817.3277	876.21155
817.33978	874.00049
817.35187	876.20117
817.36395	875.68744
817.37604	874.48376
817.38812	874.4057
817.40027	876.22565
817.41235	875.771
817.42444	873.58978
817.43652	875.38855
817.44861	875.71924
817.46069	874.34412
817.47278	875.41278
817.48486	874.86993
817.49695	872.6394
817.50909	874.94336
817.52118	873.94995
817.53326	872.19812
817.54535	875.95142
817.55743	874.37769
817.56952	874.40344
817.5816	872.67749
817.59369	873.31683
817.60577	874.29871
817.61792	874.31122
817.63	873.90961
817.64209	875.17523
817.65417	875.57428
817.66626	875.28241
817.67834	875.70453
817.69043	875.09155
817.70251	874.31067
817.71466	872.75781
817.72675	872.36877
817.73883	874.07111
817.75092	874.82166
817.763	874.94476
817.77509	874.74762
817.78717	874.37592
817.79926	873.72351
817.81134	873.80652
817.82349	874.26996
817.83557	873.85693
817.84766	874.78198
817.85974	874.37451
817.87183	874.00201
817.88391	873.88336
817.896	874.35211
817.90808	875.78223
817.92017	875.86682
817.93231	873.81836
817.9444	875.28302
817.95648	875.51996
817.96857	876.34564
817.98065	874.3183
817.99274	874.8598
818.00482	874.28101
818.01691	873.97217
818.02899	874.05414
818.04114	875.23157
818.05322	875.26703
818.06531	873.98358
818.07739	873.78387
818.08948	874.00476
818.10156	872.55927
818.11365	873.15179
818.12573	873.34308
818.13782	873.46954
818.14996	874.13226
818.16205	873.31476
818.17413	872.31787
818.18622	874.03381
818.1983	876.86475
818.21039	875.69025
818.22247	874.45007
818.23456	873.56238
818.2467	873.43408
818.25879	876.12244
818.27087	873.24292
818.28296	873.99512
818.29504	873.92126
818.30713	872.57605
818.31921	875.14301
818.3313	872.49237
818.34338	872.52692
818.35553	873.72021
818.36761	874.34247
818.3797	876.97321
818.39178	874.10706
818.40387	872.38605
818.41595	874.71783
818.42804	871.95673
818.44012	873.5365
818.45221	874.60889
818.46436	874.59656
818.47644	876.78174
818.48853	875.12524
818.50061	872.5611
818.5127	874.04407
818.52478	873.58649
818.53687	874.14362
818.54895	873.1886
818.56104	872.34827
818.57318	875.44232
818.58527	875.802
818.59735	875.48486
818.60944	874.65295
818.62152	874.90546
818.63361	875.99298
818.64569	874.91516
818.65778	873.4248
818.66986	871.49786
818.68201	872.92987
818.69409	873.12653
818.70618	872.4505
818.71826	874.77875
818.73035	872.91693
818.74243	872.66711
818.75452	873.25049
818.7666	875.14844
818.77875	874.18231
818.79083	870.46161
818.80292	872.91388
818.815	873.61322
818.82709	874.75677
818.83917	876.56232
818.85126	874.3512
818.86334	874.26398
818.87543	875.22339
818.88757	875.33563
818.89966	874.18036
818.91174	872.89905
818.92383	873.52734
818.93591	874.55463
818.948	874.1991
818.96008	874.02051
818.97217	874.85742
818.98425	876.59131
818.9964	875.1015
819.00848	873.20099
819.02057	872.67273
819.03265	871.68494
819.04474	872.15741
819.05682	874.33038
819.06891	873.84357
819.08099	872.27264
819.09308	874.06683
819.10522	871.82025
819.11731	875.54919
819.12939	875.27863
819.14148	874.58466
819.15356	870.17194
819.16565	870.2915
819.17773	871.42303
819.18982	872.49652
819.2019	872.63275
819.21405	873.40125
819.22614	874.43646
819.23822	874.28284
819.25031	872.58441
819.26239	873.42633
819.27448	875.6745
819.28656	875.00482
819.29865	873.58496
819.31079	874.99817
819.32288	875.76593
819.33496	875.33435
819.34705	874.90088
819.35913	874.28479
819.37122	874.5957
819.3833	873.36176
819.39539	875.51062
819.40747	874.55841
819.41962	873.56824
819.4317	873.51819
819.44379	873.19806
819.45587	873.8194
819.46796	873.19287
819.48004	872.90063
819.49213	876.17426
819.50421	872.9892
819.5163	875.19397
819.52844	874.42609
819.54053	875.43958
819.55261	875.53705
819.5647	874.69202
819.57678	875.56989
819.58887	875.46307
819.60095	874.72778
819.61304	872.87988
819.62512	872.37695
819.63727	872.8515
819.64935	873.7337
819.66144	873.42639
819.67352	875.19806
819.68561	873.35913
819.69769	872.26453
819.70978	872.70532
819.72186	871.35864
819.73395	869.24945
819.74609	873.1684
819.75818	874.61047
819.77026	873.54529
819.78235	873.95374
819.79443	872.5246
819.80652	873.72858
819.8186	873.44507
819.83069	873.97906
819.84283	871.98773
819.85492	872.8952
819.867	872.73254
819.87909	872.94843
819.89117	873.75067
819.90326	874.05408
819.91534	873.41016
819.92743	873.25757
819.93951	872.38458
819.95166	872.03888
819.96375	873.63525
819.97583	874.10394
819.98792	873.04761
820	873.10211
