800.14508	871.65118
800.15717	872.97607
800.16931	872.30951
800.1814	870.85828
800.19348	871.8407
800.20557	873.73462
800.21765	872.54517
800.22974	871.30859
800.24182	871.80908
800.25391	871.02417
800.26605	870.03796
800.27814	870.50055
800.29022	871.42163
800.30231	871.86243
800.31439	870.22186
800.32648	868.2998
800.33856	870.27393
800.35065	871.22693
800.36273	868.05237
800.37488	871.90106
800.38696	869.10876
800.39905	870.62561
800.41113	871.32318
800.42322	871.29468
800.4353	872.43665
800.44739	873.216
800.45947	872.13531
800.47156	871.51276
800.4837	870.81268
800.49579	870.1676
800.50787	870.4762
800.51996	871.18121
800.53204	871.98724
800.54413	872.00623
800.55621	872.49225
800.5683	872.83167
800.58038	870.92072
800.59253	872.09821
800.60461	872.5675
800.6167	872.16156
800.62878	871.20428
800.64087	873.57471
800.65295	872.315
800.66504	872.6416
800.67712	871.40173
800.68921	870.98242
800.70135	872.11249
800.71344	871.17865
800.72552	870.97272
800.73761	870.74316
800.74969	870.66553
800.76178	871.31421
800.77386	871.20111
800.78595	871.0036
800.7981	871.18073
800.81018	870.41034
800.82227	871.16425
800.83435	871.82495
800.84644	870.66809
800.85852	870.98706
800.87061	872.47852
800.88269	873.4433
800.89478	872.25928
800.90692	869.73785
800.91901	871.82813
800.93109	870.98724
800.94318	870.10791
800.95526	872.41388
800.96735	871.07562
800.97943	871.90826
800.99152	869.89398
801.0036	865.02881
801.01575	872.24347
801.02783	869.32422
801.03992	873.95135
801.052	873.76404
801.06409	871.46771
801.07617	873.03589
801.08826	870.92615
801.10034	870.73242
801.11243	871.66931
801.12457	872.64648
801.13666	873.40045
801.14874	871.75336
801.16083	870.87195
801.17291	870.79852
801.185	872.35913
801.19708	874.63141
801.20917	874.23529
801.22125	873.28491
801.2334	871.95123
801.24548	871.88916
801.25757	872.01221
801.26965	867.0036
801.28174	873.18878
801.29382	872.3631
801.30591	871.25659
801.31799	872.4588
801.33014	870.58862
801.34222	870.38379
801.35431	872.31049
801.36639	872.00476
801.37848	875.75214
801.39056	872.66791
801.40265	873.78674
801.41473	871.71436
801.42682	872.65875
801.43896	873.51337
801.45105	872.16614
801.46313	872.36761
801.47522	871.0498
801.4873	872.30072
801.49939	870.00012
801.51147	869.92169
801.52356	872.61072
801.53564	872.4079
801.54779	870.98633
801.55988	871.44556
801.57196	871.88959
801.58405	870.51343
801.59613	870.04266
801.60822	870.87152
801.6203	869.80017
801.63239	869.83362
801.64447	870.88788
801.65662	870.18207
801.6687	872.46313
801.68079	873.03894
801.69287	871.24231
801.70496	870.78815
801.71704	872.34827
801.72913	872.23901
801.74121	870.37665
801.7533	870.01312
801.76544	869.94934
801.77753	870.57367
801.78961	871.25787
801.8017	869.08435
801.81378	871.59235
801.82587	872.28668
801.83795	872.29395
801.85004	873.49695
801.86218	875.55206
801.87427	873.69409
801.88635	873.16547
801.89844	874.43195
801.91052	874.02234
801.92261	873.11188
801.93469	873.29675
801.94678	872.85974
801.95886	871.97986
801.97101	872.38916
801.98309	872.48706
801.99518	871.68524
802.00726	872.64319
802.01935	873.87994
802.03143	872.5719
802.04352	873.64075
802.0556	871.02368
802.06769	870.36597
802.07983	871.72394
802.09192	870.29218
802.104	872.24268
802.11609	867.86212
802.12817	871.02338
802.14026	872.0141
802.15234	872.61218
802.16443	872.64563
802.17651	869.65131
802.18866	872.84283
802.20074	871.0473
802.21283	873.96936
802.22491	873.32062
802.237	874.77539
802.24908	875.30774
802.26117	871.56512
802.27325	871.36139
802.28534	871.12335
802.29749	871.89221
802.30957	872.05371
802.32166	873.91754
802.33374	874.37067
802.34583	872.96582
802.35791	872.03314
802.37	872.84424
802.38208	873.38654
802.39423	870.3512
802.40631	869.81512
802.4184	871.29169
802.43048	870.58087
802.44257	873.10944
802.45465	871.98248
802.46674	870.83575
802.47882	873.25732
802.49091	871.36633
802.50305	870.16827
802.51514	871.41876
802.52722	874.30109
802.53931	873.99634
802.55139	873.86945
802.56348	872.01886
802.57556	873.95709
802.58765	872.70776
802.59973	873.85321
802.61188	871.60034
802.62396	874.83746
802.63605	873.86835
802.64813	874.20441
802.66022	873.7912
802.6723	873.65106
802.68439	873.40057
802.69647	872.84912
802.70856	871.76093
802.7207	872.87305
802.73279	872.82349
802.74487	871.72974
802.75696	873.87012
802.76904	873.62677
802.78113	872.18536
802.79321	871.4881
802.8053	871.62433
802.81738	874.92346
802.82953	876.49432
802.84161	874.1543
802.8537	871.60071
802.86578	869.79559
802.87787	871.96912
802.88995	874.3371
802.90204	873.9234
802.91412	874.07538
802.92627	872.1875
802.93835	872.13672
802.95044	873.93817
802.96252	873.35809
802.97461	871.84668
802.98669	873.16437
802.99878	874.8432
803.01086	876.74957
803.02295	872.70258
803.0351	874.31384
803.04718	872.04596
803.05927	871.36768
803.07135	872.2522
803.08344	871.7522
803.09552	872.55762
803.1076	876.3042
803.11969	874.75433
803.13177	872.96777
803.14392	874.16125
803.15601	874.13763
803.16809	873.73706
803.18018	874.01135
803.19226	874.89819
803.20435	873.61353
803.21643	873.88885
803.22852	872.53394
803.2406	872.93939
803.25275	873.06256
803.26483	872.21252
803.27692	873.85687
803.289	874.7312
803.30109	874.05383
803.31317	873.55768
803.32526	874.00549
803.33734	875.58569
803.34943	873.86066
803.36157	872.1272
803.37366	873.19879
803.38574	871.70209
803.39783	874.258
803.40991	874.2644
803.422	875.15314
803.43408	874.3537
803.44617	874.56592
803.45831	871.38196
803.4704	872.87421
803.48248	875.60663
803.49457	875.70044
803.50665	874.76147
803.51874	873.83405
803.53082	869.89215
803.54291	875.28857
803.55499	870.85779
803.56714	874.60498
803.57922	876.27307
803.59131	873.90021
803.60339	873.70148
803.61548	875.65521
803.62756	874.81592
803.63965	872.99731
803.65173	872.61981
803.66382	875.84375
803.67596	875.52545
803.68805	874.91156
803.70013	874.229
803.71222	873.41229
803.7243	874.07855
803.73639	875.38574
803.74847	873.58002
803.76056	873.52435
803.77264	873.50458
803.78479	873.64368
803.79688	872.99402
803.80896	873.45361
803.82104	876.0921
803.83313	875.57214
803.84521	873.9455
803.8573	873.61121
803.86938	875.1582
803.88147	877.3363
803.89362	876.07953
803.9057	877.5
803.91779	877.61609
803.92987	877.37854
803.94196	876.90399
803.95404	873.61523
803.96613	874.6427
803.97821	875.099
803.99036	875.43884
804.00244	876.77515
804.01453	874.33752
804.02661	875.5766
804.0387	875.39197
804.05078	874.79144
804.06287	875.90991
804.07495	875.30872
804.08704	875.8681
804.09918	877.67957
804.11127	876.05505
804.12335	875.07965
804.13544	879.20056
804.14752	876.17615
804.15961	876.92432
804.17169	877.26288
804.18378	878.19141
804.19586	874.71558
804.20801	872.13373
804.22009	874.1936
804.23218	875.35699
804.24426	875.95007
804.25635	877.63898
804.26843	875.6272
804.28052	879.41205
804.2926	876.71844
804.30469	876.48633
804.31683	877.58844
804.32892	877.69318
804.341	876.80133
804.35309	877.06689
804.36517	877.3775
804.37726	875.20667
804.38934	873.62238
804.40143	875.48895
804.41351	879.00061
804.42566	878.26599
804.43774	877.76758
804.44983	877.04272
804.46191	876.24994
804.474	876.5849
804.48608	876.23596
804.49817	877.55316
804.51025	877.04047
804.5224	876.35474
804.53448	876.96228
804.54657	877.62158
804.55865	876.39044
804.57074	877.60089
804.58282	879.28217
804.59491	878.29858
804.60699	877.82379
804.61908	879.78156
804.63123	880.22345
804.64331	876.99811
804.6554	878.19324
804.66748	879.28455
804.67957	878.15613
804.69165	878.27295
804.70374	879.55646
804.71582	879.17487
804.72791	877.13861
804.74005	877.16699
804.75214	880.99261
804.76422	879.15259
804.77631	878.43414
804.78839	881.04846
804.80048	880.21472
804.81256	881.2298
804.82465	878.66132
804.83673	877.16046
804.84888	880.18066
804.86096	881.24371
804.87305	877.64331
804.88513	880.52338
804.89722	878.46045
804.9093	879.49707
804.92139	880.17261
804.93347	879.01013
804.94556	882.04059
804.9577	880.92963
804.96979	879.11615
804.98187	878.63678
804.99396	879.58624
805.00604	880.93951
805.01813	881.23755
805.03021	881.71796
805.0423	879.72607
805.05444	879.34839
805.06653	879.23785
805.07861	880.8623
805.0907	881.05377
805.10278	881.81775
805.11487	883.07556
805.12695	880.10095
805.13904	878.42578
805.15112	882.55646
805.16327	882.08264
805.17535	879.37927
805.18744	881.25812
805.19952	881.90204
805.21161	882.11395
805.22369	882.34888
805.23578	882.21692
805.24786	884.67786
805.25995	884.5293
805.27209	883.2594
805.28418	883.69977
805.29626	884.85858
805.30835	885.09601
805.32043	885.3222
805.33252	885.16736
805.3446	884.19836
805.35669	883.74347
805.36877	884.19257
805.38092	885.83826
805.39301	885.08978
805.40509	884.75897
805.41718	884.44965
805.42926	887.22113
805.44135	887.79572
805.45343	888.4361
805.46552	883.85388
805.4776	883.31445
805.48975	886.72498
805.50183	888.08984
805.51392	887.18066
805.526	885.27264
805.53809	886.98901
805.55017	886.43768
805.56226	885.74719
805.57434	885.8717
805.58649	884.36646
805.59857	887.54315
805.61066	886.37177
805.62274	888.88062
805.63483	890.10229
805.64691	890.03156
805.659	888.47833
805.67108	886.09796
805.68317	889.86316
805.69531	891.00647
805.7074	891.63171
805.71948	889.95166
805.73157	890.79327
805.74365	895.56757
805.75574	894.68927
805.76782	893.41864
805.77991	890.39453
805.79199	896.72687
805.80414	892.45996
805.81622	895.76385
805.82831	895.62982
805.84039	896.41809
805.85248	894.46368
805.86456	891.25
805.87665	894.34888
805.88873	892.23047
805.90082	897.56873
805.91296	898.05139
805.92505	896.2254
805.93713	894.1626
805.94922	895.4353
805.9613	893.67761
805.97339	896.59113
805.98547	898.24115
805.99756	897.62433
806.00964	898.21118
806.02179	899.32953
806.03387	898.07477
806.04596	896.23438
806.05804	901.72046
806.07013	901.44574
806.08221	901.53033
806.0943	900.43628
806.10638	900.65454
806.11853	902.89368
806.13062	901.83771
806.1427	903.69086
806.15479	904.11328
806.16687	903.27203
806.17896	904.92072
806.19104	904.44061
806.20313	904.875
806.21521	905.57251
806.22736	905.76617
806.23944	903.24756
806.25153	903.83826
806.26361	905.03186
806.2757	906.45795
806.28778	912.67548
806.29987	911.60046
806.31195	908.72607
806.32404	906.10291
806.33618	909.33374
806.34827	909.14911
806.36035	910.69421
806.37244	913.70508
806.38452	913.47375
806.39661	910.96112
806.40869	913.5434
806.42078	913.85645
806.43286	916.10175
806.44501	919.52332
806.45709	915.46576
806.46918	915.51782
806.48126	915.46283
806.49335	917.63269
806.50543	919.03607
806.51752	918.22266
806.5296	923.11121
806.54169	918.70013
806.55383	919.81818
806.56592	927.20679
806.578	927.82672
806.59009	921.21606
806.60217	925.0274
806.61426	928.16791
806.62634	927.24127
806.63843	930.86151
806.65057	930.84186
806.66266	933.66266
806.67474	932.95288
806.68683	931.88354
806.69891	930.13123
806.711	934.10388
806.72308	937.33649
806.73517	934.03406
806.74725	938.75934
806.7594	932.56091
806.77148	934.41693
806.78357	938.44824
806.79565	937.79272
806.80774	946.14667
806.81982	944.23828
806.83191	944.26379
806.84399	947.77094
806.85608	951.81824
806.86823	949.11987
806.88031	943.87988
806.8924	956.06671
806.90448	960.49329
806.91656	950.04163
806.92865	954.77106
806.94073	956.30786
806.95282	962.20642
806.9649	959.67889
806.97705	958.0979
806.98914	967.48486
807.00122	957.50342
807.01331	960.64148
807.02539	965.04779
807.03748	966.29224
807.04956	961.8335
807.06165	961.591
807.07373	961.89288
807.08588	968.37115
807.09796	970.38715
807.11005	978.44507
807.12213	975.47925
807.13422	977.09637
807.1463	990.65253
807.15839	978.78998
807.17047	987.44757
807.18262	989.57996
807.1947	989.2417
807.20679	993.15942
807.21887	1000.5229
807.23096	999.61151
807.24304	1008.2131
807.25513	1000.2913
807.26721	998.52789
807.2793	1005.4059
807.29144	1001.5129
807.30353	1011.7213
807.31561	1009.8236
807.3277	1009.7387
807.33978	1018.7535
807.35187	1019.006
807.36395	1014.0723
807.37604	1025.1848
807.38812	1019.9046
807.40027	1019.899
807.41235	1031.7501
807.42444	1026.0991
807.43652	1025.2853
807.44861	1025.1049
807.46069	1038.2283
807.47278	1035.4119
807.48486	1036.1044
807.49695	1047.6547
807.50909	1041.6047
807.52118	1047.0562
807.53326	1046.2723
807.54535	1054.5313
807.55743	1056.5564
807.56952	1054.7501
807.5816	1052.0037
807.59369	1061.9811
807.60577	1062.7972
807.61792	1062.8137
807.63	1056.1755
807.64209	1059.7809
807.65417	1064.6917
807.66626	1065.23
807.67834	1069.0066
807.69043	1075.014
807.70251	1070.8596
807.71466	1072.6533
807.72675	1070.5813
807.73883	1074.3105
807.75092	1075.9774
807.763	1071.7654
807.77509	1077.6021
807.78717	1083.4757
807.79926	1079.1488
807.81134	1079.2528
807.82349	1079.3877
807.83557	1079.8816
807.84766	1080.2335
807.85974	1080.2593
807.87183	1077.6469
807.88391	1083.4869
807.896	1079.4796
807.90808	1080.4808
807.92017	1082.0106
807.93231	1078.8845
807.9444	1081.4939
807.95648	1077.9508
807.96857	1073.3436
807.98065	1081.7623
807.99274	1081.5636
808.00482	1079.8126
808.01691	1075.6761
808.02899	1076.9924
808.04114	1069.933
808.05322	1074.573
808.06531	1073.447
808.07739	1070.4012
808.08948	1072.7325
808.10156	1065.9868
808.11365	1066.2146
808.12573	1065.7328
808.13782	1060.4113
808.14996	1059.1538
808.16205	1056.4489
808.17413	1054.5571
808.18622	1057.7358
808.1983	1047.5775
808.21039	1051.3344
808.22247	1058.3594
808.23456	1054.2072
808.2467	1053.391
808.25879	1050.2081
808.27087	1043.2562
808.28296	1052.1968
808.29504	1043.6162
808.30713	1045.345
808.31921	1043.1427
808.3313	1046.8336
808.34338	1037.1163
808.35553	1038.8529
808.36761	1025.791
808.3797	1035.2732
808.39178	1033.0767
808.40387	1029.8868
808.41595	1037.146
808.42804	1031.047
808.44012	1030.3395
808.45221	1030.2391
808.46436	1025.3153
808.47644	1021.4426
808.48853	1014.2721
808.50061	1019.2493
808.5127	1017.7652
808.52478	1015.2661
808.53687	1014.0256
808.54895	1009.678
808.56104	1012.8011
808.57318	1010.9454
808.58527	1013.3613
808.59735	1006.7202
808.60944	1002.6381
808.62152	1006.0049
808.63361	1010.5281
808.64569	996.18036
808.65778	999.25592
808.66986	995.16766
808.68201	996.99902
808.69409	1000.3878
808.70618	997.43994
808.71826	998.24677
808.73035	985.58514
808.74243	989.1825
808.75452	990.88159
808.7666	989.6825
808.77875	989.44745
808.79083	989.67566
808.80292	983.87805
808.815	985.95038
808.82709	979.57501
808.83917	986.11096
808.85126	981.01257
808.86334	984.15784
808.87543	981.51733
808.88757	979.2782
808.89966	984.68695
808.91174	978.12024
808.92383	973.22034
808.93591	978.06067
808.948	975.9068
808.96008	975.8064
808.97217	969.36493
808.98425	973.02716
808.9964	967.96381
809.00848	973.13843
809.02057	973.92224
809.03265	973.95123
809.04474	969.09479
809.05682	968.13684
809.06891	968.19641
809.08099	968.76001
809.09308	964.81805
809.10522	964.52094
809.11731	963.89716
809.12939	967.38983
809.14148	964.32593
809.15356	960.55341
809.16565	960.78925
809.17773	955.35168
809.18982	952.59912
809.2019	958.2475
809.21405	956.18945
809.22614	956.25171
809.23822	958.49561
809.25031	956.88373
809.26239	953.34979
809.27448	954.73859
809.28656	952.35822
809.29865	947.69684
809.31079	951.7196
809.32288	949.97162
809.33496	950.95142
809.34705	946.7182
809.35913	944.70624
809.37122	945.64154
809.3833	945.28333
809.39539	941.68994
809.40747	943.30914
809.41962	943.09161
809.4317	941.14252
809.44379	938.61023
809.45587	940.36896
809.46796	940.95819
809.48004	937.19421
809.49213	938.99628
809.50421	938.61243
809.5163	936.54681
809.52844	936.33661
809.54053	934.71729
809.55261	934.38043
809.5647	933.23816
809.57678	934.56427
809.58887	933.27551
809.60095	925.37817
809.61304	929.07867
809.62512	929.70367
809.63727	926.24255
809.64935	925.52118
809.66144	925.659
809.67352	925.14899
809.68561	925.47797
809.69769	928.89667
809.70978	928.85291
809.72186	926.70282
809.73395	927.33112
809.74609	926.81726
809.75818	924.65887
809.77026	925.21979
809.78235	925.61945
809.79443	923.01135
809.80652	923.25732
809.8186	924.67084
809.83069	920.91583
809.84283	920.53003
809.85492	918.84229
809.867	917.35724
809.87909	919.2171
809.89117	919.18628
809.90326	917.59253
809.91534	918.36499
809.92743	916.08472
809.93951	917.71765
809.95166	918.60022
809.96375	917.91211
809.97583	919.26874
809.98792	917.19464
810	918.89001
810.01208	914.42163
810.02417	915.92725
810.03625	913.86194
810.04834	915.15564
810.06049	916.34814
810.07257	917.28162
810.08466	916.56854
810.09674	914.8952
810.10883	913.95911
810.12091	915.34674
810.133	913.3255
810.14508	914.25952
810.15717	916.41632
810.16931	912.117
810.1814	913.37036
810.19348	914.6698
810.20557	913.27667
810.21765	914.21967
810.22974	914.69568
810.24182	915.0108
810.25391	917.23889
810.26605	915.37939
810.27814	913.24847
810.29022	917.04657
810.30231	915.06836
810.31439	917.41608
810.32648	918.4447
810.33856	917.14508
810.35065	915.20532
810.36273	917.73273
810.37488	916.52557
810.38696	917.26349
810.39905	918.2674
810.41113	918.02167
810.42322	917.88892
810.4353	917.15814
810.44739	918.03534
810.45947	920.24878
810.47156	918.19751
810.4837	920.90308
810.49579	921.3418
810.50787	920.41705
810.51996	921.89044
810.53204	921.58258
810.54413	924.13257
810.55621	926.66608
810.5683	926.7373
810.58038	923.40222
810.59253	923.66541
810.60461	924.64355
810.6167	926.99841
810.62878	929.91394
810.64087	932.59412
810.65295	930.17792
810.66504	932.578
810.67712	929.82343
810.68921	932.26715
810.70135	932.06873
810.71344	937.19043
810.72552	936.1286
810.73761	934.9187
810.74969	933.34784
810.76178	936.77216
810.77386	934.65436
810.78595	934.6701
810.7981	939.79138
810.81018	940.25317
810.82227	938.06805
810.83435	942.43774
810.84644	944.24469
810.85852	948.59058
810.87061	943.88953
810.88269	951.76355
810.89478	954.65399
810.90692	948.51599
810.91901	955.1488
810.93109	957.19922
810.94318	960.69922
810.95526	964.32581
810.96735	961.65997
810.97943	964.72302
810.99152	972.08392
811.0036	975.69403
811.01575	977.94788
811.02783	985.46265
811.03992	985.89948
811.052	997.07959
811.06409	995.37897
811.07617	1002.1486
811.08826	1006.2316
811.10034	1010.2325
811.11243	1017.1779
811.12457	1014.8262
811.13666	1016.0311
811.14874	1019.6323
811.16083	1022.4694
811.17291	1029.4976
811.185	1030.7086
811.19708	1036.8914
811.20917	1031.3724
811.22125	1033.0359
811.2334	1036.7726
811.24548	1039.5663
811.25757	1038.0912
811.26965	1035.5046
811.28174	1038.0085
811.29382	1040.5522
811.30591	1042.9165
811.31799	1035.5442
811.33014	1034.3585
811.34222	1033.7197
811.35431	1031.6771
811.36639	1027.4398
811.37848	1024.0565
811.39056	1020.4391
811.40265	1020.6046
811.41473	1021.9035
811.42682	1018.5334
811.43896	1010.0836
811.45105	1005.47
811.46313	1003.3267
811.47522	1001.4008
811.4873	997.87305
811.49939	991.836
811.51147	990.05896
811.52356	988.19019
811.53564	982.29388
811.54779	983.28009
811.55988	978.04663
811.57196	973.93689
811.58405	974.15588
811.59613	974.08868
811.60822	969.31427
811.6203	965.29095
811.63239	966.2243
811.64447	963.85059
811.65662	959.69324
811.6687	954.14026
811.68079	949.59344
811.69287	947.60486
811.70496	945.13959
811.71704	945.68536
811.72913	944.32642
811.74121	941.11072
811.7533	938.64685
811.76544	937.39929
811.77753	937.62457
811.78961	936.00452
811.8017	935.14807
811.81378	937.69769
811.82587	935.87476
811.83795	930.70416
811.85004	932.59601
811.86218	932.57666
811.87427	930.67596
811.88635	929.34979
811.89844	928.33563
811.91052	927.53778
811.92261	922.48749
811.93469	921.41431
811.94678	921.11005
811.95886	918.83051
811.97101	920.49341
811.98309	919.66229
811.99518	918.43237
812.00726	918.78284
812.01935	915.30188
812.03143	917.0354
812.04352	912.69409
812.0556	914.61597
812.06769	913.37299
812.07983	913.63202
812.09192	917.17255
812.104	913.38556
812.11609	910.65613
812.12817	910.81018
812.14026	911.87238
812.15234	914.17871
812.16443	910.80707
812.17651	909.16656
812.18866	909.71124
812.20074	906.61664
812.21283	907.16125
812.22491	906.38348
812.237	907.18219
812.24908	906.47015
812.26117	907.14771
812.27325	908.15924
812.28534	907.6673
812.29749	908.13477
812.30957	905.25043
812.32166	902.4035
812.33374	905.45325
812.34583	909.08521
812.35791	905.74945
812.37	904.32428
812.38208	904.07379
812.39423	906.28607
812.40631	905.53564
812.4184	904.96619
812.43048	906.52734
812.44257	906.76532
812.45465	904.28754
812.46674	904.72504
812.47882	904.28339
812.49091	903.66241
812.50305	905.11719
812.51514	907.26324
812.52722	907.36115
812.53931	906.35309
812.55139	907.43182
812.56348	906.93597
812.57556	904.78357
812.58765	905.50793
812.59973	907.32819
812.61188	904.92725
812.62396	905.66577
812.63605	906.5473
812.64813	905.13263
812.66022	903.9234
812.6723	907.13635
812.68439	908.43115
812.69647	906.51282
812.70856	906.6651
812.7207	907.18842
812.73279	907.8515
812.74487	902.87262
812.75696	902.95813
812.76904	906.01068
812.78113	903.23669
812.79321	903.85608
812.8053	903.55835
812.81738	904.15442
812.82953	903.55286
812.84161	904.90405
812.8537	905.90955
812.86578	907.52612
812.87787	905.83789
812.88995	907.78552
812.90204	907.63702
812.91412	904.75354
812.92627	910.43878
812.93835	907.27454
812.95044	911.70349
812.96252	912.28589
812.97461	905.49561
812.98669	906.61957
812.99878	907.80463
813.01086	912.3573
813.02295	911.8075
813.0351	911.65179
813.04718	914.36121
813.05927	909.31738
813.07135	911.43152
813.08344	910.48541
813.09552	914.23199
813.1076	911.513
813.11969	912.81091
813.13177	914.01953
813.14392	911.18213
813.15601	914.40619
813.16809	913.49219
813.18018	911.6109
813.19226	907.36865
813.20435	917.00842
813.21643	916.40015
813.22852	917.8595
813.2406	919.9024
813.25275	917.16199
813.26483	919.80994
813.27692	919.67291
813.289	919.23383
813.30109	920.22278
813.31317	924.30768
813.32526	919.4563
813.33734	921.67908
813.34943	923.30603
813.36157	924.05957
813.37366	925.55365
813.38574	925.63501
813.39783	925.73383
813.40991	924.42078
813.422	928.2887
813.43408	927.28229
813.44617	930.46399
813.45831	930.56354
813.4704	930.75714
813.48248	932.98016
813.49457	931.24469
813.50665	934.72552
813.51874	933.95386
813.53082	931.06439
813.54291	934.65137
813.55499	936.24622
813.56714	937.41943
813.57922	939.10254
813.59131	937.14148
813.60339	938.40881
813.61548	943.18176
813.62756	942.24652
813.63965	942.72687
813.65173	945.15839
813.66382	945.37305
813.67596	946.16656
813.68805	945.44867
813.70013	948.45679
813.71222	950.60468
813.7243	953.58386
813.73639	959.14081
813.74847	959.1153
813.76056	959.31256
813.77264	964.50073
813.78479	965.77014
813.79688	966.40961
813.80896	967.24762
813.82104	965.58801
813.83313	968.36505
813.84521	972.25671
813.8573	978.79584
813.86938	982.86316
813.88147	981.65491
813.89362	987.85968
813.9057	990.41071
813.91779	989.44159
813.92987	994.95349
813.94196	1005.1891
813.95404	1008.6207
813.96613	1019.1863
813.97821	1028.5985
813.99036	1038.2656
814.00244	1044.5536
814.01453	1048.932
814.02661	1063.1589
814.0387	1074.1622
814.05078	1092.6849
814.06287	1103.8207
814.07495	1110.7654
814.08704	1134.8119
814.09918	1145.274
814.11127	1165.9882
814.12335	1194.9365
814.13544	1223.9491
814.14752	1238.9919
814.15961	1264.6534
814.17169	1304.973
814.18378	1320.5306
814.19586	1354.1511
814.20801	1391.1858
814.22009	1428.0599
814.23218	1455.5941
814.24426	1506.5116
814.25635	1538.0803
814.26843	1595.8488
814.28052	1639.9187
814.2926	1676.2816
814.30469	1696.7806
814.31683	1733.465
814.32892	1760.4626
814.341	1782.4177
814.35309	1804.8977
814.36517	1791.9683
814.37726	1777.0555
814.38934	1786.2582
814.40143	1762.5546
814.41351	1747.5354
814.42566	1712.1703
814.43774	1681.6895
814.44983	1656.9518
814.46191	1632.1016
814.474	1592.7744
814.48608	1559.1477
814.49817	1520.6854
814.51025	1496.6505
814.5224	1457.2739
814.53448	1420.5149
814.54657	1398.7135
814.55865	1365.6488
814.57074	1335.3511
814.58282	1320.6356
814.59491	1289.8519
814.60699	1254.3983
814.61908	1232.6443
814.63123	1220.5486
814.64331	1202.2701
814.6554	1184.2603
814.66748	1158.5662
814.67957	1161.4954
814.69165	1139.3335
814.70374	1125.1047
814.71582	1113.3953
814.72791	1091.5313
814.74005	1098.3724
814.75214	1077.4785
814.76422	1066.1541
814.77631	1054.7944
814.78839	1045.1317
814.80048	1043.8188
814.81256	1030.4609
814.82465	1021.326
814.83673	1018.0833
814.84888	1014.4339
814.86096	1012.0562
814.87305	1000.7934
814.88513	998.04517
814.89722	988.00574
814.9093	981.62494
814.92139	979.29578
814.93347	981.50635
814.94556	971.19794
814.9577	968.1853
814.96979	961.77234
814.98187	961.25873
814.99396	957.37616
815.00604	953.43073
815.01813	953.15552
815.03021	949.18243
815.0423	944.75739
815.05444	943.01825
815.06653	934.88458
815.07861	930.83069
815.0907	926.50952
815.10278	926.30371
815.11487	929.02307
815.12695	926.89917
815.13904	927.11401
815.15112	926.6889
815.16327	924.46729
815.17535	921.13965
815.18744	916.315
815.19952	915.61151
815.21161	915.7334
815.22369	911.93097
815.23578	910.6936
815.24786	911.67798
815.25995	910.21539
815.27209	908.49561
815.28418	908.3512
815.29626	907.42664
815.30835	903.83893
815.32043	900.92554
815.33252	903.12939
815.3446	904.43152
815.35669	902.34149
815.36877	902.86688
815.38092	901.41608
815.39301	900.13556
815.40509	898.513
815.41718	900.47607
815.42926	899.97632
815.44135	898.49237
815.45343	898.16016
815.46552	895.28369
815.4776	895.43225
815.48975	899.24286
815.50183	895.7536
815.51392	897.1322
815.526	891.4516
815.53809	891.08099
815.55017	893.24518
815.56226	894.96161
815.57434	891.33765
815.58649	890.38367
815.59857	891.93982
815.61066	890.69116
815.62274	890.27704
815.63483	889.6214
815.64691	892.88287
815.659	885.71783
815.67108	889.46802
815.68317	889.13361
815.69531	887.21509
815.7074	885.71228
815.71948	891.20593
815.73157	886.6236
815.74365	887.69635
815.75574	887.92883
815.76782	883.80151
815.77991	886.315
815.79199	883.20532
815.80414	884.78546
815.81622	884.27161
815.82831	884.28857
815.84039	885.46454
815.85248	882.70782
815.86456	883.61987
815.87665	886.29565
815.88873	887.4588
815.90082	884.54816
815.91296	881.45062
815.92505	883.99609
815.93713	882.60242
815.94922	882.28168
815.9613	880.92474
815.97339	882.13409
815.98547	882.35931
815.99756	880.25378
816.00964	880.5733
816.02179	880.36377
816.03387	881.78918
816.04596	882.71106
816.05804	884.1875
816.07013	883.28131
816.08221	883.25403
816.0943	880.6485
816.10638	879.62207
816.11853	881.17114
816.13062	881.27527
816.1427	878.9375
816.15479	878.12976
816.16687	880.15814
816.17896	881.45782
816.19104	880.5528
816.20313	880.32886
816.21521	878.5318
816.22736	879.09906
816.23944	877.99438
816.25153	879.21918
816.26361	879.57642
816.2757	879.24243
816.28778	878.72369
816.29987	879.33453
816.31195	877.51886
816.32404	878.37219
816.33618	879.37848
816.34827	876.68005
816.36035	880.0036
816.37244	877.4762
816.38452	878.52045
816.39661	877.05109
816.40869	880.24402
816.42078	878.67889
816.43286	877.28455
816.44501	876.25214
816.45709	875.93866
816.46918	878.40839
816.48126	877.47162
816.49335	877.06274
816.50543	878.20746
816.51752	877.1535
816.5296	876.0675
816.54169	877.54865
816.55383	876.1618
816.56592	876.18402
816.578	876.20337
816.59009	876.05402
816.60217	876.87738
816.61426	876.71545
816.62634	876.71417
816.63843	877.59375
816.65057	878.5058
816.66266	877.4483
816.67474	875.89227
816.68683	875.94226
816.69891	876.55652
816.711	875.75604
816.72308	877.0686
816.73517	878.3407
816.74725	877.04163
816.7594	877.49347
816.77148	876.6377
816.78357	874.20746
816.79565	875.83575
816.80774	876.89178
816.81982	875.41632
816.83191	875.81354
816.84399	875.59656
816.85608	876.2735
816.86823	877.09174
816.88031	875.70239
816.8924	875.44153
816.90448	874.18512
816.91656	876.86176
816.92865	877.33521
816.94073	877.59381
816.95282	874.64862
816.9649	876.44794
816.97705	875.46063
816.98914	874.80493
817.00122	873.78198
817.01331	875.44739
817.02539	874.6767
817.03748	875.35797
817.04956	875.92664
817.06165	875.27771
817.07373	875.81805
817.08588	875.80377
817.09796	878.81177
817.11005	876.80713
817.12213	875.41522
817.13422	875.68475
817.1463	874.92932
817.15839	873.53156
817.17047	872.63043
817.18262	872.88147
817.1947	874.57806
817.20679	874.85107
817.21887	875.38947
817.23096	876.44104
817.24304	875.18518
817.25513	873.79834
817.26721	874.03748
817.2793	875.98303
817.29144	876.18781
817.30353	874.33362
817.31561	874.03558
817.3277	875.57147
817.33978	874.25854
817.35187	875.59772
817.36395	877.06201
817.37604	876.48926
817.38812	875.36206
817.40027	878.15656
817.41235	874.76166
817.42444	874.80237
817.43652	875.67639
817.44861	876.41187
817.46069	875.28217
817.47278	878.52057
817.48486	875.47571
817.49695	874.99774
817.50909	873.93304
817.52118	875.92432
817.53326	875.81268
817.54535	876.25659
817.55743	875.46722
817.56952	875.68408
817.5816	875.18604
817.59369	876.2829
817.60577	876.0152
817.61792	875.2229
817.63	876.26794
817.64209	876.51471
817.65417	875.79547
817.66626	876.81354
817.67834	875.43713
817.69043	874.04199
817.70251	874.07422
817.71466	875.06219
817.72675	875.57117
817.73883	875.62164
817.75092	874.9577
817.763	875.24115
817.77509	873.39105
817.78717	874.66833
817.79926	875.32697
817.81134	875.96857
817.82349	873.53235
817.83557	874.95959
817.84766	872.70929
817.85974	874.14264
817.87183	875.02948
817.88391	876.06189
817.896	875.57806
817.90808	875.69629
817.92017	878.14087
817.93231	875.79382
817.9444	876.65656
817.95648	875.79724
817.96857	874.49188
817.98065	875.17456
817.99274	873.44843
818.00482	875.45752
818.01691	875.70319
818.02899	873.86938
818.04114	875.49194
818.05322	873.27954
818.06531	874.41364
818.07739	874.9259
818.08948	875.33984
818.10156	874.56702
818.11365	875.18451
818.12573	875.16577
818.13782	874.29102
818.14996	876.00568
818.16205	876.12482
818.17413	875.63782
818.18622	875.23511
818.1983	873.39972
818.21039	872.12683
818.22247	874.7561
818.23456	875.19415
818.2467	874.85413
818.25879	873.36591
818.27087	876.09564
818.28296	876.37708
818.29504	875.4649
818.30713	877.59961
818.31921	873.55664
818.3313	875.53534
818.34338	874.61487
818.35553	874.93304
818.36761	876.61121
818.3797	878.06458
818.39178	875.95111
818.40387	875.33954
818.41595	875.07288
818.42804	871.2691
818.44012	877.01471
818.45221	874.36688
818.46436	876.40424
818.47644	877.42047
818.48853	876.99878
818.50061	874.85162
818.5127	876.43951
818.52478	875.17969
818.53687	874.15851
818.54895	875.25964
818.56104	874.58679
818.57318	874.71997
818.58527	874.72406
818.59735	874.06726
818.60944	874.71741
818.62152	872.98804
818.63361	871.78229
818.64569	872.0788
818.65778	874.63031
818.66986	874.03461
818.68201	874.33594
818.69409	874.79083
818.70618	875.58899
818.71826	872.9859
818.73035	874.17657
818.74243	877.16742
818.75452	874.87909
818.7666	877.31726
818.77875	874.58667
818.79083	874.69666
818.80292	873.90527
818.815	876.19287
818.82709	875.35101
818.83917	872.5498
818.85126	874.46509
818.86334	876.41705
818.87543	874.68762
818.88757	873.76849
818.89966	874.47778
818.91174	873.52252
818.92383	873.91925
818.93591	874.06091
818.948	873.93335
818.96008	875.85284
818.97217	876.55206
818.98425	875.18402
818.9964	875.02405
819.00848	873.67316
819.02057	874.23065
819.03265	873.3045
819.04474	873.66687
819.05682	874.85413
819.06891	875.91748
819.08099	872.90027
819.09308	873.48846
819.10522	877.40155
819.11731	873.35474
819.12939	873.08344
819.14148	876.45398
819.15356	877.11157
819.16565	875.13049
819.17773	872.30237
819.18982	873.10577
819.2019	872.25848
819.21405	873.83997
819.22614	874.19208
819.23822	873.84479
819.25031	871.49933
819.26239	874.42706
819.27448	875.44519
819.28656	875.41321
819.29865	876.04773
819.31079	873.34656
819.32288	873.1297
819.33496	875.89081
819.34705	875.71515
819.35913	876.39288
819.37122	872.71057
819.3833	873.53784
819.39539	876.76721
819.40747	873.7793
819.41962	872.51123
819.4317	877.41962
819.44379	872.38477
819.45587	872.33459
819.46796	871.64441
819.48004	873.54657
819.49213	876.73834
819.50421	875.11609
819.5163	875.2818
819.52844	873.25079
819.54053	875.11737
819.55261	874.47101
819.5647	873.90344
819.57678	873.51105
819.58887	873.11871
819.60095	874.14954
819.61304	874.87524
819.62512	874.7356
819.63727	874.19232
819.64935	874.94476
819.66144	874.13483
819.67352	874.67633
819.68561	873.94226
819.69769	874.87891
819.70978	873.75067
819.72186	873.25208
819.73395	874.05957
819.74609	873.84949
819.75818	875.77582
819.77026	874.19775
819.78235	873.87225
819.79443	874.88232
819.80652	871.0802
819.8186	875.63812
819.83069	875.65088
819.84283	873.70892
819.85492	873.62848
819.867	874.34058
819.87909	876.15143
819.89117	874.21198
819.90326	874.20227
819.91534	873.82764
819.92743	875.38873
819.93951	875.48785
819.95166	873.54584
819.96375	874.17908
819.97583	874.80298
819.98792	873.93738
820	875.63562
