800.14508	873.32971
800.15717	872.36798
800.16931	872.97943
800.1814	873.4552
800.19348	873.84784
800.20557	875.06903
800.21765	874.45703
800.22974	873.77057
800.24182	872.25781
800.25391	872.71704
800.26605	872.38428
800.27814	873.70129
800.29022	873.93628
800.30231	874.23273
800.31439	874.19745
800.32648	873.31952
800.33856	874.73956
800.35065	874.48767
800.36273	871.30743
800.37488	871.62878
800.38696	872.68652
800.39905	874.85632
800.41113	872.71973
800.42322	875.67316
800.4353	876.88965
800.44739	875.07495
800.45947	873.57605
800.47156	873.13446
800.4837	872.99115
800.49579	872.6712
800.50787	871.84991
800.51996	872.39276
800.53204	874.03436
800.54413	873.27234
800.55621	872.43463
800.5683	871.91559
800.58038	870.92432
800.59253	872.96277
800.60461	874.06226
800.6167	877.21802
800.62878	873.53217
800.64087	873.21088
800.65295	874.99274
800.66504	873.73163
800.67712	874.99725
800.68921	875.18005
800.70135	875.88831
800.71344	873.31464
800.72552	876.3739
800.73761	874.73804
800.74969	873.79596
800.76178	873.85431
800.77386	875.40698
800.78595	876.10181
800.7981	874.13684
800.81018	873.56012
800.82227	873.95935
800.83435	872.46417
800.84644	871.8382
800.85852	872.37646
800.87061	872.54218
800.88269	873.86481
800.89478	873.52844
800.90692	872.95935
800.91901	873.3042
800.93109	873.33716
800.94318	871.46252
800.95526	873.80554
800.96735	873.33136
800.97943	875.43542
800.99152	875.66449
801.0036	876.2254
801.01575	873.24902
801.02783	874.61511
801.03992	873.32123
801.052	873.74628
801.06409	873.77478
801.07617	874.63788
801.08826	876.4552
801.10034	875.18427
801.11243	875.5033
801.12457	874.98779
801.13666	872.48254
801.14874	873.72278
801.16083	873.7627
801.17291	873.02582
801.185	873.57654
801.19708	872.84875
801.20917	872.36829
801.22125	873.2735
801.2334	875.55005
801.24548	875.90259
801.25757	872.90265
801.26965	876.12408
801.28174	877.53381
801.29382	876.00726
801.30591	874.50623
801.31799	874.4101
801.33014	875.85211
801.34222	875.6178
801.35431	871.58978
801.36639	874.30463
801.37848	875.46088
801.39056	873.30249
801.40265	873.91467
801.41473	875.31616
801.42682	871.67194
801.43896	872.59186
801.45105	875.33795
801.46313	875.40179
801.47522	875.65717
801.4873	874.45868
801.49939	874.23505
801.51147	873.10681
801.52356	872.34729
801.53564	875.10455
801.54779	876.43707
801.55988	874.85364
801.57196	875.69086
801.58405	877.05841
801.59613	875.21344
801.60822	873.60413
801.6203	873.52405
801.63239	874.24481
801.64447	875.091
801.65662	873.70453
801.6687	874.38947
801.68079	875.40088
801.69287	876.90906
801.70496	876.09869
801.71704	875.10095
801.72913	875.31635
801.74121	875.19177
801.7533	873.71655
801.76544	875.51111
801.77753	872.45959
801.78961	875.75555
801.8017	875.65564
801.81378	872.67847
801.82587	874.98694
801.83795	873.38074
801.85004	874.75342
801.86218	876.24805
801.87427	875.68219
801.88635	874.1709
801.89844	874.25372
801.91052	876.75421
801.92261	876.56079
801.93469	874.73059
801.94678	873.49951
801.95886	873.0741
801.97101	875.61505
801.98309	876.96271
801.99518	875.66479
802.00726	876.69843
802.01935	876.0918
802.03143	874.49048
802.04352	874.75629
802.0556	874.78949
802.06769	875.86035
802.07983	874.32208
802.09192	875.94946
802.104	877.69067
802.11609	875.38263
802.12817	875.76184
802.14026	875.98462
802.15234	876.30792
802.16443	876.19812
802.17651	874.71368
802.18866	870.66022
802.20074	875.48761
802.21283	875.82416
802.22491	874.79901
802.237	877.03613
802.24908	877.44482
802.26117	876.55084
802.27325	876.68494
802.28534	877.41608
802.29749	877.46167
802.30957	876.25134
802.32166	874.73175
802.33374	874.43396
802.34583	874.69501
802.35791	876.32843
802.37	878.409
802.38208	876.58093
802.39423	873.81354
802.40631	874.93152
802.4184	876.19019
802.43048	875.50018
802.44257	875.47162
802.45465	878.24719
802.46674	875.72028
802.47882	876.18561
802.49091	875.96436
802.50305	875.54028
802.51514	874.18732
802.52722	874.79376
802.53931	873.9245
802.55139	876.25708
802.56348	876.83545
802.57556	874.82391
802.58765	874.15729
802.59973	876.79504
802.61188	876.2677
802.62396	875.71912
802.63605	874.97522
802.64813	874.06885
802.66022	874.31512
802.6723	874.53302
802.68439	872.23584
802.69647	875.50836
802.70856	873.06921
802.7207	873.4425
802.73279	876.17029
802.74487	875.34729
802.75696	875.28461
802.76904	874.75824
802.78113	876.89709
802.79321	877.31189
802.8053	876.65656
802.81738	876.87109
802.82953	874.57343
802.84161	875.87842
802.8537	878.2522
802.86578	877.6463
802.87787	876.77283
802.88995	874.62646
802.90204	875.25323
802.91412	876.90881
802.92627	875.61804
802.93835	874.45404
802.95044	879.31152
802.96252	874.24469
802.97461	873.79443
802.98669	875.24011
802.99878	873.73523
803.01086	875.91583
803.02295	874.38025
803.0351	870.70374
803.04718	872.84125
803.05927	875.22595
803.07135	874.72192
803.08344	877.04443
803.09552	874.91736
803.1076	874.4021
803.11969	874.15356
803.13177	875.45056
803.14392	877.57202
803.15601	875.97717
803.16809	874.51172
803.18018	874.99158
803.19226	876.01367
803.20435	876.11072
803.21643	877.18994
803.22852	877.84155
803.2406	874.98242
803.25275	872.83844
803.26483	875.48126
803.27692	877.82922
803.289	876.72522
803.30109	876.7915
803.31317	877.12366
803.32526	876.41327
803.33734	877.07916
803.34943	876.41168
803.36157	876.53772
803.37366	877.34918
803.38574	876.50519
803.39783	876.14764
803.40991	876.61218
803.422	876.29834
803.43408	877.9162
803.44617	876.36145
803.45831	876.68884
803.4704	877.99988
803.48248	877.34949
803.49457	879.46716
803.50665	876.55481
803.51874	876.71997
803.53082	874.56726
803.54291	875.32849
803.55499	874.86102
803.56714	877.50555
803.57922	879.57068
803.59131	878.1875
803.60339	876.88873
803.61548	875.38824
803.62756	875.91302
803.63965	877.28931
803.65173	879.12469
803.66382	876.88074
803.67596	877.2901
803.68805	876.52466
803.70013	876.94629
803.71222	879.27246
803.7243	877.08923
803.73639	875.88403
803.74847	874.76782
803.76056	875.58881
803.77264	878.8371
803.78479	878.87036
803.79688	877.77289
803.80896	876.17267
803.82104	875.58081
803.83313	875.61328
803.84521	876.52338
803.8573	878.1897
803.86938	877.11108
803.88147	878.13947
803.89362	878.27124
803.9057	877.0708
803.91779	877.21759
803.92987	876.12317
803.94196	875.30878
803.95404	877.30511
803.96613	873.76477
803.97821	878.04541
803.99036	879.1593
804.00244	878.18628
804.01453	877.58228
804.02661	877.61255
804.0387	875.71655
804.05078	875.87079
804.06287	878.8454
804.07495	878.0791
804.08704	876.4126
804.09918	877.14087
804.11127	874.96442
804.12335	876.77136
804.13544	877.53247
804.14752	877.87073
804.15961	878.3114
804.17169	875.79913
804.18378	879.04059
804.19586	879.18988
804.20801	879.87091
804.22009	882.32214
804.23218	881.27063
804.24426	879.0354
804.25635	876.40112
804.26843	877.90759
804.28052	878.10724
804.2926	878.3584
804.30469	876.81342
804.31683	880.49475
804.32892	877.49561
804.341	878.18652
804.35309	878.06
804.36517	877.33246
804.37726	877.16144
804.38934	879.24091
804.40143	878.17334
804.41351	878.1651
804.42566	880.99762
804.43774	881.91547
804.44983	880.00604
804.46191	879.68005
804.474	879.60712
804.48608	880.17926
804.49817	880.75873
804.51025	879.5484
804.5224	878.87848
804.53448	877.60803
804.54657	878.74811
804.55865	879.8385
804.57074	880.03168
804.58282	881.77551
804.59491	878.35724
804.60699	878.63739
804.61908	881.29144
804.63123	882.25793
804.64331	882.46271
804.6554	881.651
804.66748	881.1189
804.67957	879.24945
804.69165	882.83899
804.70374	882.36713
804.71582	878.10815
804.72791	878.53931
804.74005	879.71564
804.75214	878.64984
804.76422	879.05371
804.77631	883.72034
804.78839	879.93475
804.80048	882.32068
804.81256	879.09442
804.82465	881.23022
804.83673	878.32776
804.84888	879.25903
804.86096	879.5152
804.87305	879.43433
804.88513	881.30469
804.89722	879.20044
804.9093	878.86523
804.92139	880.91205
804.93347	883.75269
804.94556	884.70313
804.9577	883.2085
804.96979	882.16376
804.98187	883.26654
804.99396	883.30829
805.00604	883.09503
805.01813	882.34723
805.03021	882.74615
805.0423	880.73352
805.05444	881.20129
805.06653	883.14856
805.07861	882.97302
805.0907	883.92828
805.10278	883.89166
805.11487	885.53894
805.12695	884.67236
805.13904	883.06372
805.15112	882.58002
805.16327	882.58765
805.17535	882.02197
805.18744	879.73871
805.19952	882.26947
805.21161	884.56189
805.22369	885.16443
805.23578	883.51874
805.24786	882.52551
805.25995	882.06616
805.27209	883.70203
805.28418	885.0932
805.29626	883.00385
805.30835	882.74731
805.32043	883.31232
805.33252	884.25018
805.3446	884.56732
805.35669	883.54138
805.36877	883.08112
805.38092	886.06616
805.39301	885.95905
805.40509	886.52356
805.41718	886.75299
805.42926	885.98578
805.44135	883.72876
805.45343	883.18213
805.46552	885.948
805.4776	883.51086
805.48975	886.25464
805.50183	886.73456
805.51392	888.91754
805.526	888.59552
805.53809	883.59576
805.55017	885.26691
805.56226	885.23376
805.57434	887.71442
805.58649	884.31616
805.59857	889.46021
805.61066	887.14642
805.62274	888.97791
805.63483	890.50494
805.64691	891.21118
805.659	887.6377
805.67108	888.95398
805.68317	885.77789
805.69531	888.2215
805.7074	891.01086
805.71948	886.50952
805.73157	886.96277
805.74365	890.2428
805.75574	889.05762
805.76782	888.59552
805.77991	885.46924
805.79199	887.9126
805.80414	889.93542
805.81622	891.87061
805.82831	891.38953
805.84039	885.69196
805.85248	892.36505
805.86456	891.83673
805.87665	895.23383
805.88873	890.97949
805.90082	893.47864
805.91296	893.11591
805.92505	891.00708
805.93713	890.64465
805.94922	891.09119
805.9613	893.96234
805.97339	891.96277
805.98547	891.3385
805.99756	892.93103
806.00964	892.64685
806.02179	891.65216
806.03387	893.37048
806.04596	893.90131
806.05804	894.59631
806.07013	896.34149
806.08221	893.0094
806.0943	893.1402
806.10638	895.79889
806.11853	895.6958
806.13062	893.62134
806.1427	891.92621
806.15479	893.69305
806.16687	894.91626
806.17896	895.95227
806.19104	897.30554
806.20313	896.09857
806.21521	896.81189
806.22736	899.2442
806.23944	899.11169
806.25153	898.84973
806.26361	901.21661
806.2757	899.9198
806.28778	900.18408
806.29987	901.94696
806.31195	900.75604
806.32404	899.87756
806.33618	901.32892
806.34827	901.86407
806.36035	901.1897
806.37244	902.86487
806.38452	903.367
806.39661	906.21179
806.40869	903.86493
806.42078	900.1272
806.43286	901.95471
806.44501	903.07678
806.45709	903.40112
806.46918	905.883
806.48126	909.38611
806.49335	905.34064
806.50543	906.73712
806.51752	904.66284
806.5296	907.76825
806.54169	906.67035
806.55383	908.19958
806.56592	909.47968
806.578	907.9455
806.59009	906.83936
806.60217	910.11853
806.61426	909.49304
806.62634	913.67389
806.63843	910.68475
806.65057	913.97394
806.66266	912.58557
806.67474	910.59052
806.68683	914.56201
806.69891	914.62
806.711	912.69855
806.72308	916.76324
806.73517	918.32074
806.74725	913.74219
806.7594	914.88977
806.77148	918.57471
806.78357	917.44769
806.79565	919.67206
806.80774	919.44482
806.81982	918.95563
806.83191	916.45074
806.84399	923.88354
806.85608	925.38263
806.86823	919.69965
806.88031	920.66931
806.8924	924.30646
806.90448	927.79303
806.91656	930.54187
806.92865	926.96954
806.94073	927.97198
806.95282	925.289
806.9649	929.84027
806.97705	930.06506
806.98914	933.32587
807.00122	928.87537
807.01331	927.66217
807.02539	933.74097
807.03748	927.40729
807.04956	932.30176
807.06165	937.47955
807.07373	932.25616
807.08588	926.39429
807.09796	933.03668
807.11005	932.43109
807.12213	934.64703
807.13422	940.36267
807.1463	939.65723
807.15839	936.20703
807.17047	935.89789
807.18262	945.8576
807.1947	944.56805
807.20679	945.08319
807.21887	949.40936
807.23096	954.03931
807.24304	948.6134
807.25513	947.32159
807.26721	955.17188
807.2793	954.99963
807.29144	953.95447
807.30353	949.86371
807.31561	950.32928
807.3277	960.86682
807.33978	963.3363
807.35187	964.33209
807.36395	962.92303
807.37604	967.20599
807.38812	969.81738
807.40027	972.46765
807.41235	969.20721
807.42444	970.30591
807.43652	972.89703
807.44861	977.02051
807.46069	971.68536
807.47278	977.64282
807.48486	980.5907
807.49695	980.33051
807.50909	981.55688
807.52118	980.38281
807.53326	987.01056
807.54535	995.26208
807.55743	984.17023
807.56952	988.18341
807.5816	993.51556
807.59369	1001.8557
807.60577	1005.1667
807.61792	998.6662
807.63	999.17291
807.64209	1004.1
807.65417	1012.1361
807.66626	1009.0026
807.67834	1006.4321
807.69043	1013.8844
807.70251	1023.1154
807.71466	1024.006
807.72675	1027.0914
807.73883	1027.2147
807.75092	1025.1737
807.763	1027.9421
807.77509	1035.9023
807.78717	1037.8447
807.79926	1038.2395
807.81134	1042.5135
807.82349	1041.7867
807.83557	1046.7836
807.84766	1046.6134
807.85974	1053.183
807.87183	1057.7305
807.88391	1057.5603
807.896	1064.6074
807.90808	1069.9366
807.92017	1071.9852
807.93231	1078.5862
807.9444	1077.0912
807.95648	1076.7482
807.96857	1088.4319
807.98065	1092.0179
807.99274	1087.9093
808.00482	1095.1412
808.01691	1102.1891
808.02899	1112.5713
808.04114	1117.6843
808.05322	1109.8638
808.06531	1117.0856
808.07739	1110.4462
808.08948	1132.0519
808.10156	1131.9988
808.11365	1138.9194
808.12573	1141.6379
808.13782	1146.0287
808.14996	1143.8322
808.16205	1165.1755
808.17413	1165.942
808.18622	1165.115
808.1983	1165.4508
808.21039	1167.4087
808.22247	1182.255
808.23456	1193.9049
808.2467	1195.5347
808.25879	1184.462
808.27087	1203.2275
808.28296	1212.3077
808.29504	1205.4037
808.30713	1208.2601
808.31921	1210.6415
808.3313	1224.3383
808.34338	1232.0031
808.35553	1226.0946
808.36761	1238.2637
808.3797	1227.839
808.39178	1246.1637
808.40387	1258.9146
808.41595	1257.3439
808.42804	1256.8323
808.44012	1266.7775
808.45221	1261.5637
808.46436	1270.5049
808.47644	1277.7816
808.48853	1287.0371
808.50061	1277.1487
808.5127	1289.2208
808.52478	1287.0997
808.53687	1293.4586
808.54895	1299.9324
808.56104	1307.485
808.57318	1295.6907
808.58527	1303.7037
808.59735	1315.6674
808.60944	1323.3379
808.62152	1312.0665
808.63361	1319.8568
808.64569	1314.5092
808.65778	1319.6058
808.66986	1317.6036
808.68201	1330.9697
808.69409	1324.4126
808.70618	1320.4365
808.71826	1320.4064
808.73035	1315.1235
808.74243	1332.5616
808.75452	1329.9657
808.7666	1335.9572
808.77875	1330.5425
808.79083	1341.0435
808.80292	1327.7821
808.815	1332.4781
808.82709	1330.7596
808.83917	1336.6971
808.85126	1332.2882
808.86334	1322.951
808.87543	1321.5037
808.88757	1320.5941
808.89966	1329.8068
808.91174	1320.1483
808.92383	1319.5015
808.93591	1324.4637
808.948	1323.1698
808.96008	1309.1694
808.97217	1307.0886
808.98425	1306.0127
808.9964	1306.3239
809.00848	1306.6643
809.02057	1303.1982
809.03265	1302.5402
809.04474	1292.6881
809.05682	1305.1631
809.06891	1297.3258
809.08099	1296.8265
809.09308	1293.252
809.10522	1285.1332
809.11731	1279.8702
809.12939	1278.2305
809.14148	1276.8502
809.15356	1280.2582
809.16565	1271.6351
809.17773	1263.7432
809.18982	1266.3875
809.2019	1258.8877
809.21405	1264.1367
809.22614	1269.1068
809.23822	1258.8752
809.25031	1249.2426
809.26239	1243.6904
809.27448	1239.9688
809.28656	1240.9858
809.29865	1239.4236
809.31079	1230.5623
809.32288	1215.7767
809.33496	1213.8223
809.34705	1211.828
809.35913	1209.3691
809.37122	1204.7955
809.3833	1202.0332
809.39539	1198.892
809.40747	1196.6189
809.41962	1193.6649
809.4317	1182.8459
809.44379	1186.1409
809.45587	1177.9207
809.46796	1169.9307
809.48004	1172.3019
809.49213	1168.8124
809.50421	1167.095
809.5163	1160.6803
809.52844	1158.5966
809.54053	1149.5829
809.55261	1146.6166
809.5647	1141.4393
809.57678	1141.3793
809.58887	1143.4952
809.60095	1135.5697
809.61304	1126.2416
809.62512	1128.3348
809.63727	1121.9308
809.64935	1119.2162
809.66144	1117.5208
809.67352	1111.8195
809.68561	1103.5507
809.69769	1097.0437
809.70978	1101.4274
809.72186	1099.5383
809.73395	1097.9735
809.74609	1092.2096
809.75818	1089.4731
809.77026	1086.8999
809.78235	1082.864
809.79443	1080.7052
809.80652	1079.088
809.8186	1077.8188
809.83069	1068.2299
809.84283	1067.0289
809.85492	1061.6246
809.867	1067.4976
809.87909	1062.4701
809.89117	1060.6279
809.90326	1053.7909
809.91534	1054.099
809.92743	1050.1471
809.93951	1046.715
809.95166	1045.8781
809.96375	1045.4224
809.97583	1045.1206
809.98792	1040.4406
810	1038.2834
810.01208	1040.0852
810.02417	1038.4724
810.03625	1034.1667
810.04834	1032.1022
810.06049	1028.5878
810.07257	1030.4353
810.08466	1020.8627
810.09674	1015.3489
810.10883	1012.3944
810.12091	1016.9341
810.133	1013.1238
810.14508	1014.2628
810.15717	1014.3749
810.16931	1021.9321
810.1814	1018.2435
810.19348	1017.7517
810.20557	1011.5008
810.21765	1011.4791
810.22974	1008.6219
810.24182	1009.3621
810.25391	1008.9341
810.26605	1012.0294
810.27814	1011.315
810.29022	1004.8635
810.30231	1011.0681
810.31439	1008.7791
810.32648	1009.2762
810.33856	1005.8827
810.35065	1010.697
810.36273	1005.2043
810.37488	1006.859
810.38696	1007.7845
810.39905	1007.573
810.41113	1008.6442
810.42322	1000.3012
810.4353	1001.9065
810.44739	1006.8716
810.45947	1008.6983
810.47156	1006.3765
810.4837	1003.9156
810.49579	1007.863
810.50787	1004.0605
810.51996	1002.3647
810.53204	1008.0169
810.54413	1006.5367
810.55621	1006.808
810.5683	1008.3403
810.58038	1009.0741
810.59253	1011.4758
810.60461	1015.1765
810.6167	1013.1904
810.62878	1013.2043
810.64087	1017.09
810.65295	1017.955
810.66504	1015.699
810.67712	1017.9314
810.68921	1020.1085
810.70135	1019.4471
810.71344	1027.6161
810.72552	1027.1101
810.73761	1026.9872
810.74969	1025.0763
810.76178	1029.8408
810.77386	1028.845
810.78595	1031.3016
810.7981	1030.9078
810.81018	1031.8051
810.82227	1036.1708
810.83435	1033.5253
810.84644	1037.9752
810.85852	1040.1056
810.87061	1038.0773
810.88269	1043.5994
810.89478	1040.4094
810.90692	1053.7365
810.91901	1060.1808
810.93109	1053.6683
810.94318	1058.9839
810.95526	1062.4364
810.96735	1057.6516
810.97943	1063.2833
810.99152	1071.8864
811.0036	1078.9283
811.01575	1080.2726
811.02783	1081.2609
811.03992	1084.7267
811.052	1087.7106
811.06409	1096.7579
811.07617	1111.8361
811.08826	1109.9645
811.10034	1112.021
811.11243	1128.6195
811.12457	1130.7363
811.13666	1132.7792
811.14874	1145.9934
811.16083	1149.9009
811.17291	1162.8079
811.185	1163.0255
811.19708	1175.4509
811.20917	1180.412
811.22125	1187.8817
811.2334	1201.7744
811.24548	1205.5168
811.25757	1211.4818
811.26965	1219.856
811.28174	1236.0675
811.29382	1241.7919
811.30591	1244.1174
811.31799	1251.5531
811.33014	1259.2657
811.34222	1249.7686
811.35431	1259.6349
811.36639	1270.2885
811.37848	1271.2629
811.39056	1275.7831
811.40265	1277.5049
811.41473	1281.4159
811.42682	1280.9993
811.43896	1281.7727
811.45105	1279.1559
811.46313	1277.5321
811.47522	1287.9568
811.4873	1285.424
811.49939	1281.6086
811.51147	1276.2885
811.52356	1265.3501
811.53564	1267.1536
811.54779	1267.413
811.55988	1260.1566
811.57196	1246.4285
811.58405	1242.3141
811.59613	1234.7781
811.60822	1229.4191
811.6203	1229.5105
811.63239	1222.1381
811.64447	1216.7582
811.65662	1204.5437
811.6687	1187.8457
811.68079	1190.4618
811.69287	1190.7012
811.70496	1182.3779
811.71704	1172.5045
811.72913	1159.0397
811.74121	1152.8768
811.7533	1156.1538
811.76544	1150.2448
811.77753	1137.7
811.78961	1125.1527
811.8017	1118.0773
811.81378	1117.9261
811.82587	1113.3644
811.83795	1105.9264
811.85004	1100.924
811.86218	1093.6957
811.87427	1087.9825
811.88635	1083.9987
811.89844	1079.3523
811.91052	1077.0485
811.92261	1074.957
811.93469	1073.2727
811.94678	1067.97
811.95886	1059.0403
811.97101	1056.5391
811.98309	1056.5696
811.99518	1051.5297
812.00726	1044.4175
812.01935	1040.1689
812.03143	1037.1261
812.04352	1029.3816
812.0556	1021.718
812.06769	1022.4438
812.07983	1023.6597
812.09192	1018.2765
812.104	1013.8089
812.11609	1016.9117
812.12817	1011.8463
812.14026	1006.9433
812.15234	1004.308
812.16443	1002.3554
812.17651	1000.9485
812.18866	1006.8917
812.20074	1004.4322
812.21283	1000.078
812.22491	991.57056
812.237	994.45337
812.24908	992.79492
812.26117	991.75726
812.27325	992.34167
812.28534	989.55853
812.29749	985.06818
812.30957	984.89471
812.32166	981.69739
812.33374	980.19489
812.34583	978.91876
812.35791	976.56543
812.37	980.34131
812.38208	975.67401
812.39423	973.24286
812.40631	972.06567
812.4184	975.31647
812.43048	974.35388
812.44257	977.35187
812.45465	972.34052
812.46674	968.2934
812.47882	978.07019
812.49091	977.88562
812.50305	974.71216
812.51514	968.30286
812.52722	969.38898
812.53931	975.79742
812.55139	974.4881
812.56348	968.20502
812.57556	969.34387
812.58765	969.44666
812.59973	968.23969
812.61188	966.4563
812.62396	966.66797
812.63605	964.9458
812.64813	963.44977
812.66022	963.29175
812.6723	963.32599
812.68439	960.65448
812.69647	964.94287
812.70856	964.95923
812.7207	963.49237
812.73279	964.82489
812.74487	958.48517
812.75696	964.48242
812.76904	966.60626
812.78113	958.58929
812.79321	964.26367
812.8053	965.93176
812.81738	959.8111
812.82953	962.12482
812.84161	966.255
812.8537	964.21405
812.86578	968.24622
812.87787	962.52496
812.88995	967.79492
812.90204	963.90417
812.91412	965.2879
812.92627	961.01703
812.93835	961.15784
812.95044	963.94482
812.96252	967.09149
812.97461	968.92932
812.98669	969.21991
812.99878	968.77405
813.01086	970.2088
813.02295	972.54572
813.0351	970.52521
813.04718	968.71106
813.05927	966.24786
813.07135	961.20728
813.08344	972.39417
813.09552	974.77332
813.1076	966.16272
813.11969	970.35986
813.13177	966.98602
813.14392	973.17322
813.15601	976.16797
813.16809	971.69995
813.18018	970.72906
813.19226	978.36688
813.20435	974.14038
813.21643	974.37701
813.22852	984.05304
813.2406	983.52679
813.25275	978.07434
813.26483	982.34473
813.27692	984.76666
813.289	983.46179
813.30109	987.58594
813.31317	988.79407
813.32526	988.10962
813.33734	986.95782
813.34943	988.10193
813.36157	990.91754
813.37366	991.98755
813.38574	993.6275
813.39783	994.69696
813.40991	994.94153
813.422	994.82227
813.43408	997.48364
813.44617	1004.3976
813.45831	1008.7275
813.4704	1008.2568
813.48248	1007.4984
813.49457	1008.4305
813.50665	1010.7877
813.51874	1014.6102
813.53082	1015.2678
813.54291	1011.3035
813.55499	1008.4503
813.56714	1017.0926
813.57922	1017.4406
813.59131	1019.4016
813.60339	1020.789
813.61548	1027.452
813.62756	1023.5562
813.63965	1025.6003
813.65173	1031.5975
813.66382	1029.0178
813.67596	1034.1558
813.68805	1042.2374
813.70013	1042.4351
813.71222	1043.1501
813.7243	1048.0588
813.73639	1047.9817
813.74847	1051.7693
813.76056	1056.0355
813.77264	1054.7184
813.78479	1059.1934
813.79688	1068.5325
813.80896	1070.376
813.82104	1071.5193
813.83313	1079.4583
813.84521	1084.1392
813.8573	1086.5092
813.86938	1090.8124
813.88147	1092.4464
813.89362	1097.4198
813.9057	1093.1462
813.91779	1098.4601
813.92987	1111.7583
813.94196	1117.845
813.95404	1121.5742
813.96613	1130.6362
813.97821	1137.4403
813.99036	1144.7697
814.00244	1151.252
814.01453	1160.7529
814.02661	1176.1145
814.0387	1183.6641
814.05078	1187.2865
814.06287	1197.745
814.07495	1216.0482
814.08704	1225.4425
814.09918	1243.8248
814.11127	1258.4568
814.12335	1274.8732
814.13544	1296.9388
814.14752	1314.9316
814.15961	1328.8763
814.17169	1366.0439
814.18378	1383.1007
814.19586	1413.5753
814.20801	1437.4644
814.22009	1479.7745
814.23218	1504.4659
814.24426	1534.6995
814.25635	1559.5892
814.26843	1603.3367
814.28052	1644.8588
814.2926	1687.7465
814.30469	1729.1726
814.31683	1765.0708
814.32892	1803.1036
814.341	1862.3387
814.35309	1913.4763
814.36517	1967.981
814.37726	2004.9384
814.38934	2054.5859
814.40143	2103.1572
814.41351	2149.8337
814.42566	2197.7124
814.43774	2249.718
814.44983	2293.2549
814.46191	2327.9136
814.474	2370.6655
814.48608	2374.9995
814.49817	2385.6895
814.51025	2413.2815
814.5224	2404.3064
814.53448	2421.0239
814.54657	2440.9258
814.55865	2421.2319
814.57074	2375.386
814.58282	2375.311
814.59491	2356.6223
814.60699	2308.5837
814.61908	2284.332
814.63123	2233.1138
814.64331	2212.7803
814.6554	2178.2649
814.66748	2123.5598
814.67957	2109.3301
814.69165	2050.6709
814.70374	2010.2194
814.71582	1967.8793
814.72791	1940.5315
814.74005	1901.1573
814.75214	1848.4008
814.76422	1820.6987
814.77631	1765.9171
814.78839	1739.7321
814.80048	1695.6925
814.81256	1666.8331
814.82465	1626.2197
814.83673	1596.5353
814.84888	1569.3928
814.86096	1540.1353
814.87305	1504.4382
814.88513	1481.062
814.89722	1456.1488
814.9093	1427.6111
814.92139	1405.4965
814.93347	1381.575
814.94556	1367.8071
814.9577	1354.5779
814.96979	1310.7003
814.98187	1285.9799
814.99396	1281.8226
815.00604	1250.9135
815.01813	1245.9302
815.03021	1222.5613
815.0423	1208.6011
815.05444	1186.3729
815.06653	1179.5709
815.07861	1175.6536
815.0907	1157.8978
815.10278	1150.484
815.11487	1138.4646
815.12695	1120.7927
815.13904	1115.0128
815.15112	1108.1859
815.16327	1090.2865
815.17535	1082.8345
815.18744	1070.7072
815.19952	1059.8618
815.21161	1057.723
815.22369	1054.6411
815.23578	1052.6936
815.24786	1041.8429
815.25995	1029.3575
815.27209	1027.4867
815.28418	1027.3207
815.29626	1023.6083
815.30835	1013.0628
815.32043	1009.9167
815.33252	1006.1749
815.3446	1001.1098
815.35669	995.96216
815.36877	992.12408
815.38092	992.07855
815.39301	987.19623
815.40509	987.06573
815.41718	982.17999
815.42926	977.16205
815.44135	970.11182
815.45343	961.48297
815.46552	963.86523
815.4776	962.82343
815.48975	956.69037
815.50183	961.33002
815.51392	951.62195
815.526	950.27698
815.53809	947.62158
815.55017	942.32794
815.56226	943.21643
815.57434	945.44281
815.58649	942.60089
815.59857	936.26556
815.61066	939.31122
815.62274	934.22632
815.63483	932.93048
815.64691	934.54608
815.659	929.96826
815.67108	926.47937
815.68317	928.45245
815.69531	920.47015
815.7074	925.70416
815.71948	921.83508
815.73157	917.52313
815.74365	919.10187
815.75574	914.21155
815.76782	918.49725
815.77991	917.84119
815.79199	915.06281
815.80414	915.35382
815.81622	913.34833
815.82831	908.72723
815.84039	906.9812
815.85248	907.01312
815.86456	907.354
815.87665	905.46613
815.88873	904.90485
815.90082	902.99567
815.91296	902.71344
815.92505	906.57269
815.93713	903.53632
815.94922	901.22241
815.9613	903.37421
815.97339	902.11377
815.98547	900.82251
815.99756	899.8703
816.00964	899.10388
816.02179	901.71973
816.03387	897.16736
816.04596	898.21912
816.05804	897.612
816.07013	898.25281
816.08221	898.03827
816.0943	894.71729
816.10638	895.46246
816.11853	893.86713
816.13062	892.15826
816.1427	889.09833
816.15479	894.45825
816.16687	892.24792
816.17896	892.59674
816.19104	889.73688
816.20313	889.69586
816.21521	889.12335
816.22736	888.41925
816.23944	888.87067
816.25153	892.38544
816.26361	892.70654
816.2757	886.79565
816.28778	888.79889
816.29987	889.06219
816.31195	886.16223
816.32404	884.32904
816.33618	888.24261
816.34827	886.05798
816.36035	889.77301
816.37244	885.92017
816.38452	883.46552
816.39661	889.74109
816.40869	882.64288
816.42078	887.2561
816.43286	886.31067
816.44501	886.47192
816.45709	886.65594
816.46918	883.63409
816.48126	885.71411
816.49335	885.58771
816.50543	886.76178
816.51752	887.67316
816.5296	886.98676
816.54169	886.01385
816.55383	884.39618
816.56592	884.06158
816.578	883.00146
816.59009	881.25098
816.60217	881.98865
816.61426	883.38196
816.62634	882.62219
816.63843	882.69287
816.65057	882.29785
816.66266	882.39966
816.67474	881.6546
816.68683	883.52759
816.69891	883.57654
816.711	882.38879
816.72308	882.1731
816.73517	880.9115
816.74725	881.90753
816.7594	883.43427
816.77148	882.31567
816.78357	881.61151
816.79565	881.35278
816.80774	882.16821
816.81982	880.90271
816.83191	882.3299
816.84399	882.84973
816.85608	882.63611
816.86823	877.45532
816.88031	879.6062
816.8924	881.22131
816.90448	881.64667
816.91656	882.58612
816.92865	880.31317
816.94073	880.67371
816.95282	882.82819
816.9649	880.0069
816.97705	880.5238
816.98914	879.38837
817.00122	879.62866
817.01331	879.56036
817.02539	880.08844
817.03748	879.58716
817.04956	880.46063
817.06165	878.3714
817.07373	879.23267
817.08588	879.18604
817.09796	877.74567
817.11005	878.08289
817.12213	878.31281
817.13422	879.8855
817.1463	876.08978
817.15839	876.64581
817.17047	877.96948
817.18262	878.95923
817.1947	880.21399
817.20679	879.88171
817.21887	878.79999
817.23096	878.92651
817.24304	876.86725
817.25513	875.96283
817.26721	876.92242
817.2793	878.01477
817.29144	877.42169
817.30353	879.8432
817.31561	879.38129
817.3277	877.66681
817.33978	877.58575
817.35187	878.37677
817.36395	880.82294
817.37604	878.06366
817.38812	877.8186
817.40027	877.65784
817.41235	876.62384
817.42444	877.16644
817.43652	878.23755
817.44861	878.60052
817.46069	877.26727
817.47278	878.04663
817.48486	877.16595
817.49695	876.73749
817.50909	875.1012
817.52118	877.46838
817.53326	877.85913
817.54535	877.73529
817.55743	876.31635
817.56952	876.71747
817.5816	878.65985
817.59369	877.5047
817.60577	876.93457
817.61792	876.71838
817.63	876.57581
817.64209	876.12549
817.65417	875.00244
817.66626	877.12708
817.67834	877.64801
817.69043	875.97906
817.70251	876.8244
817.71466	877.13477
817.72675	876.97412
817.73883	876.41858
817.75092	876.63879
817.763	875.35309
817.77509	875.71405
817.78717	875.40845
817.79926	876.53467
817.81134	877.47528
817.82349	877.53247
817.83557	874.78784
817.84766	874.05298
817.85974	874.06268
817.87183	875.9425
817.88391	875.74774
817.896	874.53314
817.90808	877.13403
817.92017	876.50153
817.93231	876.65094
817.9444	875.33887
817.95648	873.84839
817.96857	874.28833
817.98065	874.51337
817.99274	874.58795
818.00482	876.1153
818.01691	875.84741
818.02899	875.83685
818.04114	873.63403
818.05322	875.05426
818.06531	874.97797
818.07739	875.03699
818.08948	875.58521
818.10156	874.89661
818.11365	874.01343
818.12573	875.11212
818.13782	874.39941
818.14996	873.02411
818.16205	875.11627
818.17413	875.65967
818.18622	873.71808
818.1983	874.95825
818.21039	875.94568
818.22247	875.03076
818.23456	873.84448
818.2467	874.52191
818.25879	876.21484
818.27087	875.88489
818.28296	874.39691
818.29504	875.64105
818.30713	874.28137
818.31921	874.58521
818.3313	874.47131
818.34338	873.60242
818.35553	874.62036
818.36761	874.76526
818.3797	878.14209
818.39178	871.71722
818.40387	876.04773
818.41595	874.05078
818.42804	874.45636
818.44012	872.55396
818.45221	875.66235
818.46436	873.99567
818.47644	875.72986
818.48853	873.98743
818.50061	874.76837
818.5127	874.33551
818.52478	874.66931
818.53687	875.02625
818.54895	874.31622
818.56104	872.42963
818.57318	874.16968
818.58527	873.91913
818.59735	873.63501
818.60944	873.94501
818.62152	876.15015
818.63361	876.94385
818.64569	874.81232
818.65778	875.57385
818.66986	875.02618
818.68201	876.1839
818.69409	875.87274
818.70618	873.68402
818.71826	875.0094
818.73035	874.35822
818.74243	877.33777
818.75452	875.71509
818.7666	873.6673
818.77875	873.80096
818.79083	875.37195
818.80292	877.81982
818.815	878.00031
818.82709	877.41437
818.83917	875.45496
818.85126	873.76447
818.86334	871.65656
818.87543	875.20862
818.88757	875.44861
818.89966	875.01825
818.91174	873.68567
818.92383	874.05939
818.93591	873.54773
818.948	876.04388
818.96008	877.11768
818.97217	876.45471
818.98425	873.55743
818.9964	873.21082
819.00848	873.01965
819.02057	874.85339
819.03265	874.6452
819.04474	874.63745
819.05682	875.93781
819.06891	874.49487
819.08099	876.64868
819.09308	875.4809
819.10522	876.70288
819.11731	871.04773
819.12939	875.83514
819.14148	873.85986
819.15356	872.82349
819.16565	873.78497
819.17773	876.56793
819.18982	874.44092
819.2019	872.96466
819.21405	871.44617
819.22614	872.82831
819.23822	872.9986
819.25031	871.85901
819.26239	872.36395
819.27448	873.46393
819.28656	873.72546
819.29865	874.44684
819.31079	874.17297
819.32288	875.48877
819.33496	875.53125
819.34705	874.14838
819.35913	873.78876
819.37122	872.35553
819.3833	876.19403
819.39539	878.46033
819.40747	869.84381
819.41962	874.15948
819.4317	877.07635
819.44379	874.00122
819.45587	873.86078
819.46796	875.18585
819.48004	875.73047
819.49213	875.02032
819.50421	873.76996
819.5163	874.46271
819.52844	873.90991
819.54053	875.58374
819.55261	873.28351
819.5647	874.57928
819.57678	874.62781
819.58887	873.85175
819.60095	872.01404
819.61304	874.9173
819.62512	875.95227
819.63727	876.76453
819.64935	877.46484
819.66144	876.47406
819.67352	873.63373
819.68561	874.82623
819.69769	877.07587
819.70978	873.75031
819.72186	874.50476
819.73395	872.8139
819.74609	873.75836
819.75818	875.00439
819.77026	875.31232
819.78235	872.59589
819.79443	874.16022
819.80652	873.89044
819.8186	871.64697
819.83069	874.82227
819.84283	876.18811
819.85492	874.11951
819.867	873.11578
819.87909	872.54645
819.89117	874.48328
819.90326	874.0304
819.91534	874.20465
819.92743	874.69824
819.93951	874.58563
819.95166	871.47388
819.96375	872.68994
819.97583	872.83344
819.98792	875.98187
820	873.91785
