800.14508	874.29626
800.15717	872.92413
800.16931	872.72241
800.1814	872.78381
800.19348	872.83069
800.20557	874.38263
800.21765	873.55737
800.22974	873.92291
800.24182	872.70154
800.25391	873.14844
800.26605	873.22913
800.27814	873.55206
800.29022	873.51752
800.30231	874.19696
800.31439	870.19916
800.32648	873.66541
800.33856	870.01886
800.35065	871.53156
800.36273	869.73212
800.37488	872.93811
800.38696	874.72974
800.39905	876.48395
800.41113	875.14874
800.42322	872.8811
800.4353	873.61627
800.44739	874.16241
800.45947	875.00616
800.47156	874.03979
800.4837	872.96448
800.49579	873.41724
800.50787	874.32367
800.51996	874.41003
800.53204	872.30438
800.54413	871.59998
800.55621	873.67163
800.5683	873.50311
800.58038	874.18701
800.59253	876.62854
800.60461	875.24353
800.6167	874.2392
800.62878	873.36578
800.64087	876.96039
800.65295	876.04218
800.66504	872.96429
800.67712	875.40076
800.68921	872.71222
800.70135	872.23383
800.71344	871.36243
800.72552	871.46729
800.73761	872.78479
800.74969	873.159
800.76178	872.2348
800.77386	871.81512
800.78595	871.72406
800.7981	872.85742
800.81018	872.96887
800.82227	872.16553
800.83435	872.97473
800.84644	873.97968
800.85852	874.35278
800.87061	874.27252
800.88269	872.60944
800.89478	872.74097
800.90692	874.05652
800.91901	872.09485
800.93109	870.55402
800.94318	874.34491
800.95526	871.81128
800.96735	872.93036
800.97943	873.755
800.99152	874.21631
801.0036	872.83307
801.01575	873.6803
801.02783	874.72308
801.03992	873.34534
801.052	874.04755
801.06409	875.27673
801.07617	874.70905
801.08826	873.51361
801.10034	872.94855
801.11243	871.69904
801.12457	872.45642
801.13666	872.29852
801.14874	873.53571
801.16083	874.15363
801.17291	872.35773
801.185	871.84009
801.19708	873.55933
801.20917	875.39551
801.22125	875.21405
801.2334	874.08228
801.24548	873.77313
801.25757	871.76532
801.26965	874.27301
801.28174	873.9071
801.29382	871.99414
801.30591	873.91956
801.31799	872.29803
801.33014	873.34833
801.34222	875.03186
801.35431	874.3855
801.36639	873.50031
801.37848	873.88983
801.39056	871.9986
801.40265	873.86597
801.41473	874.1485
801.42682	873.21295
801.43896	873.16345
801.45105	873.59796
801.46313	873.10181
801.47522	874.68152
801.4873	873.55914
801.49939	873.35999
801.51147	873.875
801.52356	873.38794
801.53564	872.92383
801.54779	872.50586
801.55988	872.79181
801.57196	873.37329
801.58405	873.88324
801.59613	875.29926
801.60822	874.49219
801.6203	873.43378
801.63239	876.12036
801.64447	873.65894
801.65662	874.18207
801.6687	874.78967
801.68079	872.63
801.69287	871.86194
801.70496	874.21179
801.71704	872.33051
801.72913	874.67358
801.74121	874.99573
801.7533	872.96375
801.76544	874.59583
801.77753	872.28467
801.78961	877.54309
801.8017	870.68488
801.81378	872.44385
801.82587	876.5766
801.83795	873.46973
801.85004	872.62531
801.86218	873.35004
801.87427	874.81946
801.88635	872.39917
801.89844	872.50745
801.91052	873.84137
801.92261	874.09052
801.93469	874.53198
801.94678	872.90924
801.95886	872.5744
801.97101	875.11249
801.98309	875.15918
801.99518	873.79926
802.00726	873.15564
802.01935	874.35065
802.03143	875.1629
802.04352	873.27942
802.0556	870.82397
802.06769	872.17615
802.07983	871.14789
802.09192	874.51276
802.104	872.85785
802.11609	872.74103
802.12817	874.01392
802.14026	872.19464
802.15234	873.99774
802.16443	873.74725
802.17651	875.54474
802.18866	874.84778
802.20074	869.97754
802.21283	871.49542
802.22491	871.25415
802.237	872.73224
802.24908	874.91968
802.26117	872.8374
802.27325	872.05334
802.28534	873.19427
802.29749	872.24243
802.30957	872.36072
802.32166	874.76324
802.33374	876.34009
802.34583	875.67969
802.35791	875.09332
802.37	874.8573
802.38208	873.47711
802.39423	873.0105
802.40631	874.37787
802.4184	874.78467
802.43048	874.43976
802.44257	875.44775
802.45465	873.92059
802.46674	873.87604
802.47882	875.22491
802.49091	875.23535
802.50305	872.51331
802.51514	874.09607
802.52722	873.08032
802.53931	873.76404
802.55139	872.62482
802.56348	874.64606
802.57556	872.54932
802.58765	874.43475
802.59973	873.59125
802.61188	873.23816
802.62396	877.40491
802.63605	873.01959
802.64813	873.84369
802.66022	873.89606
802.6723	872.81897
802.68439	875.77673
802.69647	875.30469
802.70856	872.95911
802.7207	873.8703
802.73279	873.51141
802.74487	872.81512
802.75696	870.86249
802.76904	871.34497
802.78113	872.84705
802.79321	872.93909
802.8053	874.46857
802.81738	875.05951
802.82953	872.84155
802.84161	872.16797
802.8537	873.06097
802.86578	874.20673
802.87787	875.75043
802.88995	872.77167
802.90204	871.73206
802.91412	874.90363
802.92627	874.34113
802.93835	872.72473
802.95044	873.74823
802.96252	874.24847
802.97461	876.17273
802.98669	873.78357
802.99878	875.56769
803.01086	870.04871
803.02295	874.89001
803.0351	873.85565
803.04718	875.29425
803.05927	872.32397
803.07135	873.73779
803.08344	872.11621
803.09552	873.7337
803.1076	874.81934
803.11969	871.81635
803.13177	872.448
803.14392	872.95258
803.15601	874.02197
803.16809	875.70953
803.18018	875.68225
803.19226	874.59973
803.20435	875.08539
803.21643	876.16034
803.22852	874.83527
803.2406	874.22742
803.25275	875.4433
803.26483	875.55103
803.27692	873.71838
803.289	873.396
803.30109	875.77448
803.31317	875.64893
803.32526	874.61072
803.33734	874.70819
803.34943	873.24426
803.36157	874.883
803.37366	873.90161
803.38574	872.17004
803.39783	873.00909
803.40991	873.38678
803.422	874.58771
803.43408	873.70569
803.44617	874.80121
803.45831	874.39172
803.4704	874.17798
803.48248	875.59314
803.49457	876.1474
803.50665	875.77747
803.51874	875.23425
803.53082	875.52521
803.54291	873.65607
803.55499	875.18732
803.56714	872.40546
803.57922	877.18488
803.59131	876.34924
803.60339	876.19666
803.61548	878.5379
803.62756	874.68146
803.63965	872.95398
803.65173	873.95184
803.66382	877.47797
803.67596	877.67804
803.68805	873.95758
803.70013	876.04559
803.71222	877.15808
803.7243	875.75818
803.73639	875.92047
803.74847	877.98444
803.76056	877.59039
803.77264	876.76068
803.78479	874.29242
803.79688	874.62213
803.80896	875.44751
803.82104	874.98059
803.83313	874.7981
803.84521	875.10455
803.8573	876.79047
803.86938	876.03534
803.88147	874.49414
803.89362	872.42999
803.9057	871.74207
803.91779	874.21216
803.92987	873.73566
803.94196	874.63983
803.95404	874.46869
803.96613	875.36981
803.97821	876.47052
803.99036	877.28827
804.00244	876.57092
804.01453	875.43555
804.02661	873.35236
804.0387	876.87787
804.05078	876.62115
804.06287	876.19098
804.07495	876.03027
804.08704	874.13684
804.09918	875.07837
804.11127	877.36658
804.12335	876.25531
804.13544	873.0741
804.14752	874.79749
804.15961	877.38861
804.17169	878.01099
804.18378	877.69934
804.19586	877.32489
804.20801	876.80383
804.22009	876.2843
804.23218	876.78784
804.24426	875.88116
804.25635	875.42523
804.26843	878.00116
804.28052	877.95422
804.2926	875.99127
804.30469	877.46875
804.31683	879.13129
804.32892	877.58228
804.341	877.11957
804.35309	876.40979
804.36517	874.84357
804.37726	875.77899
804.38934	875.48999
804.40143	875.44867
804.41351	876.6275
804.42566	876.33496
804.43774	875.75165
804.44983	877.22931
804.46191	877.15906
804.474	876.23859
804.48608	875.63843
804.49817	875.40613
804.51025	874.94482
804.5224	875.42145
804.53448	876.88159
804.54657	878.85498
804.55865	878.86267
804.57074	877.59424
804.58282	877.17273
804.59491	878.62958
804.60699	875.81464
804.61908	875.58704
804.63123	878.41101
804.64331	879.74152
804.6554	878.94635
804.66748	879.2428
804.67957	876.52655
804.69165	877.85596
804.70374	879.07446
804.71582	880.9574
804.72791	877.47418
804.74005	877.96875
804.75214	875.95923
804.76422	877.8504
804.77631	878.37512
804.78839	880.02625
804.80048	878.13428
804.81256	876.36853
804.82465	878.47406
804.83673	878.60608
804.84888	877.94128
804.86096	874.80579
804.87305	877.08887
804.88513	877.6842
804.89722	878.32397
804.9093	879.80151
804.92139	877.80811
804.93347	878.49194
804.94556	880.09064
804.9577	878.93927
804.96979	879.37183
804.98187	878.2774
804.99396	880.46869
805.00604	881.15717
805.01813	879.49371
805.03021	878.30859
805.0423	877.33612
805.05444	877.86261
805.06653	879.38971
805.07861	877.87134
805.0907	878.35718
805.10278	879.09973
805.11487	879.68219
805.12695	880.20795
805.13904	880.14838
805.15112	879.39484
805.16327	878.93085
805.17535	878.15845
805.18744	878.03217
805.19952	878.86023
805.21161	880.81378
805.22369	881.07062
805.23578	879.3808
805.24786	877.67279
805.25995	880.90338
805.27209	879.08612
805.28418	879.20093
805.29626	879.24677
805.30835	879.33673
805.32043	880.00269
805.33252	878.54236
805.3446	878.03802
805.35669	880.28326
805.36877	880.68488
805.38092	881.58118
805.39301	881.76495
805.40509	879.45038
805.41718	881.5675
805.42926	881.15424
805.44135	882.22723
805.45343	885.34912
805.46552	882.97797
805.4776	881.71924
805.48975	878.94904
805.50183	881.9021
805.51392	879.67719
805.526	882.49744
805.53809	878.43231
805.55017	878.80756
805.56226	879.98938
805.57434	878.93768
805.58649	883.38849
805.59857	880.65991
805.61066	882.16888
805.62274	880.73895
805.63483	883.55664
805.64691	879.97058
805.659	882.15594
805.67108	884.50378
805.68317	882.11249
805.69531	882.104
805.7074	880.54968
805.71948	880.91693
805.73157	880.56427
805.74365	882.66803
805.75574	882.96637
805.76782	884.63348
805.77991	887.01367
805.79199	887.84491
805.80414	883.41589
805.81622	885.19122
805.82831	885.44702
805.84039	883.40002
805.85248	885.48944
805.86456	884.97931
805.87665	887.5799
805.88873	886.92712
805.90082	887.07483
805.91296	883.17505
805.92505	885.75372
805.93713	883.97821
805.94922	885.98535
805.9613	885.237
805.97339	886.0553
805.98547	885.04553
805.99756	886.0083
806.00964	884.50385
806.02179	885.43109
806.03387	885.41675
806.04596	887.04266
806.05804	887.91992
806.07013	888.04102
806.08221	888.37439
806.0943	886.35529
806.10638	886.46375
806.11853	887.46588
806.13062	888.07196
806.1427	891.23926
806.15479	889.00134
806.16687	886.46045
806.17896	888.3418
806.19104	887.45569
806.20313	885.92206
806.21521	888.59558
806.22736	887.47308
806.23944	885.76587
806.25153	889.02747
806.26361	891.16034
806.2757	888.38043
806.28778	888.47296
806.29987	889.64111
806.31195	889.5675
806.32404	889.97559
806.33618	889.89783
806.34827	891.89355
806.36035	891.54291
806.37244	890.65796
806.38452	892.01904
806.39661	891.5307
806.40869	891.09845
806.42078	890.61511
806.43286	890.03473
806.44501	892.99725
806.45709	894.68591
806.46918	891.23541
806.48126	893.62018
806.49335	893.09473
806.50543	891.73907
806.51752	890.17938
806.5296	889.67542
806.54169	894.62518
806.55383	895.57019
806.56592	894.11737
806.578	894.65247
806.59009	892.50763
806.60217	892.64362
806.61426	894.5827
806.62634	895.33441
806.63843	896.46222
806.65057	896.71875
806.66266	894.46436
806.67474	894.73132
806.68683	898.74847
806.69891	896.91925
806.711	894.72485
806.72308	898.38098
806.73517	899.28528
806.74725	896.75684
806.7594	895.86713
806.77148	899.60553
806.78357	900.22009
806.79565	898.98132
806.80774	900.4873
806.81982	898.98303
806.83191	900.21997
806.84399	903.15723
806.85608	902.48328
806.86823	899.18018
806.88031	901.13483
806.8924	902.4007
806.90448	900.1012
806.91656	903.99976
806.92865	902.66241
806.94073	901.39294
806.95282	902.25323
806.9649	903.85693
806.97705	905.82336
806.98914	905.35919
807.00122	909.19812
807.01331	905.13995
807.02539	903.96283
807.03748	908.55078
807.04956	907.8573
807.06165	904.81647
807.07373	904.25171
807.08588	905.99701
807.09796	904.74579
807.11005	905.21484
807.12213	910.9342
807.13422	907.21344
807.1463	911.60352
807.15839	909.24744
807.17047	912.38947
807.18262	910.07721
807.1947	914.09167
807.20679	912.94055
807.21887	913.32123
807.23096	919.97083
807.24304	914.78418
807.25513	912.89819
807.26721	913.68414
807.2793	915.6142
807.29144	915.55737
807.30353	915.98578
807.31561	916.17566
807.3277	913.82959
807.33978	919.30627
807.35187	918.0174
807.36395	919.93719
807.37604	922.32416
807.38812	920.71112
807.40027	921.66132
807.41235	920.97382
807.42444	923.78253
807.43652	920.82684
807.44861	920.90375
807.46069	924.18402
807.47278	928.35529
807.48486	928.49628
807.49695	927.12756
807.50909	930.79602
807.52118	924.98236
807.53326	934.0719
807.54535	931.59869
807.55743	931.79681
807.56952	928.08472
807.5816	933.41687
807.59369	933.32623
807.60577	936.14685
807.61792	930.55554
807.63	932.82471
807.64209	934.15601
807.65417	943.06689
807.66626	942.08008
807.67834	942.77325
807.69043	941.95074
807.70251	945.47766
807.71466	946.77887
807.72675	946.48596
807.73883	942.39319
807.75092	948.46204
807.763	947.5528
807.77509	951.62299
807.78717	941.79114
807.79926	950.22638
807.81134	954.37561
807.82349	949.34906
807.83557	953.47559
807.84766	953.8324
807.85974	956.61401
807.87183	961.20215
807.88391	964.07208
807.896	962.79272
807.90808	961.06067
807.92017	965.10516
807.93231	968.42468
807.9444	967.14148
807.95648	969.45532
807.96857	969.24292
807.98065	966.6676
807.99274	973.3028
808.00482	978.14954
808.01691	985.05255
808.02899	979.539
808.04114	975.47882
808.05322	981.90973
808.06531	978.85175
808.07739	988.70013
808.08948	987.45013
808.10156	995.17993
808.11365	993.328
808.12573	999.60486
808.13782	1001.2571
808.14996	996.17871
808.16205	1002.8026
808.17413	1006.1642
808.18622	1009.1794
808.1983	1014.8569
808.21039	1011.5072
808.22247	1020.1242
808.23456	1020.5687
808.2467	1017.8203
808.25879	1023.9816
808.27087	1024.9907
808.28296	1025.7345
808.29504	1034.6019
808.30713	1037.8176
808.31921	1035.4133
808.3313	1036.9359
808.34338	1044.5313
808.35553	1054.6224
808.36761	1044.5835
808.3797	1050.6423
808.39178	1052.8989
808.40387	1055.876
808.41595	1059.7551
808.42804	1059.6799
808.44012	1067.2394
808.45221	1070.2941
808.46436	1072.7599
808.47644	1081.3265
808.48853	1085.0962
808.50061	1088.3145
808.5127	1096.8011
808.52478	1096.7627
808.53687	1100.4214
808.54895	1100.928
808.56104	1107.6742
808.57318	1100.0696
808.58527	1121.1951
808.59735	1116.1399
808.60944	1119.8014
808.62152	1132.3954
808.63361	1135.1138
808.64569	1143.2245
808.65778	1135.0396
808.66986	1158.5901
808.68201	1150.7662
808.69409	1151.5944
808.70618	1155.0728
808.71826	1168.1006
808.73035	1176.0139
808.74243	1185.0955
808.75452	1188.1093
808.7666	1175.9445
808.77875	1190.4801
808.79083	1199.3469
808.80292	1200.6382
808.815	1213.7747
808.82709	1203.5084
808.83917	1212.896
808.85126	1226.8865
808.86334	1237.7606
808.87543	1241.1429
808.88757	1245.265
808.89966	1247.0205
808.91174	1251.1019
808.92383	1258.0673
808.93591	1268.0203
808.948	1272.2795
808.96008	1280.8911
808.97217	1279.7426
808.98425	1284.2748
808.9964	1289.4706
809.00848	1286.8273
809.02057	1291.6702
809.03265	1305.4924
809.04474	1300.729
809.05682	1315.3774
809.06891	1324.6465
809.08099	1332.8159
809.09308	1329.2897
809.10522	1344.5743
809.11731	1342.1757
809.12939	1351.7202
809.14148	1351.5916
809.15356	1358.1157
809.16565	1352.1156
809.17773	1359.9128
809.18982	1363.9159
809.2019	1370.0804
809.21405	1376.8923
809.22614	1392.0613
809.23822	1390.7281
809.25031	1382.8461
809.26239	1384.5006
809.27448	1388.8939
809.28656	1396.5457
809.29865	1408.5533
809.31079	1412.567
809.32288	1416.5502
809.33496	1412.4142
809.34705	1412.4342
809.35913	1418.49
809.37122	1413.4063
809.3833	1411.6418
809.39539	1420.4783
809.40747	1415.3776
809.41962	1416.875
809.4317	1424.8795
809.44379	1419.3384
809.45587	1419.9125
809.46796	1412.532
809.48004	1408.6034
809.49213	1406.7479
809.50421	1407.2222
809.5163	1405.3438
809.52844	1402.3926
809.54053	1401.2153
809.55261	1393.412
809.5647	1400.1136
809.57678	1392.0096
809.58887	1378.9196
809.60095	1371.4359
809.61304	1369.1875
809.62512	1374.959
809.63727	1363.3066
809.64935	1351.2711
809.66144	1350.7084
809.67352	1342.4075
809.68561	1344.7196
809.69769	1332.615
809.70978	1327.6727
809.72186	1330.1383
809.73395	1326.885
809.74609	1320.4694
809.75818	1308.9167
809.77026	1290.5057
809.78235	1288.6315
809.79443	1292.1857
809.80652	1275.2504
809.8186	1270.3401
809.83069	1264.4491
809.84283	1255.5439
809.85492	1243.3109
809.867	1246.7968
809.87909	1229.2191
809.89117	1229.7321
809.90326	1222.1812
809.91534	1221.1316
809.92743	1212.8114
809.93951	1214.5181
809.95166	1208.3025
809.96375	1199.5167
809.97583	1191.8815
809.98792	1192.9939
810	1178.5208
810.01208	1181.4216
810.02417	1176.8584
810.03625	1169.4604
810.04834	1154.8251
810.06049	1155.1804
810.07257	1154.7957
810.08466	1149.1868
810.09674	1141.3662
810.10883	1133.3479
810.12091	1124.3762
810.133	1118.6536
810.14508	1111.9961
810.15717	1118.3142
810.16931	1118.4105
810.1814	1113.7032
810.19348	1111.4432
810.20557	1106.1149
810.21765	1097.8699
810.22974	1102.5006
810.24182	1098.4845
810.25391	1098.1968
810.26605	1094.7924
810.27814	1089.3016
810.29022	1087.6926
810.30231	1086.2573
810.31439	1084.6693
810.32648	1079.4005
810.33856	1077.9757
810.35065	1070.4255
810.36273	1070.8427
810.37488	1072.2805
810.38696	1067.0088
810.39905	1067.3608
810.41113	1068.6237
810.42322	1071.7629
810.4353	1060.2657
810.44739	1054.7159
810.45947	1056.4902
810.47156	1059.7966
810.4837	1062.2394
810.49579	1062.5751
810.50787	1062.1897
810.51996	1051.3035
810.53204	1053.2223
810.54413	1054.8962
810.55621	1051.9349
810.5683	1050.2256
810.58038	1045.0765
810.59253	1050.6139
810.60461	1049.4407
810.6167	1045.4144
810.62878	1048.5612
810.64087	1054.7463
810.65295	1053.6189
810.66504	1051.1443
810.67712	1046.2909
810.68921	1045.4528
810.70135	1048.9076
810.71344	1047.8218
810.72552	1049.0807
810.73761	1041.9323
810.74969	1044.4006
810.76178	1051.2806
810.77386	1050.2592
810.78595	1046.2106
810.7981	1047.6766
810.81018	1051.7424
810.82227	1044.7598
810.83435	1046.1465
810.84644	1038.0543
810.85852	1032.8636
810.87061	1034.4491
810.88269	1045.6255
810.89478	1044.6296
810.90692	1047.3739
810.91901	1047.5641
810.93109	1049.0822
810.94318	1049.8333
810.95526	1052.0499
810.96735	1051.1278
810.97943	1056.8248
810.99152	1063.2134
811.0036	1072.0348
811.01575	1069.4688
811.02783	1076.6475
811.03992	1072.7919
811.052	1076.2542
811.06409	1089.4719
811.07617	1098.2004
811.08826	1098.7494
811.10034	1107.5935
811.11243	1109.8733
811.12457	1120.7438
811.13666	1132.6899
811.14874	1147.0121
811.16083	1152.324
811.17291	1153.6473
811.185	1165.9221
811.19708	1175.277
811.20917	1186.9697
811.22125	1206.4805
811.2334	1218.4843
811.24548	1221.7086
811.25757	1231.8127
811.26965	1248.6453
811.28174	1261.8661
811.29382	1270.5853
811.30591	1292.3667
811.31799	1307.2467
811.33014	1319.5831
811.34222	1334.1941
811.35431	1346.626
811.36639	1365.8038
811.37848	1369.788
811.39056	1378.6102
811.40265	1394.3962
811.41473	1413.0315
811.42682	1429.1903
811.43896	1438.3602
811.45105	1442.3032
811.46313	1456.6099
811.47522	1470.4502
811.4873	1489.2697
811.49939	1496.2377
811.51147	1498.3328
811.52356	1510.4994
811.53564	1515.5514
811.54779	1519.333
811.55988	1526.9937
811.57196	1523.6873
811.58405	1522.8856
811.59613	1513.4622
811.60822	1505.8674
811.6203	1501.7405
811.63239	1503.6025
811.64447	1494.6638
811.65662	1484.4902
811.6687	1472.5015
811.68079	1459.3776
811.69287	1453.7424
811.70496	1454.8802
811.71704	1445.6533
811.72913	1431.0635
811.74121	1418.4071
811.7533	1399.885
811.76544	1388.8761
811.77753	1378.938
811.78961	1362.8662
811.8017	1350.9132
811.81378	1342.9799
811.82587	1326.5287
811.83795	1314.0267
811.85004	1304.5874
811.86218	1288.5801
811.87427	1280.473
811.88635	1276.6252
811.89844	1264.6669
811.91052	1246.0443
811.92261	1239.1716
811.93469	1228.7853
811.94678	1222.613
811.95886	1216.13
811.97101	1205.2933
811.98309	1202.0385
811.99518	1190.3158
812.00726	1171.8019
812.01935	1165.2321
812.03143	1156.2704
812.04352	1152.099
812.0556	1143.8938
812.06769	1133.4821
812.07983	1125.4196
812.09192	1125.6338
812.104	1122.7595
812.11609	1116.4542
812.12817	1111.5408
812.14026	1103.3796
812.15234	1096.6698
812.16443	1099.0238
812.17651	1093.6779
812.18866	1084.7004
812.20074	1081.4618
812.21283	1079.7826
812.22491	1076.1642
812.237	1078.1372
812.24908	1072.8904
812.26117	1066.0936
812.27325	1063.7738
812.28534	1060.9027
812.29749	1050.5798
812.30957	1048.3773
812.32166	1053.8296
812.33374	1045.4188
812.34583	1043.004
812.35791	1041.4546
812.37	1035.8027
812.38208	1035.955
812.39423	1042.6232
812.40631	1036.3245
812.4184	1030.7823
812.43048	1040.755
812.44257	1037.4937
812.45465	1030.4163
812.46674	1028.1426
812.47882	1022.504
812.49091	1022.9626
812.50305	1024.614
812.51514	1022.5034
812.52722	1020.2145
812.53931	1017.8464
812.55139	1021.2888
812.56348	1013.6954
812.57556	1016.7623
812.58765	1015.647
812.59973	1013.0597
812.61188	1013.7362
812.62396	1013.3051
812.63605	1014.7251
812.64813	1016.3942
812.66022	1011.2661
812.6723	1007.3469
812.68439	1007.7255
812.69647	1006.8996
812.70856	1008.0212
812.7207	1002.7491
812.73279	1000.7415
812.74487	1003.1425
812.75696	1006.1414
812.76904	1005.3459
812.78113	999.49323
812.79321	997.53497
812.8053	997.1463
812.81738	1004.8551
812.82953	1001.8747
812.84161	995.1452
812.8537	994.22107
812.86578	993.9483
812.87787	1002.8515
812.88995	996.9314
812.90204	1002.4344
812.91412	998.96259
812.92627	999.06549
812.93835	1000.1551
812.95044	1000.1397
812.96252	996.90637
812.97461	994.37494
812.98669	1001.8255
812.99878	996.79761
813.01086	993.90894
813.02295	999.87769
813.0351	997.99451
813.04718	1000.8043
813.05927	1003.063
813.07135	1003.6438
813.08344	996.01349
813.09552	999.51251
813.1076	1000.4847
813.11969	1001.1914
813.13177	999.44299
813.14392	994.85455
813.15601	1004.7974
813.16809	1007.6889
813.18018	1008.4037
813.19226	1008.6503
813.20435	1005.8182
813.21643	1009.0822
813.22852	1002.6063
813.2406	1005.6622
813.25275	1007.8146
813.26483	1009.1904
813.27692	1010.5818
813.289	1012.028
813.30109	1015.2043
813.31317	1007.8781
813.32526	1011.2509
813.33734	1010.3256
813.34943	1011.9587
813.36157	1016.2158
813.37366	1013.617
813.38574	1011.2198
813.39783	1017.1301
813.40991	1019.4556
813.422	1015.783
813.43408	1013.6495
813.44617	1023.347
813.45831	1017.0633
813.4704	1016.8721
813.48248	1022.7764
813.49457	1026.0535
813.50665	1028.4011
813.51874	1028.7935
813.53082	1032.0226
813.54291	1033.0377
813.55499	1034.5212
813.56714	1034.5535
813.57922	1040.1726
813.59131	1042.7334
813.60339	1039.4153
813.61548	1038.1294
813.62756	1039.7289
813.63965	1044.7822
813.65173	1045.2004
813.66382	1045.8978
813.67596	1049.2706
813.68805	1051.1021
813.70013	1049.8774
813.71222	1048.3281
813.7243	1049.7742
813.73639	1058.0907
813.74847	1060.6017
813.76056	1057.595
813.77264	1061.4679
813.78479	1066.7648
813.79688	1065.1472
813.80896	1065.5746
813.82104	1064.3625
813.83313	1076.2561
813.84521	1080.5464
813.8573	1084.2239
813.86938	1084.6693
813.88147	1086.3906
813.89362	1081.8663
813.9057	1083.8489
813.91779	1097.2107
813.92987	1098.149
813.94196	1097.4434
813.95404	1104.1315
813.96613	1115.5952
813.97821	1119.7239
813.99036	1120.3287
814.00244	1124.0474
814.01453	1132.6521
814.02661	1143.3796
814.0387	1145.0426
814.05078	1156.5487
814.06287	1179.7372
814.07495	1186.5641
814.08704	1188.1062
814.09918	1204.4901
814.11127	1219.2212
814.12335	1228.7811
814.13544	1242.8317
814.14752	1259.5364
814.15961	1273.2244
814.17169	1298.1116
814.18378	1313.9995
814.19586	1337.3683
814.20801	1364.5547
814.22009	1402.4744
814.23218	1410.9755
814.24426	1441.0865
814.25635	1470.6611
814.26843	1488.069
814.28052	1530.0829
814.2926	1577.4896
814.30469	1615.1398
814.31683	1641.5892
814.32892	1695.4135
814.341	1727.9689
814.35309	1770.8627
814.36517	1829.4536
814.37726	1878.1298
814.38934	1929.2795
814.40143	1999.5787
814.41351	2055.3865
814.42566	2138.1838
814.43774	2187.5183
814.44983	2269.6523
814.46191	2353.6729
814.474	2444.8149
814.48608	2521.2637
814.49817	2613.2354
814.51025	2677.5212
814.5224	2774.0564
814.53448	2846.5442
814.54657	2945.2144
814.55865	3012.6272
814.57074	3097.0974
814.58282	3164.0381
814.59491	3224.0728
814.60699	3291.6926
814.61908	3335.9917
814.63123	3331.2053
814.64331	3339.4351
814.6554	3336.4016
814.66748	3298.7188
814.67957	3286.6765
814.69165	3247.5715
814.70374	3164.9695
814.71582	3095.5286
814.72791	3062.7043
814.74005	3003.4648
814.75214	2898.865
814.76422	2826.2317
814.77631	2734.0706
814.78839	2653.2456
814.80048	2598.2896
814.81256	2501.7156
814.82465	2444.9333
814.83673	2361.7026
814.84888	2277.5442
814.86096	2205.344
814.87305	2141.585
814.88513	2062.2712
814.89722	2024.1311
814.9093	1962.3507
814.92139	1895.334
814.93347	1846.9969
814.94556	1791.6512
814.9577	1779.4707
814.96979	1728.6962
814.98187	1688.2302
814.99396	1639.8605
815.00604	1606.8857
815.01813	1546.4896
815.03021	1517.8462
815.0423	1487.8737
815.05444	1447.6696
815.06653	1429.6725
815.07861	1404.7954
815.0907	1374.5146
815.10278	1351.7094
815.11487	1323.3815
815.12695	1304.4254
815.13904	1285.9137
815.15112	1274.6232
815.16327	1254.6498
815.17535	1228.0432
815.18744	1215.8679
815.19952	1201.8774
815.21161	1186.2888
815.22369	1181.243
815.23578	1163.663
815.24786	1145.402
815.25995	1132.4045
815.27209	1126.0775
815.28418	1121.4537
815.29626	1109.9503
815.30835	1109.5485
815.32043	1103.3846
815.33252	1086.0725
815.3446	1074.4569
815.35669	1075.3809
815.36877	1065.819
815.38092	1053.4224
815.39301	1047.4056
815.40509	1044.3774
815.41718	1042.8441
815.42926	1037.0582
815.44135	1026.7219
815.45343	1030.3053
815.46552	1019.0386
815.4776	1007.2424
815.48975	1013.3074
815.50183	1003.801
815.51392	997.63379
815.526	993.0426
815.53809	996.72852
815.55017	987.74384
815.56226	979.62799
815.57434	975.03864
815.58649	978.41229
815.59857	972.96106
815.61066	966.28595
815.62274	968.67108
815.63483	955.02905
815.64691	962.81464
815.659	959.49146
815.67108	961.31439
815.68317	956.62408
815.69531	951.9317
815.7074	952.04462
815.71948	946.20819
815.73157	944.26831
815.74365	938.80164
815.75574	941.86505
815.76782	937.20367
815.77991	932.78198
815.79199	931.85297
815.80414	930.7226
815.81622	928.34979
815.82831	928.79022
815.84039	920.27661
815.85248	920.08472
815.86456	920.43365
815.87665	922.17273
815.88873	921.82092
815.90082	916.86389
815.91296	915.12134
815.92505	914.23065
815.93713	911.69818
815.94922	909.24396
815.9613	912.57104
815.97339	912.7204
815.98547	911.33795
815.99756	912.60925
816.00964	907.64661
816.02179	907.68616
816.03387	906.10388
816.04596	906.29163
816.05804	907.65106
816.07013	903.95172
816.08221	905.54181
816.0943	903.7312
816.10638	903.39618
816.11853	899.23114
816.13062	898.12268
816.1427	901.5127
816.15479	900.85608
816.16687	899.8161
816.17896	900.19244
816.19104	897.11707
816.20313	897.04852
816.21521	894.88544
816.22736	894.40234
816.23944	896.31982
816.25153	895.65918
816.26361	892.15869
816.2757	887.93079
816.28778	890.90942
816.29987	892.8288
816.31195	889.29382
816.32404	891.4754
816.33618	895.32953
816.34827	895.20099
816.36035	888.86218
816.37244	892.28918
816.38452	891.22205
816.39661	886.54663
816.40869	886.30389
816.42078	889.3512
816.43286	886.09979
816.44501	891.48877
816.45709	890.68085
816.46918	889.29065
816.48126	887.77985
816.49335	890.56299
816.50543	888.59198
816.51752	884.84296
816.5296	885.55267
816.54169	887.90973
816.55383	886.00244
816.56592	884.35632
816.578	886.8866
816.59009	888.13898
816.60217	887.7677
816.61426	884.66394
816.62634	883.88153
816.63843	883.4422
816.65057	883.6236
816.66266	884.25476
816.67474	883.4549
816.68683	882.52338
816.69891	885.42273
816.711	884.13428
816.72308	884.34821
816.73517	883.34607
816.74725	881.96008
816.7594	881.69159
816.77148	881.80463
816.78357	881.05603
816.79565	882.76337
816.80774	881.4704
816.81982	880.95612
816.83191	881.60443
816.84399	881.81012
816.85608	881.44373
816.86823	880.88324
816.88031	879.93488
816.8924	881.42432
816.90448	880.93127
816.91656	880.21252
816.92865	880.7467
816.94073	881.58569
816.95282	880.3056
816.9649	879.72882
816.97705	880.90814
816.98914	880.55786
817.00122	877.72363
817.01331	878.71863
817.02539	877.53418
817.03748	878.27393
817.04956	879.80432
817.06165	881.36981
817.07373	877.4057
817.08588	879.74274
817.09796	879.51941
817.11005	876.5993
817.12213	877.07666
817.13422	878.8916
817.1463	878.68726
817.15839	878.25323
817.17047	876.53516
817.18262	876.42145
817.1947	876.11652
817.20679	875.28522
817.21887	874.99951
817.23096	875.74554
817.24304	878.76477
817.25513	878.82831
817.26721	877.80701
817.2793	877.73309
817.29144	876.16858
817.30353	876.77429
817.31561	877.99243
817.3277	876.59558
817.33978	876.13727
817.35187	877.15894
817.36395	878.19598
817.37604	876.49786
817.38812	875.22961
817.40027	876.42657
817.41235	875.66156
817.42444	875.02667
817.43652	878.79364
817.44861	877.63666
817.46069	875.90021
817.47278	876.32263
817.48486	877.94604
817.49695	871.63342
817.50909	873.74396
817.52118	877.22211
817.53326	875.39722
817.54535	874.41858
817.55743	873.24036
817.56952	875.55927
817.5816	875.60736
817.59369	874.94824
817.60577	875.86011
817.61792	875.85205
817.63	875.21533
817.64209	875.28662
817.65417	876.07635
817.66626	876.84424
817.67834	875.60162
817.69043	875.82214
817.70251	873.67554
817.71466	874.54254
817.72675	875.39526
817.73883	873.10699
817.75092	874.38922
817.763	875.73511
817.77509	875.41241
817.78717	874.24298
817.79926	873.03754
817.81134	876.80133
817.82349	876.79712
817.83557	875.83459
817.84766	875.73712
817.85974	875.27734
817.87183	875.70264
817.88391	874.53705
817.896	872.88318
817.90808	874.49786
817.92017	874.60315
817.93231	875.33252
817.9444	874.22772
817.95648	877.54321
817.96857	873.32745
817.98065	872.18939
817.99274	875.05872
818.00482	873.77325
818.01691	876.27722
818.02899	873.90558
818.04114	874.10327
818.05322	875.95862
818.06531	874.646
818.07739	876.45648
818.08948	875.34576
818.10156	874.31091
818.11365	875.52863
818.12573	874.02527
818.13782	874.45087
818.14996	876.45294
818.16205	874.24463
818.17413	872.81305
818.18622	874.72632
818.1983	871.99554
818.21039	872.66302
818.22247	874.1347
818.23456	876.01111
818.2467	875.34131
818.25879	873.88409
818.27087	875.21338
818.28296	873.7572
818.29504	872.81519
818.30713	872.5094
818.31921	875.08075
818.3313	874.95831
818.34338	872.89392
818.35553	873.38684
818.36761	869.32623
818.3797	872.06238
818.39178	874.50183
818.40387	873.35059
818.41595	875.53204
818.42804	875.31824
818.44012	872.1366
818.45221	874.64032
818.46436	873.36169
818.47644	874.7785
818.48853	876.4812
818.50061	875.44891
818.5127	874.86377
818.52478	875.09393
818.53687	874.95111
818.54895	874.43146
818.56104	873.98987
818.57318	873.82574
818.58527	873.1817
818.59735	873.36926
818.60944	875.12537
818.62152	875.93054
818.63361	874.11237
818.64569	875.15527
818.65778	876.03491
818.66986	874.41229
818.68201	876.28784
818.69409	875.43848
818.70618	874.16205
818.71826	872.79962
818.73035	874.80164
818.74243	876.37427
818.75452	874.8551
818.7666	876.50012
818.77875	876.5824
818.79083	873.14886
818.80292	874.2793
818.815	872.55725
818.82709	874.22217
818.83917	873.58466
818.85126	874.30206
818.86334	876.33069
818.87543	874.19727
818.88757	873.53296
818.89966	874.38031
818.91174	873.94836
818.92383	874.70978
818.93591	874.92761
818.948	873.44489
818.96008	872.90924
818.97217	873.38702
818.98425	872.2644
818.9964	874.60229
819.00848	874.2511
819.02057	875.30945
819.03265	875.18433
819.04474	874.27637
819.05682	875.51318
819.06891	871.7558
819.08099	874.99011
819.09308	870.46478
819.10522	875.74695
819.11731	873.4364
819.12939	871.65802
819.14148	872.67126
819.15356	873.51123
819.16565	873.88861
819.17773	872.6474
819.18982	873.17297
819.2019	872.43671
819.21405	873.04266
819.22614	873.17126
819.23822	875.1153
819.25031	875.59613
819.26239	874.76025
819.27448	872.33026
819.28656	872.79175
819.29865	873.89136
819.31079	873.24188
819.32288	874.20184
819.33496	871.94989
819.34705	872.40527
819.35913	873.16449
819.37122	871.86627
819.3833	874.47681
819.39539	875.56897
819.40747	873.57245
819.41962	872.61877
819.4317	873.36163
819.44379	872.45581
819.45587	873.12964
819.46796	874.33655
819.48004	872.60339
819.49213	875.7027
819.50421	873.22247
819.5163	875.0177
819.52844	874.21954
819.54053	873.62183
819.55261	873.50403
819.5647	873.50812
819.57678	871.91217
819.58887	871.05396
819.60095	872.87866
819.61304	872.67804
819.62512	872.99921
819.63727	873.87231
819.64935	874.07324
819.66144	874.55731
819.67352	874.23499
819.68561	873.42188
819.69769	875.94965
819.70978	875.43646
819.72186	874.1134
819.73395	872.01788
819.74609	872.62152
819.75818	871.81409
819.77026	873.28979
819.78235	872.61694
819.79443	869.99982
819.80652	870.84729
819.8186	870.68079
819.83069	872.53772
819.84283	875.34338
819.85492	871.93542
819.867	871.79535
819.87909	870.67352
819.89117	869.81372
819.90326	872.46582
819.91534	873.15887
819.92743	873.83655
819.93951	874.09711
819.95166	873.22235
819.96375	872.31854
819.97583	874.03668
819.98792	873.60651
820	871.63983
