800.14508	876.21326
800.15717	876.77112
800.16931	877.03204
800.1814	877.53381
800.19348	878.38733
800.20557	876.26941
800.21765	875.58881
800.22974	877.48444
800.24182	878.99249
800.25391	877.26068
800.26605	874.74548
800.27814	875.29456
800.29022	876.68732
800.30231	875.67261
800.31439	877.75641
800.32648	879.34265
800.33856	876.14069
800.35065	876.93451
800.36273	877.61456
800.37488	879.6792
800.38696	879.474
800.39905	876.36334
800.41113	874.15881
800.42322	875.6604
800.4353	874.62372
800.44739	875.23962
800.45947	877.25226
800.47156	876.90375
800.4837	875.50134
800.49579	875.57202
800.50787	875.21326
800.51996	874.55731
800.53204	876.08545
800.54413	876.07416
800.55621	874.70386
800.5683	876.90778
800.58038	874.54248
800.59253	873.37952
800.60461	877.85657
800.6167	877.90399
800.62878	878.24182
800.64087	876.91028
800.65295	878.34583
800.66504	878.02374
800.67712	878.8028
800.68921	878.55878
800.70135	876.64795
800.71344	873.5882
800.72552	874.85858
800.73761	876.6073
800.74969	876.41296
800.76178	877.9024
800.77386	878.56696
800.78595	876.15662
800.7981	874.19061
800.81018	875.47461
800.82227	875.82361
800.83435	876.34125
800.84644	877.50757
800.85852	876.4469
800.87061	876.16455
800.88269	876.85907
800.89478	876.94037
800.90692	876.26367
800.91901	876.09833
800.93109	875.57111
800.94318	873.10205
800.95526	876.85181
800.96735	875.81342
800.97943	877.24524
800.99152	878.28412
801.0036	875.55029
801.01575	874.8822
801.02783	875.45502
801.03992	874.9129
801.052	876.11444
801.06409	877.15839
801.07617	874.48291
801.08826	874.56122
801.10034	875.69208
801.11243	876.34637
801.12457	875.98169
801.13666	875.28723
801.14874	875.48956
801.16083	874.57874
801.17291	874.0224
801.185	877.04034
801.19708	878.75031
801.20917	876.9527
801.22125	876.28723
801.2334	876.33948
801.24548	875.66223
801.25757	874.35834
801.26965	876.96716
801.28174	876.66083
801.29382	876.13403
801.30591	876.50061
801.31799	875.8222
801.33014	879.32513
801.34222	874.94586
801.35431	877.5365
801.36639	878.80609
801.37848	879.80347
801.39056	876.9696
801.40265	876.83862
801.41473	876.987
801.42682	874.97156
801.43896	877.6463
801.45105	877.25415
801.46313	876.24408
801.47522	875.55603
801.4873	876.9718
801.49939	876.50592
801.51147	875.7821
801.52356	876.31091
801.53564	877.72705
801.54779	877.53473
801.55988	875.89221
801.57196	876.20905
801.58405	878.02026
801.59613	878.17236
801.60822	875.69098
801.6203	874.85297
801.63239	876.70502
801.64447	875.14471
801.65662	877.06445
801.6687	876.56116
801.68079	876.06451
801.69287	876.24573
801.70496	875.38794
801.71704	875.8327
801.72913	875.84015
801.74121	876.18744
801.7533	875.20886
801.76544	879.20789
801.77753	877.70868
801.78961	878.52014
801.8017	878.26068
801.81378	877.10553
801.82587	877.86908
801.83795	879.40405
801.85004	877.58649
801.86218	877.36212
801.87427	876.26782
801.88635	876.03955
801.89844	875.36511
801.91052	875.80029
801.92261	877.1189
801.93469	878.09509
801.94678	878.12659
801.95886	877.79993
801.97101	879.60358
801.98309	880.34521
801.99518	877.76715
802.00726	877.55103
802.01935	878.25128
802.03143	877.34259
802.04352	877.41998
802.0556	876.28052
802.06769	877.54901
802.07983	878.1391
802.09192	875.85748
802.104	875.93054
802.11609	876.84009
802.12817	876.61877
802.14026	873.69403
802.15234	877.71008
802.16443	879.42139
802.17651	875.435
802.18866	877.65649
802.20074	878.87573
802.21283	876.28418
802.22491	877.40051
802.237	877.2066
802.24908	877.8609
802.26117	877.45886
802.27325	878.7663
802.28534	880.06702
802.29749	879.10846
802.30957	877.25397
802.32166	877.55157
802.33374	877.54346
802.34583	876.16534
802.35791	876.23401
802.37	876.11609
802.38208	875.93658
802.39423	877.19208
802.40631	877.19202
802.4184	877.24384
802.43048	876.61475
802.44257	875.96497
802.45465	877.87073
802.46674	876.79541
802.47882	877.75702
802.49091	877.43164
802.50305	875.36383
802.51514	878.97687
802.52722	877.74689
802.53931	879.68622
802.55139	875.11737
802.56348	877.38159
802.57556	879.48535
802.58765	876.47864
802.59973	877.89508
802.61188	877.42212
802.62396	879.53925
802.63605	877.71991
802.64813	878.58264
802.66022	875.81287
802.6723	878.48633
802.68439	878.16675
802.69647	878.63898
802.70856	880.16187
802.7207	879.13409
802.73279	876.6524
802.74487	877.92426
802.75696	877.89453
802.76904	878.34344
802.78113	878.79633
802.79321	879.43701
802.8053	879.79236
802.81738	877.25806
802.82953	875.1347
802.84161	875.24146
802.8537	876.84668
802.86578	879.02875
802.87787	878.22498
802.88995	875.3678
802.90204	876.81476
802.91412	876.22803
802.92627	877.92938
802.93835	874.7251
802.95044	875.54309
802.96252	879.1507
802.97461	880.22809
802.98669	875.91614
802.99878	876.70508
803.01086	876.78809
803.02295	871.87622
803.0351	873.82806
803.04718	876.11584
803.05927	874.90686
803.07135	876.54492
803.08344	877.27985
803.09552	877.34424
803.1076	878.15936
803.11969	878.05273
803.13177	877.58368
803.14392	880.18994
803.15601	877.18005
803.16809	875.04895
803.18018	877.13776
803.19226	878.14923
803.20435	876.84198
803.21643	877.2959
803.22852	879.1474
803.2406	878.47443
803.25275	877.21777
803.26483	877.29419
803.27692	877.4082
803.289	878.20514
803.30109	879.88971
803.31317	877.22638
803.32526	874.43488
803.33734	877.53326
803.34943	878.84033
803.36157	877.64691
803.37366	876.08136
803.38574	878.1626
803.39783	878.04742
803.40991	877.2677
803.422	874.20459
803.43408	875.62439
803.44617	877.43268
803.45831	878.64838
803.4704	880.17188
803.48248	878.12811
803.49457	881.29883
803.50665	877.22656
803.51874	877.58154
803.53082	880.27191
803.54291	875.91681
803.55499	878.88544
803.56714	879.09363
803.57922	881.72144
803.59131	878.75922
803.60339	879.15942
803.61548	879.68884
803.62756	878.7663
803.63965	880.49054
803.65173	879.61029
803.66382	877.09937
803.67596	878.80743
803.68805	876.1217
803.70013	877.27246
803.71222	878.27332
803.7243	879.43768
803.73639	879.08569
803.74847	879.85388
803.76056	879.06738
803.77264	877.66046
803.78479	878.427
803.79688	877.33496
803.80896	878.51563
803.82104	879.60437
803.83313	877.98438
803.84521	878.66132
803.8573	878.98199
803.86938	877.4364
803.88147	878.17548
803.89362	878.24915
803.9057	877.8562
803.91779	878.64429
803.92987	878.88745
803.94196	878.70477
803.95404	876.13245
803.96613	878.60126
803.97821	879.99701
803.99036	878.40668
804.00244	878.9519
804.01453	879.78442
804.02661	879.06195
804.0387	876.659
804.05078	878.42456
804.06287	878.55621
804.07495	879.91418
804.08704	879.87854
804.09918	881.05884
804.11127	877.42523
804.12335	880.64685
804.13544	880.70575
804.14752	877.62878
804.15961	879.75134
804.17169	877.56787
804.18378	879.31696
804.19586	881.37567
804.20801	880.81104
804.22009	877.50903
804.23218	879.87543
804.24426	877.44849
804.25635	879.53888
804.26843	878.8952
804.28052	879.09338
804.2926	877.47986
804.30469	879.8053
804.31683	878.36469
804.32892	879.96423
804.341	879.57159
804.35309	879.23059
804.36517	880.5097
804.37726	881.21191
804.38934	880.36969
804.40143	882.04987
804.41351	881.04016
804.42566	879.0105
804.43774	879.67786
804.44983	880.47968
804.46191	880.16681
804.474	880.42346
804.48608	880.17145
804.49817	879.82495
804.51025	880.98798
804.5224	881.27893
804.53448	880.70135
804.54657	880.85956
804.55865	879.5899
804.57074	880.30945
804.58282	878.89777
804.59491	879.60297
804.60699	880.20331
804.61908	878.20752
804.63123	879.95819
804.64331	879.44464
804.6554	878.57751
804.66748	880.65576
804.67957	880.03223
804.69165	881.40717
804.70374	880.4176
804.71582	880.12054
804.72791	879.94531
804.74005	883.59326
804.75214	880.10461
804.76422	881.23663
804.77631	877.77075
804.78839	881.92401
804.80048	884.52808
804.81256	881.92365
804.82465	878.10571
804.83673	881.30048
804.84888	882.30054
804.86096	880.63611
804.87305	881.25739
804.88513	880.82892
804.89722	880.95917
804.9093	882.27075
804.92139	880.08136
804.93347	883.1192
804.94556	882.34106
804.9577	881.44421
804.96979	882.19318
804.98187	883.43243
804.99396	882.52112
805.00604	881.71405
805.01813	882.21198
805.03021	880.96844
805.0423	880.9707
805.05444	882.02319
805.06653	880.93604
805.07861	881.5166
805.0907	880.84863
805.10278	880.36298
805.11487	881.60156
805.12695	881.59552
805.13904	881.03229
805.15112	882.62708
805.16327	882.88824
805.17535	882.6922
805.18744	882.50916
805.19952	881.91217
805.21161	882.79321
805.22369	884.23138
805.23578	881.5899
805.24786	881.45386
805.25995	882.23254
805.27209	880.07806
805.28418	880.5575
805.29626	881.71234
805.30835	881.44257
805.32043	881.31177
805.33252	882.62561
805.3446	882.65411
805.35669	883.11298
805.36877	883.65491
805.38092	882.22229
805.39301	879.77234
805.40509	881.91229
805.41718	882.26508
805.42926	883.03644
805.44135	884.50391
805.45343	881.25507
805.46552	884.21667
805.4776	884.00665
805.48975	885.87982
805.50183	885.62305
805.51392	883.64496
805.526	883.70752
805.53809	884.21283
805.55017	883.44897
805.56226	882.65875
805.57434	884.29889
805.58649	879.68463
805.59857	884.79517
805.61066	884.02826
805.62274	885.76361
805.63483	882.83588
805.64691	884.03149
805.659	886.2121
805.67108	884.56335
805.68317	883.96674
805.69531	884.71954
805.7074	887.35669
805.71948	882.67157
805.73157	885.18427
805.74365	886.42084
805.75574	886.81354
805.76782	883.86926
805.77991	886.70776
805.79199	885.71887
805.80414	885.82874
805.81622	883.6181
805.82831	886.0575
805.84039	884.67554
805.85248	882.9657
805.86456	885.31055
805.87665	885.6391
805.88873	886.39148
805.90082	887.90002
805.91296	886.77991
805.92505	885.53003
805.93713	885.91943
805.94922	883.8266
805.9613	885.92914
805.97339	887.29108
805.98547	887.60358
805.99756	884.97437
806.00964	885.42261
806.02179	885.67975
806.03387	886.75952
806.04596	886.75183
806.05804	886.54419
806.07013	886.16089
806.08221	884.32355
806.0943	885.94525
806.10638	888.00275
806.11853	887.50061
806.13062	886.1886
806.1427	885.46185
806.15479	885.92621
806.16687	887.17297
806.17896	886.84131
806.19104	886.51996
806.20313	887.62457
806.21521	890.13605
806.22736	891.56665
806.23944	889.39813
806.25153	888.83704
806.26361	889.86719
806.2757	888.4668
806.28778	889.48163
806.29987	886.48224
806.31195	887.39777
806.32404	889.86377
806.33618	890.97174
806.34827	889.3446
806.36035	889.146
806.37244	889.74603
806.38452	889.55103
806.39661	889.61218
806.40869	888.81934
806.42078	888.33807
806.43286	891.83929
806.44501	889.33514
806.45709	891.63885
806.46918	892.68304
806.48126	889.48035
806.49335	888.22015
806.50543	889.0163
806.51752	889.96631
806.5296	892.11584
806.54169	890.70099
806.55383	889.40631
806.56592	890.8645
806.578	894.61346
806.59009	893.62817
806.60217	890.6864
806.61426	891.38617
806.62634	894.47406
806.63843	894.56519
806.65057	893.46863
806.66266	892.9245
806.67474	891.73804
806.68683	889.86658
806.69891	891.62933
806.711	894.73425
806.72308	897.68475
806.73517	897.04138
806.74725	894.23676
806.7594	897.09985
806.77148	897.05664
806.78357	895.47778
806.79565	897.91162
806.80774	897.40869
806.81982	896.03345
806.83191	893.34692
806.84399	894.91156
806.85608	896.28656
806.86823	893.30573
806.88031	892.95319
806.8924	898.86993
806.90448	897.20239
806.91656	897.78174
806.92865	899.14746
806.94073	899.45459
806.95282	896.54041
806.9649	898.93457
806.97705	895.88934
806.98914	899.08344
807.00122	896.96106
807.01331	896.38037
807.02539	898.13611
807.03748	900.28766
807.04956	901.94891
807.06165	898.37891
807.07373	899.98889
807.08588	899.33636
807.09796	902.46576
807.11005	900.97778
807.12213	901.85138
807.13422	900.07263
807.1463	899.48883
807.15839	902.08063
807.17047	903.79956
807.18262	902.263
807.1947	899.95129
807.20679	904.16754
807.21887	899.36121
807.23096	901.56006
807.24304	901.72424
807.25513	904.086
807.26721	908.87738
807.2793	910.07642
807.29144	905.71295
807.30353	908.12885
807.31561	902.95093
807.3277	907.52936
807.33978	906.948
807.35187	910.62494
807.36395	908.77911
807.37604	913.10596
807.38812	909.96259
807.40027	913.56952
807.41235	910.93713
807.42444	909.86401
807.43652	912.08691
807.44861	910.0672
807.46069	910.54419
807.47278	912.57288
807.48486	911.66534
807.49695	911.72626
807.50909	912.4068
807.52118	912.45166
807.53326	910.66266
807.54535	919.16699
807.55743	918.4292
807.56952	916.93579
807.5816	917.94788
807.59369	918.93231
807.60577	919.6181
807.61792	920.20416
807.63	918.78345
807.64209	920.02582
807.65417	916.94232
807.66626	921.04169
807.67834	921.1853
807.69043	922.29498
807.70251	920.88116
807.71466	923.67651
807.72675	923.33716
807.73883	925.9726
807.75092	925.18048
807.763	924.79773
807.77509	922.81396
807.78717	924.61017
807.79926	926.2063
807.81134	927.03375
807.82349	926.83026
807.83557	928.70386
807.84766	929.70746
807.85974	934.0144
807.87183	931.06384
807.88391	928.39838
807.896	930.06439
807.90808	932.50665
807.92017	932.40533
807.93231	931.22052
807.9444	933.70575
807.95648	934.6637
807.96857	937.63232
807.98065	939.57977
807.99274	940.01801
808.00482	941.87439
808.01691	942.6015
808.02899	943.48846
808.04114	941.61743
808.05322	940.60547
808.06531	947.31714
808.07739	948.46381
808.08948	947.65881
808.10156	943.98627
808.11365	943.97412
808.12573	948.54193
808.13782	944.24597
808.14996	951.38568
808.16205	953.41089
808.17413	957.39172
808.18622	958.45612
808.1983	959.71869
808.21039	963.78253
808.22247	958.65741
808.23456	955.60571
808.2467	957.53583
808.25879	960.7066
808.27087	964.42926
808.28296	960.53094
808.29504	962.28467
808.30713	973.49219
808.31921	971.08881
808.3313	974.65332
808.34338	968.75909
808.35553	975.37341
808.36761	976.61438
808.3797	972.47876
808.39178	975.38281
808.40387	985.14038
808.41595	979.59399
808.42804	986.89191
808.44012	986.69586
808.45221	986.92859
808.46436	991.47595
808.47644	989.43195
808.48853	990.15509
808.50061	994.87469
808.5127	992.97217
808.52478	998.49542
808.53687	1005.4229
808.54895	1008.2014
808.56104	1011.396
808.57318	1005.3117
808.58527	1010.7166
808.59735	1009.767
808.60944	1014.2084
808.62152	1017.3428
808.63361	1016.8751
808.64569	1024.9547
808.65778	1017.1981
808.66986	1033.1619
808.68201	1032.9852
808.69409	1024.9764
808.70618	1034.8629
808.71826	1036.8138
808.73035	1036.4977
808.74243	1049.3336
808.75452	1047.9169
808.7666	1048.6326
808.77875	1045.4945
808.79083	1061.2059
808.80292	1064.1591
808.815	1062.0367
808.82709	1065.4724
808.83917	1072.8311
808.85126	1070.748
808.86334	1071.3888
808.87543	1084.373
808.88757	1089.33
808.89966	1089.0741
808.91174	1088.3179
808.92383	1081.3177
808.93591	1099.3744
808.948	1105.9038
808.96008	1118.5068
808.97217	1114.3621
808.98425	1112.1584
808.9964	1126.6881
809.00848	1124.5255
809.02057	1128.3864
809.03265	1142.4489
809.04474	1144.5695
809.05682	1144.9816
809.06891	1150.2019
809.08099	1148.2065
809.09308	1153.4702
809.10522	1166.1129
809.11731	1167.2213
809.12939	1172.9977
809.14148	1182.2031
809.15356	1187.1118
809.16565	1191.3831
809.17773	1188.5955
809.18982	1206.9515
809.2019	1210.6959
809.21405	1210.1859
809.22614	1217.2108
809.23822	1226.2948
809.25031	1233.2795
809.26239	1238.1077
809.27448	1246.8466
809.28656	1253.8958
809.29865	1256.7655
809.31079	1260.0852
809.32288	1272.614
809.33496	1282.205
809.34705	1289.741
809.35913	1305.8662
809.37122	1309.0178
809.3833	1311.1272
809.39539	1320.5557
809.40747	1331.4314
809.41962	1339.1885
809.4317	1354.771
809.44379	1358.6154
809.45587	1367.8904
809.46796	1365.2424
809.48004	1372.1482
809.49213	1383.6632
809.50421	1397.1093
809.5163	1409.1836
809.52844	1411.2389
809.54053	1422.3146
809.55261	1428.677
809.5647	1428.8802
809.57678	1438.9198
809.58887	1461.6863
809.60095	1462.2854
809.61304	1463.0818
809.62512	1479.0072
809.63727	1494.3715
809.64935	1495.0283
809.66144	1500.5868
809.67352	1508.0135
809.68561	1515.5223
809.69769	1513.3834
809.70978	1516.7852
809.72186	1529.3715
809.73395	1534.2517
809.74609	1531.6335
809.75818	1535.5542
809.77026	1544.6765
809.78235	1541.4174
809.79443	1546.7766
809.80652	1539.9509
809.8186	1539.6426
809.83069	1546.7159
809.84283	1546.1296
809.85492	1546.2305
809.867	1539.0215
809.87909	1538.5266
809.89117	1532.2257
809.90326	1530.0854
809.91534	1516.8103
809.92743	1506.8387
809.93951	1506.0702
809.95166	1516.0498
809.96375	1507.2456
809.97583	1493.0317
809.98792	1486.4072
810	1477.9447
810.01208	1476.4164
810.02417	1469.5789
810.03625	1463.4338
810.04834	1453.6461
810.06049	1443.0331
810.07257	1434.7906
810.08466	1415.6593
810.09674	1406.9225
810.10883	1395.1207
810.12091	1390.4387
810.133	1377.8982
810.14508	1361.1418
810.15717	1358.5748
810.16931	1364.5021
810.1814	1353.6858
810.19348	1345.3658
810.20557	1339.1002
810.21765	1327.8302
810.22974	1319.8539
810.24182	1323.6251
810.25391	1311.2534
810.26605	1305.3003
810.27814	1301.6697
810.29022	1286.8668
810.30231	1276.6381
810.31439	1271.5291
810.32648	1269.7897
810.33856	1261.0767
810.35065	1252.889
810.36273	1240.6035
810.37488	1236.6115
810.38696	1230.5468
810.39905	1223.563
810.41113	1223.6501
810.42322	1211.188
810.4353	1200.4359
810.44739	1201.968
810.45947	1199.3401
810.47156	1193.4489
810.4837	1193.4877
810.49579	1188.5454
810.50787	1176.1016
810.51996	1176.4005
810.53204	1176.7976
810.54413	1170.3486
810.55621	1158.0867
810.5683	1161.0042
810.58038	1158.2239
810.59253	1152.1802
810.60461	1148.8317
810.6167	1150.9442
810.62878	1150.3083
810.64087	1139.4429
810.65295	1128.5566
810.66504	1137.5736
810.67712	1130.4596
810.68921	1125.5869
810.70135	1124.8734
810.71344	1125.9442
810.72552	1124.2684
810.73761	1122.551
810.74969	1113.0112
810.76178	1107.0734
810.77386	1103.3572
810.78595	1101.007
810.7981	1105.9092
810.81018	1103.7911
810.82227	1098.9176
810.83435	1099.181
810.84644	1102.1884
810.85852	1095.1443
810.87061	1090.2976
810.88269	1097.3053
810.89478	1094.3312
810.90692	1090.4724
810.91901	1091.2494
810.93109	1094.2024
810.94318	1090.2562
810.95526	1092.8712
810.96735	1087.5171
810.97943	1094.8688
810.99152	1094.0775
811.0036	1094.026
811.01575	1100.0441
811.02783	1099.8749
811.03992	1107.3035
811.052	1109.5826
811.06409	1111.176
811.07617	1108.984
811.08826	1124.6125
811.10034	1120.9952
811.11243	1123.5754
811.12457	1133.4133
811.13666	1139.0549
811.14874	1148.7697
811.16083	1158.8557
811.17291	1160.0962
811.185	1169.2778
811.19708	1168.5977
811.20917	1181.4973
811.22125	1195.6978
811.2334	1203.7
811.24548	1214.6604
811.25757	1224.908
811.26965	1232.9154
811.28174	1241.7141
811.29382	1261.4282
811.30591	1275.6843
811.31799	1282.2075
811.33014	1292.8435
811.34222	1308.129
811.35431	1315.7145
811.36639	1334.2338
811.37848	1357.7919
811.39056	1365.2866
811.40265	1383.1505
811.41473	1414.4589
811.42682	1419.1276
811.43896	1433.8823
811.45105	1460.8857
811.46313	1478.4025
811.47522	1494.2739
811.4873	1515.0184
811.49939	1534.7386
811.51147	1552.338
811.52356	1573.939
811.53564	1594.6509
811.54779	1617.2349
811.55988	1649.5891
811.57196	1669.1907
811.58405	1674.5697
811.59613	1702.6465
811.60822	1728.5167
811.6203	1750.8325
811.63239	1775.7512
811.64447	1798.5604
811.65662	1807.4631
811.6687	1822.0226
811.68079	1828.7876
811.69287	1841.261
811.70496	1853.9061
811.71704	1866.2654
811.72913	1866.594
811.74121	1871.6483
811.7533	1880.7484
811.76544	1876.9241
811.77753	1867.4224
811.78961	1857.3458
811.8017	1856.9298
811.81378	1864.8352
811.82587	1860.6324
811.83795	1843.6482
811.85004	1830.8242
811.86218	1802.775
811.87427	1791.1492
811.88635	1782.6226
811.89844	1752.6597
811.91052	1736.6198
811.92261	1725.1364
811.93469	1699.8979
811.94678	1680.401
811.95886	1669.3391
811.97101	1645.5505
811.98309	1625.124
811.99518	1596.0983
812.00726	1586.427
812.01935	1566.9684
812.03143	1546.7233
812.04352	1528.1843
812.0556	1509.7593
812.06769	1482.948
812.07983	1465.8331
812.09192	1450.902
812.104	1442.6603
812.11609	1435.7332
812.12817	1412.4932
812.14026	1400.0708
812.15234	1395.807
812.16443	1374.6776
812.17651	1361.3239
812.18866	1349.7963
812.20074	1341.0013
812.21283	1321.9186
812.22491	1308.0002
812.237	1310.8396
812.24908	1295.9479
812.26117	1281.4879
812.27325	1271.0088
812.28534	1265.1689
812.29749	1255.972
812.30957	1237.2188
812.32166	1228.7626
812.33374	1221.1963
812.34583	1216.0504
812.35791	1201.6206
812.37	1207.7164
812.38208	1210.9656
812.39423	1200.1471
812.40631	1187.1302
812.4184	1186.8201
812.43048	1188.1244
812.44257	1185.4335
812.45465	1178.5201
812.46674	1173.5856
812.47882	1175.5619
812.49091	1169.1377
812.50305	1163.705
812.51514	1152.3015
812.52722	1148.3217
812.53931	1152.9639
812.55139	1141.9071
812.56348	1142.6616
812.57556	1141.5999
812.58765	1132.4778
812.59973	1128.4836
812.61188	1130.7296
812.62396	1128.4615
812.63605	1115.4131
812.64813	1113.7654
812.66022	1116.4822
812.6723	1111.5555
812.68439	1107.1995
812.69647	1102.6897
812.70856	1106.0956
812.7207	1095.77
812.73279	1097.0991
812.74487	1102.7059
812.75696	1103.8684
812.76904	1100.5839
812.78113	1091.4984
812.79321	1084.766
812.8053	1087.0243
812.81738	1084.592
812.82953	1083.0701
812.84161	1080.3083
812.8537	1081.9263
812.86578	1076.1447
812.87787	1077.9878
812.88995	1075.1101
812.90204	1075.9958
812.91412	1070.2765
812.92627	1071.1299
812.93835	1067.2988
812.95044	1071.5994
812.96252	1070.6774
812.97461	1065.5603
812.98669	1061.5491
812.99878	1070.6552
813.01086	1063.9952
813.02295	1067.9858
813.0351	1069.1405
813.04718	1064.1554
813.05927	1066.9128
813.07135	1063.515
813.08344	1054.6091
813.09552	1063.0413
813.1076	1059.3569
813.11969	1058.9465
813.13177	1056.5756
813.14392	1060.7738
813.15601	1061.6692
813.16809	1055.859
813.18018	1059.4546
813.19226	1060.9552
813.20435	1059.8643
813.21643	1052.2235
813.22852	1057.4994
813.2406	1056.8088
813.25275	1058.9514
813.26483	1059.8243
813.27692	1053.7231
813.289	1062.054
813.30109	1057.871
813.31317	1055.2844
813.32526	1058.3322
813.33734	1060.4332
813.34943	1055.541
813.36157	1054.4397
813.37366	1058.3264
813.38574	1058.0781
813.39783	1059.3671
813.40991	1061.3851
813.422	1057.9409
813.43408	1056.3169
813.44617	1057.2709
813.45831	1059.9211
813.4704	1058.1158
813.48248	1060.3176
813.49457	1066.4128
813.50665	1061.6201
813.51874	1055.5455
813.53082	1059.3813
813.54291	1061.7789
813.55499	1059.8219
813.56714	1065.318
813.57922	1065.6198
813.59131	1067.2789
813.60339	1067.5385
813.61548	1067.7719
813.62756	1066.1938
813.63965	1062.262
813.65173	1066.7296
813.66382	1068.2067
813.67596	1061.1132
813.68805	1065.1653
813.70013	1070.1736
813.71222	1069.224
813.7243	1068.8008
813.73639	1070.9692
813.74847	1071.9546
813.76056	1073.1703
813.77264	1074.8356
813.78479	1075.4297
813.79688	1076.2249
813.80896	1079.8206
813.82104	1082.0259
813.83313	1080.3442
813.84521	1085.0779
813.8573	1084.05
813.86938	1084.3641
813.88147	1089.5706
813.89362	1099.2889
813.9057	1097.5167
813.91779	1100.8201
813.92987	1098.179
813.94196	1100.9203
813.95404	1111.5437
813.96613	1114.2375
813.97821	1119.614
813.99036	1127.3795
814.00244	1131.5928
814.01453	1129.9722
814.02661	1144.7397
814.0387	1151.8164
814.05078	1165.5161
814.06287	1167.3387
814.07495	1171.2261
814.08704	1186.3625
814.09918	1197.1301
814.11127	1216.5989
814.12335	1221.7931
814.13544	1246.4731
814.14752	1239.5989
814.15961	1264.2292
814.17169	1273.1826
814.18378	1290.535
814.19586	1312.7816
814.20801	1334.2263
814.22009	1343.5836
814.23218	1364.0914
814.24426	1374.9332
814.25635	1401.6271
814.26843	1438.1656
814.28052	1450.3881
814.2926	1485.543
814.30469	1507.5242
814.31683	1532.1997
814.32892	1568.3231
814.341	1594.578
814.35309	1641.1273
814.36517	1632.6298
814.37726	1697.292
814.38934	1709.9784
814.40143	1758.7505
814.41351	1798.8607
814.42566	1857.729
814.43774	1895.8975
814.44983	1941.4722
814.46191	2006.415
814.474	2057.3967
814.48608	2129.469
814.49817	2173.9314
814.51025	2250.0862
814.5224	2316.7129
814.53448	2384.8127
814.54657	2455.9832
814.55865	2559.2446
814.57074	2655.9082
814.58282	2766.2083
814.59491	2846.1514
814.60699	2972.5823
814.61908	3081.0442
814.63123	3164.1133
814.64331	3297.874
814.6554	3422.7573
814.66748	3511.6616
814.67957	3617.4556
814.69165	3753.1575
814.70374	3906.2068
814.71582	4018.5371
814.72791	4135.5654
814.74005	4191.9985
814.75214	4226.1631
814.76422	4333.2153
814.77631	4393.2002
814.78839	4420.3677
814.80048	4435.5469
814.81256	4384.8398
814.82465	4377.5459
814.83673	4329.8774
814.84888	4329.4897
814.86096	4227.1094
814.87305	4159.5459
814.88513	4074.6504
814.89722	3942.3843
814.9093	3825.2354
814.92139	3739.7874
814.93347	3636.1606
814.94556	3526.752
814.9577	3388.1753
814.96979	3287.5818
814.98187	3148.2078
814.99396	3039.0918
815.00604	2938.9084
815.01813	2814.4573
815.03021	2710.0378
815.0423	2599.1567
815.05444	2502.6606
815.06653	2410.1492
815.07861	2326.9028
815.0907	2256.9424
815.10278	2191.2153
815.11487	2107.3484
815.12695	2062.8103
815.13904	2003.5547
815.15112	1970.6315
815.16327	1919.1217
815.17535	1850.6801
815.18744	1790.7688
815.19952	1741.2511
815.21161	1689.2144
815.22369	1674.2776
815.23578	1642.6351
815.24786	1582.6896
815.25995	1540.6311
815.27209	1511.0696
815.28418	1492.5176
815.29626	1473.955
815.30835	1441.108
815.32043	1421.3859
815.33252	1384.8409
815.3446	1366.5608
815.35669	1350.2186
815.36877	1329.8988
815.38092	1310.2356
815.39301	1289.6251
815.40509	1265.9863
815.41718	1260.3164
815.42926	1250.7643
815.44135	1240.481
815.45343	1221.4675
815.46552	1199.4912
815.4776	1188.7327
815.48975	1179.615
815.50183	1166.1068
815.51392	1138.9155
815.526	1148.601
815.53809	1128.8489
815.55017	1122.095
815.56226	1109.3616
815.57434	1110.1025
815.58649	1097.0787
815.59857	1075.3862
815.61066	1077.2605
815.62274	1070.7527
815.63483	1064.301
815.64691	1054.661
815.659	1053.0944
815.67108	1038.7946
815.68317	1037.0509
815.69531	1038.2555
815.7074	1031.3396
815.71948	1030.5651
815.73157	1017.2582
815.74365	1010.7387
815.75574	1007.2344
815.76782	995.98926
815.77991	999.08929
815.79199	994.54034
815.80414	990.61591
815.81622	990.01752
815.82831	987.23987
815.84039	982.81543
815.85248	972.26312
815.86456	970.50726
815.87665	967.94775
815.88873	964.32654
815.90082	962.00635
815.91296	962.29633
815.92505	959.72717
815.93713	954.9704
815.94922	950.96069
815.9613	953.17816
815.97339	951.00079
815.98547	950.2796
815.99756	945.30914
816.00964	941.05823
816.02179	939.84717
816.03387	938.04681
816.04596	936.12482
816.05804	933.91528
816.07013	931.82794
816.08221	933.86499
816.0943	933.88275
816.10638	933.31268
816.11853	928.85944
816.13062	923.55249
816.1427	925.1087
816.15479	921.9895
816.16687	919.23035
816.17896	917.01904
816.19104	920.31305
816.20313	918.71844
816.21521	916.13525
816.22736	914.1759
816.23944	912.94171
816.25153	913.48767
816.26361	911.83032
816.2757	912.24969
816.28778	909.01025
816.29987	910.85901
816.31195	911.17889
816.32404	909.29718
816.33618	906.9223
816.34827	907.96344
816.36035	901.88312
816.37244	905.99799
816.38452	904.14465
816.39661	900.60718
816.40869	898.58624
816.42078	904.00726
816.43286	898.71167
816.44501	900.78333
816.45709	900.50031
816.46918	901.71204
816.48126	898.90784
816.49335	899.56177
816.50543	896.09424
816.51752	895.09784
816.5296	896.87567
816.54169	898.7984
816.55383	897.94336
816.56592	897.07123
816.578	895.67841
816.59009	895.78552
816.60217	895.68225
816.61426	893.57782
816.62634	894.57776
816.63843	894.6402
816.65057	893.92401
816.66266	893.11804
816.67474	889.81403
816.68683	890.05261
816.69891	892.5141
816.711	891.80566
816.72308	889.56061
816.73517	889.81885
816.74725	888.67432
816.7594	888.76056
816.77148	889.19513
816.78357	889.2417
816.79565	887.72723
816.80774	888.55414
816.81982	884.38446
816.83191	885.60406
816.84399	888.69977
816.85608	885.47363
816.86823	885.63837
816.88031	882.94739
816.8924	883.73132
816.90448	885.57739
816.91656	886.9527
816.92865	883.22418
816.94073	887.69702
816.95282	881.71442
816.9649	883.46875
816.97705	881.0058
816.98914	885.24731
817.00122	884.05817
817.01331	881.6701
817.02539	881.27344
817.03748	880.7168
817.04956	882.11432
817.06165	883.26715
817.07373	882.59546
817.08588	880.69733
817.09796	881.94879
817.11005	882.53015
817.12213	885.20605
817.13422	882.64453
817.1463	881.49524
817.15839	880.99329
817.17047	881.78082
817.18262	881.52838
817.1947	881.01727
817.20679	883.36646
817.21887	882.57129
817.23096	882.73114
817.24304	882.1441
817.25513	883.25592
817.26721	881.04608
817.2793	880.16693
817.29144	881.12903
817.30353	882.43768
817.31561	882.96356
817.3277	882.15094
817.33978	882.52814
817.35187	880.98059
817.36395	878.40051
817.37604	878.37531
817.38812	881.23975
817.40027	882.54419
817.41235	881.34216
817.42444	879.62518
817.43652	877.0647
817.44861	879.96008
817.46069	880.93756
817.47278	879.88647
817.48486	878.323
817.49695	880.33209
817.50909	877.71069
817.52118	877.9632
817.53326	878.67603
817.54535	880.20276
817.55743	877.77087
817.56952	878.87885
817.5816	878.62231
817.59369	875.97546
817.60577	879.51392
817.61792	879.90558
817.63	878.80304
817.64209	877.89008
817.65417	875.72266
817.66626	876.75238
817.67834	877.79156
817.69043	876.71368
817.70251	876.33984
817.71466	875.82117
817.72675	875.79858
817.73883	876.29761
817.75092	877.58075
817.763	877.71063
817.77509	877.32361
817.78717	878.50873
817.79926	878.05743
817.81134	877.87256
817.82349	879.81732
817.83557	877.73157
817.84766	874.45026
817.85974	878.19421
817.87183	877.11005
817.88391	876.52362
817.896	880.09973
817.90808	878.17383
817.92017	874.67688
817.93231	876.76837
817.9444	876.53625
817.95648	879.5993
817.96857	877.20709
817.98065	877.82153
817.99274	878.1582
818.00482	876.17322
818.01691	874.46552
818.02899	877.95929
818.04114	873.91583
818.05322	874.30841
818.06531	873.52417
818.07739	875.73834
818.08948	876.30261
818.10156	876.01404
818.11365	875.95001
818.12573	876.18689
818.13782	877.09467
818.14996	876.80444
818.16205	875.59821
818.17413	875.44147
818.18622	874.81281
818.1983	875.09363
818.21039	876.28491
818.22247	877.05756
818.23456	878.16156
818.2467	875.9953
818.25879	874.86365
818.27087	875.37659
818.28296	875.61981
818.29504	873.69855
818.30713	874.48907
818.31921	874.33783
818.3313	875.00238
818.34338	874.90906
818.35553	875.33484
818.36761	876.61829
818.3797	873.52789
818.39178	873.32837
818.40387	877.69049
818.41595	874.36255
818.42804	874.74689
818.44012	876.13019
818.45221	873.6637
818.46436	873.04248
818.47644	876.38361
818.48853	874.32959
818.50061	875.58051
818.5127	873.96521
818.52478	873.29083
818.53687	873.91852
818.54895	874.41095
818.56104	875.20349
818.57318	873.40137
818.58527	873.85052
818.59735	875.92334
818.60944	873.9942
818.62152	872.49402
818.63361	873.61462
818.64569	874.26306
818.65778	874.3183
818.66986	874.14679
818.68201	875.49939
818.69409	876.24634
818.70618	873.40839
818.71826	872.99188
818.73035	875.24585
818.74243	877.31647
818.75452	875.13654
818.7666	872.92267
818.77875	874.0188
818.79083	877.17145
818.80292	875.05261
818.815	873.42993
818.82709	875.11273
818.83917	875.0199
818.85126	872.26288
818.86334	874.93549
818.87543	875.41309
818.88757	874.13837
818.89966	875.16254
818.91174	873.94714
818.92383	873.70978
818.93591	874.07892
818.948	873.55109
818.96008	873.38495
818.97217	873.27307
818.98425	873.13513
818.9964	873.3045
819.00848	874.33038
819.02057	873.96979
819.03265	873.67487
819.04474	876.08582
819.05682	873.71472
819.06891	873.62201
819.08099	873.13544
819.09308	872.77795
819.10522	872.79272
819.11731	874.28467
819.12939	873.67926
819.14148	873.86499
819.15356	873.01959
819.16565	873.164
819.17773	872.83405
819.18982	872
819.2019	871.8584
819.21405	873.65167
819.22614	873.40613
819.23822	873.87842
819.25031	875.0592
819.26239	873.49579
819.27448	870.85333
819.28656	871.34424
819.29865	874.14142
819.31079	873.82776
819.32288	875.68097
819.33496	876.71985
819.34705	875.65363
819.35913	873.5351
819.37122	873.70227
819.3833	872.95044
819.39539	873.7359
819.40747	874.88849
819.41962	872.14838
819.4317	872.52936
819.44379	876.25043
819.45587	873.28229
819.46796	875.94043
819.48004	873.44983
819.49213	874.50403
819.50421	874.80511
819.5163	873.13885
819.52844	875.41193
819.54053	874.9104
819.55261	873.19946
819.5647	872.63538
819.57678	872.5835
819.58887	875.30371
819.60095	874.93622
819.61304	873.65887
819.62512	874.89624
819.63727	873.80579
819.64935	875.15479
819.66144	875.58624
819.67352	875.81024
819.68561	872.88464
819.69769	872.71198
819.70978	871.5462
819.72186	872.80518
819.73395	873.40643
819.74609	871.81903
819.75818	875.5155
819.77026	872.18231
819.78235	873.78973
819.79443	874.02704
819.80652	874.26367
819.8186	874.16913
819.83069	874.41949
819.84283	873.58228
819.85492	874.9574
819.867	873.92511
819.87909	872.56586
819.89117	872.53223
819.90326	874.0899
819.91534	874.73145
819.92743	874.87128
819.93951	874.92487
819.95166	872.51935
819.96375	871.96436
819.97583	871.80896
819.98792	873.17676
820	874.36853
