800.14508	872.005
800.15717	870.80347
800.16931	871.03003
800.1814	870.05573
800.19348	868.28229
800.20557	870.4798
800.21765	871.49847
800.22974	870.55127
800.24182	868.5119
800.25391	869.71552
800.26605	871.32983
800.27814	870.06329
800.29022	870.97662
800.30231	869.27301
800.31439	870.8808
800.32648	871.14868
800.33856	871.92041
800.35065	868.13037
800.36273	871.70093
800.37488	871.46265
800.38696	870.91162
800.39905	871.43738
800.41113	873.2738
800.42322	871.76135
800.4353	869.98279
800.44739	869.08417
800.45947	870.02191
800.47156	869.54596
800.4837	868.68262
800.49579	868.68414
800.50787	870.80756
800.51996	872.81946
800.53204	871.13464
800.54413	869.53412
800.55621	867.55664
800.5683	868.58441
800.58038	871.37921
800.59253	871.02722
800.60461	869.22247
800.6167	871.367
800.62878	870.18134
800.64087	871.42871
800.65295	869.20868
800.66504	871.14716
800.67712	867.85486
800.68921	871.43915
800.70135	869.52295
800.71344	869.70032
800.72552	870.97632
800.73761	869.96356
800.74969	869.49707
800.76178	868.6947
800.77386	872.36633
800.78595	872.89709
800.7981	871.55731
800.81018	869.23944
800.82227	869.17932
800.83435	869.73883
800.84644	868.5368
800.85852	869.15411
800.87061	869.61047
800.88269	869.99115
800.89478	870.98639
800.90692	868.25024
800.91901	869.94928
800.93109	871.01855
800.94318	869.12231
800.95526	870.8067
800.96735	872.84711
800.97943	869.71619
800.99152	869.44489
801.0036	871.45569
801.01575	872.16681
801.02783	870.98291
801.03992	868.76404
801.052	870.22491
801.06409	871.41718
801.07617	872.85162
801.08826	871.1676
801.10034	870.3407
801.11243	870.81464
801.12457	872.56519
801.13666	870.96826
801.14874	871.96912
801.16083	873.73346
801.17291	872.26434
801.185	870.90991
801.19708	871.21753
801.20917	870.23602
801.22125	868.77026
801.2334	870.7832
801.24548	872.62518
801.25757	872.4397
801.26965	871.84119
801.28174	870.70984
801.29382	870.367
801.30591	869.75024
801.31799	872.79065
801.33014	870.4707
801.34222	869.89398
801.35431	873.48529
801.36639	868.25806
801.37848	871.98505
801.39056	870.98676
801.40265	870.45782
801.41473	868.78357
801.42682	872.16858
801.43896	869.76147
801.45105	869.86792
801.46313	868.25513
801.47522	871.13843
801.4873	871.2901
801.49939	872.37219
801.51147	871.81421
801.52356	870.61749
801.53564	870.37164
801.54779	870.00836
801.55988	871.3808
801.57196	871.72119
801.58405	870.3656
801.59613	869.28168
801.60822	867.6864
801.6203	870.82037
801.63239	870.26947
801.64447	871.22272
801.65662	872.13361
801.6687	870.53546
801.68079	870.34943
801.69287	871.60583
801.70496	872.11041
801.71704	871.13434
801.72913	870.9118
801.74121	873.12488
801.7533	870.72345
801.76544	869.91742
801.77753	871.01508
801.78961	869.12598
801.8017	871.31665
801.81378	869.93872
801.82587	870.5155
801.83795	871.3512
801.85004	870.78485
801.86218	869.89075
801.87427	871.95099
801.88635	872.13525
801.89844	870.32861
801.91052	870.65576
801.92261	871.33417
801.93469	871.84387
801.94678	871.56635
801.95886	870.9859
801.97101	871.39233
801.98309	871.19458
801.99518	870.97778
802.00726	869.7533
802.01935	869.69672
802.03143	871.88684
802.04352	871.45795
802.0556	870.03351
802.06769	870.86157
802.07983	870.33728
802.09192	867.86652
802.104	870.87396
802.11609	871.53094
802.12817	871.50525
802.14026	870.48627
802.15234	872.09314
802.16443	873.58997
802.17651	870.04883
802.18866	870.09296
802.20074	871.60931
802.21283	870.87927
802.22491	871.9895
802.237	874.08038
802.24908	873.39087
802.26117	871.91614
802.27325	870.47858
802.28534	870.43298
802.29749	871.53613
802.30957	871.52106
802.32166	872.31183
802.33374	872.47906
802.34583	871.69427
802.35791	872.49622
802.37	873.14325
802.38208	871.19757
802.39423	869.70685
802.40631	871.04456
802.4184	872.86517
802.43048	874.87109
802.44257	874.57068
802.45465	871.98126
802.46674	872.17487
802.47882	872.18359
802.49091	871.40625
802.50305	873.24744
802.51514	868.17749
802.52722	870.93829
802.53931	872.1203
802.55139	871.84381
802.56348	874.53442
802.57556	874.86542
802.58765	868.11517
802.59973	871.5296
802.61188	871.51361
802.62396	871.703
802.63605	871.67676
802.64813	872.06317
802.66022	874.30988
802.6723	874.76575
802.68439	875.29279
802.69647	872.6236
802.70856	872.66901
802.7207	872.94598
802.73279	872.00244
802.74487	872.14667
802.75696	871.94757
802.76904	871.68982
802.78113	871.77209
802.79321	873.05927
802.8053	874.37549
802.81738	872.64923
802.82953	870.42902
802.84161	870.0954
802.8537	870.5379
802.86578	871.43237
802.87787	871.17761
802.88995	871.73169
802.90204	872.22601
802.91412	874.12146
802.92627	873.44696
802.93835	870.68756
802.95044	871.47278
802.96252	872.02136
802.97461	871.34949
802.98669	871.9317
802.99878	872.91718
803.01086	871.75427
803.02295	870.53931
803.0351	872.85876
803.04718	871.24725
803.05927	870.25854
803.07135	871.38025
803.08344	873.87238
803.09552	871.06805
803.1076	870.76337
803.11969	871.94366
803.13177	869.86359
803.14392	870.73846
803.15601	873.39691
803.16809	870.38196
803.18018	871.02991
803.19226	873.8913
803.20435	871.5047
803.21643	871.30743
803.22852	870.61237
803.2406	868.92651
803.25275	870.56433
803.26483	871.42499
803.27692	872.07599
803.289	872.6452
803.30109	872.00812
803.31317	872.30768
803.32526	871.00989
803.33734	870.49072
803.34943	872.2785
803.36157	872.2879
803.37366	873.93591
803.38574	872.6637
803.39783	874.21588
803.40991	873.60284
803.422	871.5777
803.43408	873.4021
803.44617	872.75238
803.45831	873.24548
803.4704	872.96045
803.48248	872.13489
803.49457	873.1507
803.50665	873.49384
803.51874	873.24719
803.53082	872.74231
803.54291	873.07611
803.55499	873.44238
803.56714	873.36707
803.57922	872.88214
803.59131	872.42065
803.60339	872.17102
803.61548	869.763
803.62756	872.01178
803.63965	874.6001
803.65173	870.83862
803.66382	873.24628
803.67596	871.70508
803.68805	873.43109
803.70013	873.49847
803.71222	871.68634
803.7243	870.07416
803.73639	871.20819
803.74847	872.86969
803.76056	871.72229
803.77264	870.3407
803.78479	871.63428
803.79688	873.31952
803.80896	872.74957
803.82104	873.23505
803.83313	873.57324
803.84521	872.83478
803.8573	874.50037
803.86938	874.229
803.88147	873.63513
803.89362	873.03058
803.9057	872.41486
803.91779	872.94672
803.92987	873.26837
803.94196	873.89374
803.95404	872.65924
803.96613	872.68469
803.97821	875.80481
803.99036	874.22986
804.00244	872.02197
804.01453	872.76544
804.02661	875.45465
804.0387	874.88611
804.05078	873.09399
804.06287	872.27582
804.07495	873.64893
804.08704	873.56036
804.09918	871.62537
804.11127	874.44244
804.12335	874.96716
804.13544	872.15039
804.14752	874.28607
804.15961	873.2876
804.17169	875.83319
804.18378	875.05542
804.19586	873.28577
804.20801	872.685
804.22009	871.61615
804.23218	873.07062
804.24426	873.08173
804.25635	874.42181
804.26843	873.91235
804.28052	873.43457
804.2926	875.11456
804.30469	874.93585
804.31683	874.2926
804.32892	874.97839
804.341	875.33167
804.35309	874.92963
804.36517	875.09595
804.37726	874.65643
804.38934	875.04132
804.40143	875.53064
804.41351	874.69916
804.42566	875.01208
804.43774	875.29834
804.44983	873.45551
804.46191	874.46484
804.474	875.81366
804.48608	875.26044
804.49817	875.22607
804.51025	876.06531
804.5224	877.37408
804.53448	876.1543
804.54657	875.05804
804.55865	874.51343
804.57074	875.07886
804.58282	874.49817
804.59491	875.08472
804.60699	874.83917
804.61908	874.7486
804.63123	875.04211
804.64331	874.07593
804.6554	876.10364
804.66748	876.62439
804.67957	872.22571
804.69165	875.56165
804.70374	873.8175
804.71582	875.40332
804.72791	876.78058
804.74005	877.03961
804.75214	874.82654
804.76422	878.36078
804.77631	875.00458
804.78839	877.06354
804.80048	874.42023
804.81256	873.91187
804.82465	877.19415
804.83673	877.43048
804.84888	877.55963
804.86096	876.24579
804.87305	875.70764
804.88513	874.46411
804.89722	878.05145
804.9093	878.68329
804.92139	876.82159
804.93347	875.12067
804.94556	877.38922
804.9577	877.51752
804.96979	876.57257
804.98187	876.90448
804.99396	875.41931
805.00604	877.57605
805.01813	878.12457
805.03021	876.11011
805.0423	879.1604
805.05444	877.96326
805.06653	875.72314
805.07861	876.89508
805.0907	877.63776
805.10278	877.1098
805.11487	876.35431
805.12695	875.83014
805.13904	876.01398
805.15112	875.28986
805.16327	875.17554
805.17535	877.75989
805.18744	879.97925
805.19952	877.4873
805.21161	877.68549
805.22369	878.71259
805.23578	877.23712
805.24786	876.04376
805.25995	877.61383
805.27209	878.30646
805.28418	877.90021
805.29626	877.7085
805.30835	875.67511
805.32043	879.03137
805.33252	877.82123
805.3446	877.25
805.35669	878.07977
805.36877	879.36688
805.38092	877.4223
805.39301	876.97595
805.40509	879.98053
805.41718	876.56689
805.42926	877.94238
805.44135	878.88519
805.45343	877.09802
805.46552	877.51666
805.4776	879.10602
805.48975	879.21295
805.50183	879.48456
805.51392	877.34796
805.526	879.15417
805.53809	877.69745
805.55017	877.20856
805.56226	878.90985
805.57434	881.83875
805.58649	875.60223
805.59857	880.60083
805.61066	880.3551
805.62274	878.9231
805.63483	875.91205
805.64691	878.73224
805.659	878.83142
805.67108	879.75964
805.68317	879.30585
805.69531	882.15826
805.7074	882.01776
805.71948	881.76489
805.73157	877.89368
805.74365	875.93835
805.75574	879.75085
805.76782	881.99353
805.77991	880.78375
805.79199	879.03937
805.80414	876.48987
805.81622	879.41138
805.82831	878.09717
805.84039	878.61053
805.85248	882.67529
805.86456	879.4845
805.87665	878.73743
805.88873	881.1911
805.90082	881.33087
805.91296	882.07709
805.92505	879.37225
805.93713	878.35376
805.94922	880.19427
805.9613	881.3075
805.97339	878.72699
805.98547	878.92926
805.99756	878.98688
806.00964	880.8985
806.02179	880.23102
806.03387	880.79163
806.04596	883.3537
806.05804	881.17615
806.07013	881.31561
806.08221	881.35962
806.0943	882.62793
806.10638	881.44995
806.11853	881.02069
806.13062	882.43665
806.1427	882.28961
806.15479	883.14368
806.16687	882.6109
806.17896	882.5993
806.19104	884.7049
806.20313	884.63641
806.21521	884.50696
806.22736	884.09021
806.23944	882.94489
806.25153	883.09662
806.26361	883.83032
806.2757	883.77936
806.28778	883.59039
806.29987	883.99658
806.31195	886.21991
806.32404	885.95178
806.33618	883.08514
806.34827	884.07056
806.36035	887.7381
806.37244	886.2511
806.38452	886.80286
806.39661	886.4035
806.40869	885.03052
806.42078	884.61469
806.43286	884.27856
806.44501	884.65601
806.45709	883.65088
806.46918	884.92896
806.48126	883.42609
806.49335	885.38647
806.50543	887.11438
806.51752	883.93402
806.5296	884.50189
806.54169	884.87335
806.55383	886.14929
806.56592	887.13794
806.578	885.5321
806.59009	884.57715
806.60217	888.57806
806.61426	886.27289
806.62634	885.50793
806.63843	884.75232
806.65057	886.51105
806.66266	885.59442
806.67474	887.43292
806.68683	890.20593
806.69891	890.39471
806.711	887.60858
806.72308	888.56305
806.73517	889.20215
806.74725	887.67053
806.7594	888.00903
806.77148	888.81671
806.78357	888.39941
806.79565	889.20276
806.80774	889.35101
806.81982	887.80121
806.83191	890.68091
806.84399	889.42456
806.85608	891.93823
806.86823	887.45007
806.88031	890.315
806.8924	888.73401
806.90448	890.87103
806.91656	892.35242
806.92865	891.39514
806.94073	888.61279
806.95282	893.96466
806.9649	893.04132
806.97705	894.87927
806.98914	894.00452
807.00122	893.08789
807.01331	892.02069
807.02539	894.00494
807.03748	893.62646
807.04956	891.4516
807.06165	890.31299
807.07373	893.24921
807.08588	891.26868
807.09796	891.30811
807.11005	895.03107
807.12213	895.14471
807.13422	896.32379
807.1463	892.5332
807.15839	892.90405
807.17047	896.88177
807.18262	897.47894
807.1947	897.55786
807.20679	898.19757
807.21887	896.44946
807.23096	898.05408
807.24304	897.92413
807.25513	897.14905
807.26721	899.57361
807.2793	900.9389
807.29144	899.00793
807.30353	902.06268
807.31561	900.38263
807.3277	900.69934
807.33978	902.49658
807.35187	902.17511
807.36395	901.19598
807.37604	903.20807
807.38812	902.75891
807.40027	899.58252
807.41235	900.89319
807.42444	901.84473
807.43652	904.14587
807.44861	902.91852
807.46069	900.8858
807.47278	904.06909
807.48486	904.57483
807.49695	906.9765
807.50909	908.5448
807.52118	904.34906
807.53326	906.55627
807.54535	905.93457
807.55743	907.50684
807.56952	903.79565
807.5816	911.23901
807.59369	910.4223
807.60577	914.27344
807.61792	908.42981
807.63	908.67682
807.64209	910.59778
807.65417	911.00055
807.66626	909.39362
807.67834	906.99347
807.69043	908.32977
807.70251	911.26837
807.71466	910.94421
807.72675	910.69263
807.73883	908.73828
807.75092	911.8045
807.763	917.34705
807.77509	921.69629
807.78717	916.22034
807.79926	910.09424
807.81134	913.78033
807.82349	918.84808
807.83557	919.83545
807.84766	921.84235
807.85974	920.8139
807.87183	918.50769
807.88391	918.38
807.896	920.2688
807.90808	920.89801
807.92017	920.28412
807.93231	922.55383
807.9444	921.37555
807.95648	922.50189
807.96857	926.97272
807.98065	930.22162
807.99274	925.18701
808.00482	926.86554
808.01691	928.0274
808.02899	927.83691
808.04114	929.00146
808.05322	928.59619
808.06531	930.37634
808.07739	928.31567
808.08948	933.37061
808.10156	934.81665
808.11365	935.51563
808.12573	930.42615
808.13782	940.48346
808.14996	937.2641
808.16205	937.77051
808.17413	935.54242
808.18622	941.50964
808.1983	936.57367
808.21039	943.33325
808.22247	943.11786
808.23456	945.2829
808.2467	945.71545
808.25879	947.23688
808.27087	951.37103
808.28296	949.19641
808.29504	952.38995
808.30713	951.87915
808.31921	948.64417
808.3313	949.83148
808.34338	951.74115
808.35553	951.79083
808.36761	952.41187
808.3797	955.94556
808.39178	963.69495
808.40387	966.19244
808.41595	960.34454
808.42804	961.89911
808.44012	959.94556
808.45221	964.0506
808.46436	962.96362
808.47644	971.62708
808.48853	972.37109
808.50061	970.57166
808.5127	970.20099
808.52478	970.68781
808.53687	976.50507
808.54895	974.19476
808.56104	981.46252
808.57318	977.23041
808.58527	984.28656
808.59735	990.03003
808.60944	988.13043
808.62152	991.61621
808.63361	993.78528
808.64569	995.51373
808.65778	997.47339
808.66986	1002.9686
808.68201	999.74951
808.69409	1004.3641
808.70618	1004.748
808.71826	1004.0741
808.73035	1010.8863
808.74243	1010.1475
808.75452	1012.9876
808.7666	1014.2045
808.77875	1024.2865
808.79083	1027.0382
808.80292	1026.9237
808.815	1029.2932
808.82709	1025.3789
808.83917	1028.9292
808.85126	1027.2577
808.86334	1034.6714
808.87543	1038.8126
808.88757	1046.0144
808.89966	1040.9302
808.91174	1048.1486
808.92383	1052.3257
808.93591	1054.8706
808.948	1055.4731
808.96008	1064.5983
808.97217	1064.2405
808.98425	1058.8978
808.9964	1061.791
809.00848	1073.4727
809.02057	1079.3815
809.03265	1085.3528
809.04474	1081.168
809.05682	1084.3679
809.06891	1087.5103
809.08099	1094.0688
809.09308	1097.7095
809.10522	1105.1476
809.11731	1105.2146
809.12939	1113.7419
809.14148	1116.381
809.15356	1121.8474
809.16565	1124.6077
809.17773	1133.2423
809.18982	1131.7571
809.2019	1140.6969
809.21405	1149.3916
809.22614	1154.5933
809.23822	1162.5872
809.25031	1162.777
809.26239	1164.1575
809.27448	1176.1276
809.28656	1181.2239
809.29865	1179.089
809.31079	1191.5642
809.32288	1192.848
809.33496	1203.4581
809.34705	1205.635
809.35913	1209.7946
809.37122	1221.6047
809.3833	1229.3856
809.39539	1238.9354
809.40747	1236.9855
809.41962	1243.4642
809.4317	1260.1599
809.44379	1263.5155
809.45587	1270.5953
809.46796	1276.96
809.48004	1294.1542
809.49213	1303.8485
809.50421	1314.3237
809.5163	1325.9292
809.52844	1327.7004
809.54053	1332.8127
809.55261	1347.5741
809.5647	1363.0292
809.57678	1370.7615
809.58887	1381.2865
809.60095	1386.3328
809.61304	1395.8613
809.62512	1410.8151
809.63727	1410.864
809.64935	1415.9572
809.66144	1425.6526
809.67352	1438.9458
809.68561	1449.4775
809.69769	1457.5754
809.70978	1457.9403
809.72186	1468.1045
809.73395	1481.4158
809.74609	1496.9203
809.75818	1504.1348
809.77026	1512.3539
809.78235	1512.2018
809.79443	1523.8169
809.80652	1531.5903
809.8186	1530.957
809.83069	1547.2791
809.84283	1552.5537
809.85492	1568.4717
809.867	1558.6028
809.87909	1569.4303
809.89117	1575.4147
809.90326	1575.4778
809.91534	1572.2949
809.92743	1579.4984
809.93951	1575.5382
809.95166	1574.6987
809.96375	1572.7029
809.97583	1576.6819
809.98792	1576.7845
810	1565.4146
810.01208	1572.7661
810.02417	1569.057
810.03625	1563.3319
810.04834	1556.3782
810.06049	1544.2595
810.07257	1546.4178
810.08466	1535.1156
810.09674	1518.3367
810.10883	1498.9583
810.12091	1487.942
810.133	1482.6968
810.14508	1481.8231
810.15717	1481.8317
810.16931	1475.239
810.1814	1464.272
810.19348	1457.8835
810.20557	1444.3138
810.21765	1445.9126
810.22974	1436.0099
810.24182	1432.2888
810.25391	1421.9138
810.26605	1417.9644
810.27814	1417.9818
810.29022	1391.6934
810.30231	1372.7789
810.31439	1378.3192
810.32648	1364.8503
810.33856	1369.3972
810.35065	1351.2518
810.36273	1335.217
810.37488	1337.6569
810.38696	1323.5087
810.39905	1315.1876
810.41113	1314.5021
810.42322	1302.387
810.4353	1295.6277
810.44739	1285.3414
810.45947	1270.5142
810.47156	1265.5096
810.4837	1259.3318
810.49579	1244.6691
810.50787	1243.9785
810.51996	1247.1868
810.53204	1236.719
810.54413	1230.3743
810.55621	1226.4683
810.5683	1225.5944
810.58038	1220.231
810.59253	1210.5022
810.60461	1199.3143
810.6167	1192.0266
810.62878	1195.3136
810.64087	1194.5892
810.65295	1190.2197
810.66504	1181.3743
810.67712	1175.3698
810.68921	1175.4509
810.70135	1170.8229
810.71344	1157.8097
810.72552	1155.1454
810.73761	1155.0708
810.74969	1156.6871
810.76178	1151.8691
810.77386	1154.1832
810.78595	1143.3834
810.7981	1141.0087
810.81018	1131.9178
810.82227	1133.1949
810.83435	1132.9152
810.84644	1121.5516
810.85852	1124.3857
810.87061	1120.6036
810.88269	1116.1738
810.89478	1113.6771
810.90692	1115.2659
810.91901	1116.2626
810.93109	1109.6542
810.94318	1109.6
810.95526	1103.8094
810.96735	1109.5839
810.97943	1112.9417
810.99152	1114.4027
811.0036	1113.2128
811.01575	1109.2933
811.02783	1119.1713
811.03992	1116.2025
811.052	1122.4156
811.06409	1127.6674
811.07617	1130.3503
811.08826	1134.8849
811.10034	1131.272
811.11243	1131.9794
811.12457	1140.6292
811.13666	1149.6779
811.14874	1149.9401
811.16083	1157.9229
811.17291	1162.5791
811.185	1177.9707
811.19708	1183.5978
811.20917	1189.3071
811.22125	1194.2784
811.2334	1200.1809
811.24548	1205.3489
811.25757	1212.2156
811.26965	1231.969
811.28174	1241.457
811.29382	1253.4769
811.30591	1259.1075
811.31799	1266.3778
811.33014	1281.1617
811.34222	1302.0685
811.35431	1313.5133
811.36639	1319.8179
811.37848	1335.8667
811.39056	1355.3314
811.40265	1365.042
811.41473	1373.6078
811.42682	1391.6028
811.43896	1405.8455
811.45105	1426.9778
811.46313	1454.0378
811.47522	1464.5446
811.4873	1470.0674
811.49939	1497.8796
811.51147	1520.9249
811.52356	1542.5006
811.53564	1572.3661
811.54779	1598.0442
811.55988	1622.1167
811.57196	1630.9004
811.58405	1659.8906
811.59613	1681.885
811.60822	1695.9344
811.6203	1738.1185
811.63239	1775.2319
811.64447	1795.2965
811.65662	1819.5806
811.6687	1833.6608
811.68079	1850.5819
811.69287	1896.7206
811.70496	1925.6311
811.71704	1950.995
811.72913	1972.5085
811.74121	1987.1356
811.7533	2013.2418
811.76544	2020.4287
811.77753	2026.5992
811.78961	2043.8069
811.8017	2056.7241
811.81378	2052.1008
811.82587	2053.2876
811.83795	2051.739
811.85004	2052.1975
811.86218	2056.7781
811.87427	2053.8696
811.88635	2049.2227
811.89844	2052.0293
811.91052	2042.0424
811.92261	2014.9561
811.93469	1987.4565
811.94678	1979.207
811.95886	1951.7416
811.97101	1938.9783
811.98309	1908.1973
811.99518	1889.4556
812.00726	1851.9922
812.01935	1837.7402
812.03143	1818.9408
812.04352	1777.9583
812.0556	1755.9028
812.06769	1742.2793
812.07983	1718.1632
812.09192	1687.3204
812.104	1665.824
812.11609	1648.7913
812.12817	1637.1975
812.14026	1609.7872
812.15234	1591.3408
812.16443	1577.845
812.17651	1567.3503
812.18866	1548.9746
812.20074	1542.0829
812.21283	1516.6923
812.22491	1487.8312
812.237	1473.2423
812.24908	1462.0251
812.26117	1451.7261
812.27325	1444.2468
812.28534	1427.421
812.29749	1401.8431
812.30957	1377.1407
812.32166	1354.4249
812.33374	1337.3904
812.34583	1335.9279
812.35791	1334.9214
812.37	1329.8142
812.38208	1323.8872
812.39423	1310.8816
812.40631	1299.0936
812.4184	1297.1215
812.43048	1294.505
812.44257	1274.3525
812.45465	1276.6382
812.46674	1271.2657
812.47882	1269.5326
812.49091	1261.7712
812.50305	1250.5612
812.51514	1239.8505
812.52722	1236.9742
812.53931	1233.6237
812.55139	1223.2589
812.56348	1218.1575
812.57556	1217.0066
812.58765	1215.9905
812.59973	1211.4091
812.61188	1198.3071
812.62396	1194.7791
812.63605	1189.397
812.64813	1185.2272
812.66022	1177.1566
812.6723	1171.9926
812.68439	1166.8413
812.69647	1170.8577
812.70856	1169.8953
812.7207	1161.4847
812.73279	1162.6912
812.74487	1155.6747
812.75696	1147.5204
812.76904	1150.5931
812.78113	1151.7676
812.79321	1140.0546
812.8053	1136.1964
812.81738	1137.5885
812.82953	1133.0583
812.84161	1132.1616
812.8537	1127.8473
812.86578	1130.3533
812.87787	1124.999
812.88995	1128.0206
812.90204	1118.4473
812.91412	1119.5161
812.92627	1118.693
812.93835	1119.7554
812.95044	1120.0724
812.96252	1119.3367
812.97461	1112.1554
812.98669	1109.3983
812.99878	1105.3538
813.01086	1100.2224
813.02295	1107.8743
813.0351	1095.0416
813.04718	1102.063
813.05927	1098.3464
813.07135	1101.6836
813.08344	1103.4441
813.09552	1100.8308
813.1076	1101.9037
813.11969	1087.3766
813.13177	1093.3234
813.14392	1099.1455
813.15601	1092.1735
813.16809	1088.5553
813.18018	1091.3495
813.19226	1092.4944
813.20435	1087.7112
813.21643	1085.2528
813.22852	1096.5646
813.2406	1089.4478
813.25275	1086.8784
813.26483	1098.041
813.27692	1080.8646
813.289	1090.1654
813.30109	1087.7433
813.31317	1095.7275
813.32526	1091.7576
813.33734	1087.45
813.34943	1083.6962
813.36157	1092.0273
813.37366	1083.7795
813.38574	1086.1091
813.39783	1086.0696
813.40991	1081.1715
813.422	1087.0664
813.43408	1091.3748
813.44617	1092.8846
813.45831	1081.6962
813.4704	1085.2208
813.48248	1093.8204
813.49457	1088.2178
813.50665	1084.9945
813.51874	1077.7877
813.53082	1081.2964
813.54291	1087.3228
813.55499	1079.3163
813.56714	1081.3728
813.57922	1089.1136
813.59131	1085.8042
813.60339	1089.0642
813.61548	1088.3936
813.62756	1084.1425
813.63965	1085.0203
813.65173	1087.6353
813.66382	1084.9216
813.67596	1089.8856
813.68805	1086.2139
813.70013	1090.275
813.71222	1089.3558
813.7243	1089.3541
813.73639	1088.473
813.74847	1087.4634
813.76056	1091.1062
813.77264	1096.0042
813.78479	1099.1185
813.79688	1099.8109
813.80896	1101.4417
813.82104	1100.4038
813.83313	1094.2418
813.84521	1100.1105
813.8573	1108.6166
813.86938	1108.3918
813.88147	1104.9712
813.89362	1109.0576
813.9057	1111.4042
813.91779	1111.682
813.92987	1120.3365
813.94196	1126.3956
813.95404	1128.9755
813.96613	1131.03
813.97821	1134.1073
813.99036	1135.5588
814.00244	1145.4956
814.01453	1151.0568
814.02661	1151.714
814.0387	1171.111
814.05078	1176.8997
814.06287	1173.7955
814.07495	1189.6479
814.08704	1205.335
814.09918	1208.3219
814.11127	1220.3
814.12335	1225.2869
814.13544	1235.832
814.14752	1252.3964
814.15961	1261.535
814.17169	1278.3976
814.18378	1280.2241
814.19586	1307.525
814.20801	1332.5536
814.22009	1345.5299
814.23218	1355.2026
814.24426	1398.8268
814.25635	1400.3544
814.26843	1423.7808
814.28052	1443.6531
814.2926	1463.6198
814.30469	1476.6918
814.31683	1507.3634
814.32892	1536.7222
814.341	1558.0232
814.35309	1585.1167
814.36517	1629.0249
814.37726	1634.3254
814.38934	1666.038
814.40143	1712.8922
814.41351	1763.4331
814.42566	1801.333
814.43774	1837.282
814.44983	1867.5605
814.46191	1915.3152
814.474	1973.3624
814.48608	2023.1588
814.49817	2087.0381
814.51025	2128.062
814.5224	2191.4004
814.53448	2246.8804
814.54657	2321.8489
814.55865	2411.8198
814.57074	2462.8821
814.58282	2538.1018
814.59491	2641.9023
814.60699	2720.1289
814.61908	2803.1169
814.63123	2902.5847
814.64331	3011.2898
814.6554	3139.4631
814.66748	3266.1709
814.67957	3371.657
814.69165	3479.8198
814.70374	3639.1108
814.71582	3784.8853
814.72791	3939.2024
814.74005	4083.3286
814.75214	4156.4673
814.76422	4287.9004
814.77631	4465.3794
814.78839	4617.9238
814.80048	4715.7979
814.81256	4826.4185
814.82465	4891.9165
814.83673	4990.9048
814.84888	5056.7358
814.86096	5089.0278
814.87305	5104.4678
814.88513	5090.1021
814.89722	5031.7388
814.9093	4993.5508
814.92139	4947.0483
814.93347	4857.3291
814.94556	4754.5693
814.9577	4644.9644
814.96979	4498.6489
814.98187	4362.7734
814.99396	4231.2808
815.00604	4101.479
815.01813	3939.1577
815.03021	3758.0659
815.0423	3577.8401
815.05444	3442.5015
815.06653	3313.7131
815.07861	3194.7412
815.0907	3094.7209
815.10278	2979.2068
815.11487	2872.3936
815.12695	2765.0737
815.13904	2677.8337
815.15112	2589.698
815.16327	2493.3933
815.17535	2408.2517
815.18744	2335.9932
815.19952	2251.0151
815.21161	2177.7827
815.22369	2113.7393
815.23578	2037.5844
815.24786	1980.7069
815.25995	1929.7551
815.27209	1879.181
815.28418	1823.9092
815.29626	1764.2101
815.30835	1728.4119
815.32043	1695.229
815.33252	1658.1145
815.3446	1623.4526
815.35669	1583.5966
815.36877	1554.8313
815.38092	1513.9067
815.39301	1490.9794
815.40509	1465.4553
815.41718	1433.6848
815.42926	1413.1337
815.44135	1400.5724
815.45343	1373.0844
815.46552	1342.0234
815.4776	1330.9784
815.48975	1310.9595
815.50183	1289.9246
815.51392	1265.7783
815.526	1256.1378
815.53809	1243.7238
815.55017	1221.609
815.56226	1203.123
815.57434	1190.7418
815.58649	1174.11
815.59857	1169.4094
815.61066	1167.6816
815.62274	1147.1522
815.63483	1139.3999
815.64691	1125.314
815.659	1122.9425
815.67108	1105.4152
815.68317	1100.1622
815.69531	1089.5043
815.7074	1077.9413
815.71948	1073.4276
815.73157	1070.8914
815.74365	1061.8662
815.75574	1047.8031
815.76782	1039.8242
815.77991	1039.4474
815.79199	1022.2502
815.80414	1025.9364
815.81622	1025.172
815.82831	1015.4359
815.84039	1015.5657
815.85248	1011.2122
815.86456	1004.8746
815.87665	1001.3555
815.88873	995.82605
815.90082	992.9043
815.91296	991.3902
815.92505	984.30365
815.93713	983.2757
815.94922	976.67596
815.9613	976.50244
815.97339	970.06354
815.98547	967.56879
815.99756	965.22858
816.00964	964.37604
816.02179	962.19415
816.03387	953.88251
816.04596	951.95837
816.05804	948.50049
816.07013	950.99585
816.08221	950.9953
816.0943	946.19714
816.10638	948.46204
816.11853	942.10986
816.13062	937.94818
816.1427	936.32751
816.15479	936.67474
816.16687	937.39587
816.17896	935.67371
816.19104	928.27771
816.20313	926.35583
816.21521	928.37836
816.22736	929.46161
816.23944	928.20209
816.25153	925.21527
816.26361	923.30853
816.2757	922.85828
816.28778	923.61133
816.29987	919.50287
816.31195	916.11743
816.32404	914.49713
816.33618	915.37421
816.34827	915.4115
816.36035	912.90625
816.37244	910.49268
816.38452	908.33911
816.39661	905.9917
816.40869	908.78406
816.42078	913.25873
816.43286	907.85291
816.44501	910.53442
816.45709	906.71747
816.46918	906.42627
816.48126	906.54529
816.49335	904.25739
816.50543	903.48309
816.51752	905.06958
816.5296	903.22382
816.54169	899.46289
816.55383	900.14148
816.56592	900.08228
816.578	899.64581
816.59009	892.30231
816.60217	893.98706
816.61426	897.34448
816.62634	895.99646
816.63843	895.55414
816.65057	896.84399
816.66266	895.69995
816.67474	894.12225
816.68683	894.52985
816.69891	894.88367
816.711	894.57526
816.72308	895.99249
816.73517	894.33252
816.74725	894.03369
816.7594	893.5799
816.77148	891.25977
816.78357	892.5769
816.79565	890.5257
816.80774	888.48169
816.81982	888.67444
816.83191	889.03149
816.84399	888.68805
816.85608	887.02307
816.86823	888.48309
816.88031	886.26129
816.8924	888.68347
816.90448	888.96375
816.91656	887.47162
816.92865	885.90515
816.94073	884.95544
816.95282	884.80481
816.9649	889.14795
816.97705	885.39764
816.98914	886.14111
817.00122	883.70807
817.01331	885.17822
817.02539	886.80328
817.03748	882.50299
817.04956	883.14191
817.06165	883.67834
817.07373	882.75085
817.08588	883.54034
817.09796	882.36688
817.11005	883.19849
817.12213	881.7464
817.13422	884.30701
817.1463	883.11255
817.15839	882.22369
817.17047	883.98499
817.18262	882.96814
817.1947	881.92084
817.20679	882.24725
817.21887	883.96692
817.23096	883.61798
817.24304	883.08081
817.25513	882.53101
817.26721	882.08423
817.2793	881.03876
817.29144	878.62762
817.30353	880.91412
817.31561	880.38599
817.3277	881.3916
817.33978	881.22131
817.35187	882.23206
817.36395	879.68573
817.37604	879.3407
817.38812	879.80237
817.40027	880.09772
817.41235	878.96832
817.42444	880.62213
817.43652	878.90405
817.44861	880.5863
817.46069	883.25476
817.47278	882.40283
817.48486	879.66339
817.49695	879.67438
817.50909	879.19739
817.52118	877.64124
817.53326	878.53638
817.54535	877.6358
817.55743	876.52393
817.56952	877.9552
817.5816	874.54333
817.59369	878.45911
817.60577	878.25574
817.61792	877.40503
817.63	878.30585
817.64209	880.18842
817.65417	879.93311
817.66626	877.18835
817.67834	878.28363
817.69043	876.19739
817.70251	880.30676
817.71466	882.18451
817.72675	879.66357
817.73883	877.19885
817.75092	875.82294
817.763	877.09601
817.77509	876.83264
817.78717	877.50732
817.79926	878.37866
817.81134	877.85931
817.82349	877.67365
817.83557	878.31952
817.84766	875.67108
817.85974	874.62445
817.87183	877.06458
817.88391	876.78644
817.896	876.2121
817.90808	874.42346
817.92017	876.78906
817.93231	875.04944
817.9444	878.59784
817.95648	873.65125
817.96857	874.9751
817.98065	878.48315
817.99274	877.25769
818.00482	875.00671
818.01691	873.0285
818.02899	876.90552
818.04114	877.11115
818.05322	876.35052
818.06531	877.81
818.07739	876.20062
818.08948	876.05566
818.10156	874.78479
818.11365	875.93079
818.12573	875.94849
818.13782	874.69788
818.14996	875.36322
818.16205	875.12915
818.17413	875.30701
818.18622	876.91968
818.1983	877.63043
818.21039	876.67426
818.22247	876.07159
818.23456	876.45581
818.2467	877.39758
818.25879	876.66296
818.27087	875.27948
818.28296	876.50275
818.29504	875.90039
818.30713	876.3363
818.31921	873.38464
818.3313	877.72809
818.34338	875.32361
818.35553	874.67731
818.36761	874.42908
818.3797	875.59296
818.39178	872.28839
818.40387	877.3385
818.41595	872.80133
818.42804	876.62921
818.44012	878.72534
818.45221	875.35126
818.46436	875.80609
818.47644	874.68915
818.48853	873.28564
818.50061	874.54944
818.5127	874.24768
818.52478	874.88977
818.53687	875.44531
818.54895	874.86426
818.56104	875.02271
818.57318	873.94189
818.58527	874.38385
818.59735	874.13977
818.60944	873.58734
818.62152	873.03046
818.63361	873.90332
818.64569	873.61554
818.65778	874.37457
818.66986	876.08453
818.68201	876.94647
818.69409	873.29462
818.70618	876.01337
818.71826	874.20319
818.73035	876.63184
818.74243	872.68054
818.75452	876.02429
818.7666	874.85242
818.77875	872.93738
818.79083	875.32233
818.80292	876.96448
818.815	875.70538
818.82709	877.53735
818.83917	874.27423
818.85126	873.34247
818.86334	874.57629
818.87543	875.95038
818.88757	874.76434
818.89966	874.08746
818.91174	876.03424
818.92383	876.19556
818.93591	875.65814
818.948	874.72559
818.96008	874.29657
818.97217	873.61102
818.98425	872.93549
818.9964	873.18457
819.00848	874.37329
819.02057	872.65387
819.03265	873.93073
819.04474	873.22589
819.05682	874.22052
819.06891	873.77429
819.08099	871.78021
819.09308	875.60339
819.10522	873.01575
819.11731	873.36469
819.12939	873.32019
819.14148	876.13452
819.15356	875.25867
819.16565	877.56995
819.17773	874.41724
819.18982	874.81256
819.2019	872.97314
819.21405	874.15472
819.22614	873.21466
819.23822	871.97925
819.25031	873.27985
819.26239	875.5484
819.27448	875.01599
819.28656	873.24274
819.29865	875.72485
819.31079	875.68506
819.32288	874.70624
819.33496	873.90594
819.34705	872.90759
819.35913	873.9884
819.37122	874.3808
819.3833	874.1109
819.39539	872.61914
819.40747	874.48114
819.41962	872.83191
819.4317	875.95325
819.44379	874.3913
819.45587	874.47913
819.46796	876.40179
819.48004	873.42975
819.49213	873.73364
819.50421	874.0108
819.5163	874.11176
819.52844	873.4787
819.54053	871.68695
819.55261	873.3985
819.5647	874.14319
819.57678	874.19922
819.58887	873.24701
819.60095	874.42889
819.61304	875.2995
819.62512	874.55872
819.63727	875.73547
819.64935	875.05597
819.66144	873.44635
819.67352	873.02051
819.68561	875.0777
819.69769	873.82111
819.70978	874.52179
819.72186	873.22803
819.73395	875.84601
819.74609	874.76343
819.75818	874.04803
819.77026	874.08929
819.78235	874.9259
819.79443	874.17413
819.80652	875.3269
819.8186	874.69757
819.83069	872.78534
819.84283	871.612
819.85492	874.0235
819.867	874.70789
819.87909	872.74213
819.89117	873.65234
819.90326	875.31427
819.91534	873.92682
819.92743	873.59277
819.93951	872.14453
819.95166	871.52728
819.96375	870.99841
819.97583	871.09863
819.98792	873.38892
820	872.96979
