800.14508	874.85358
800.15717	872.90411
800.16931	874.77606
800.1814	873.54321
800.19348	871.04358
800.20557	875.06421
800.21765	873.91522
800.22974	872.27209
800.24182	875.21436
800.25391	875.58185
800.26605	871.92969
800.27814	876.21832
800.29022	875.31726
800.30231	870.36359
800.31439	871.6748
800.32648	873.2796
800.33856	872.30475
800.35065	875.34552
800.36273	874.49994
800.37488	874.63239
800.38696	874.08087
800.39905	874.98828
800.41113	875.33221
800.42322	874.40094
800.4353	874.84271
800.44739	873.17554
800.45947	874.09869
800.47156	875.05865
800.4837	874.29608
800.49579	873.80823
800.50787	875.11133
800.51996	876.19806
800.53204	874.98206
800.54413	875.48669
800.55621	876.10431
800.5683	875.19305
800.58038	876.00818
800.59253	875.70715
800.60461	873.22803
800.6167	873.35809
800.62878	876.22418
800.64087	871.79291
800.65295	876.00403
800.66504	874.32855
800.67712	873.34344
800.68921	874.77948
800.70135	873.49799
800.71344	875.47382
800.72552	874.61572
800.73761	876.04016
800.74969	875.15906
800.76178	873.96771
800.77386	873.46259
800.78595	875.39215
800.7981	876.44891
800.81018	876.091
800.82227	875.26056
800.83435	874.44781
800.84644	874.55884
800.85852	875.06738
800.87061	874.53674
800.88269	871.49658
800.89478	868.72791
800.90692	871.73102
800.91901	874.55377
800.93109	873.39557
800.94318	874.09253
800.95526	874.65021
800.96735	872.81897
800.97943	874.85272
800.99152	873.3078
801.0036	874.58313
801.01575	875.92896
801.02783	874.10773
801.03992	872.46326
801.052	874.81097
801.06409	874.74304
801.07617	873.31384
801.08826	875.68732
801.10034	876.37537
801.11243	873.11151
801.12457	872.88318
801.13666	875.01874
801.14874	874.07013
801.16083	873.91138
801.17291	873.25513
801.185	872.5545
801.19708	874.33942
801.20917	874.1955
801.22125	873.11072
801.2334	873.94196
801.24548	872.70935
801.25757	870.93628
801.26965	874.24915
801.28174	876.2832
801.29382	875.92114
801.30591	874.13641
801.31799	875.24585
801.33014	874.50653
801.34222	876.5954
801.35431	875.90118
801.36639	871.03497
801.37848	871.87897
801.39056	873.82904
801.40265	875.78064
801.41473	874.25635
801.42682	873.73566
801.43896	869.44318
801.45105	874.01215
801.46313	875.93292
801.47522	876.3974
801.4873	876.6123
801.49939	875.36487
801.51147	875.81763
801.52356	875.88574
801.53564	874.0506
801.54779	872.98492
801.55988	873.60284
801.57196	874.59119
801.58405	874.84772
801.59613	873.28656
801.60822	872.4317
801.6203	874.76038
801.63239	874.06769
801.64447	874.68396
801.65662	872.61353
801.6687	872.55243
801.68079	872.25397
801.69287	873.8479
801.70496	875.14685
801.71704	873.72711
801.72913	874.69135
801.74121	875.33838
801.7533	874.00226
801.76544	874.93811
801.77753	871.96643
801.78961	873.91284
801.8017	872.32959
801.81378	873.28632
801.82587	872.63983
801.83795	875.07343
801.85004	873.81805
801.86218	873.38885
801.87427	875.55499
801.88635	874.7359
801.89844	874.83221
801.91052	874.14734
801.92261	873.65302
801.93469	874.11298
801.94678	874.41217
801.95886	874.49194
801.97101	874.47888
801.98309	874.75885
801.99518	874.43024
802.00726	875.43158
802.01935	875.12933
802.03143	874.12012
802.04352	874.53296
802.0556	874.20154
802.06769	874.0022
802.07983	874.0752
802.09192	873.21716
802.104	875.34344
802.11609	875.7771
802.12817	873.06104
802.14026	874.9353
802.15234	875.90002
802.16443	873.4317
802.17651	874.18787
802.18866	871.62714
802.20074	876.95386
802.21283	872.46063
802.22491	872.8559
802.237	872.06152
802.24908	872.85034
802.26117	875.90649
802.27325	874.5202
802.28534	873.51001
802.29749	874.05493
802.30957	872.95221
802.32166	873.53253
802.33374	874.14484
802.34583	873.30469
802.35791	874.10168
802.37	874.7074
802.38208	873.50946
802.39423	874.81567
802.40631	876.78552
802.4184	874.35474
802.43048	873.22552
802.44257	874.31409
802.45465	874.03326
802.46674	874.26392
802.47882	871.47559
802.49091	873.90173
802.50305	875.12665
802.51514	874.49567
802.52722	875.73804
802.53931	876.24341
802.55139	875.13812
802.56348	878.23273
802.57556	875.05841
802.58765	873.02142
802.59973	873.00793
802.61188	873.31238
802.62396	876.49921
802.63605	877.80688
802.64813	874.10785
802.66022	873.00433
802.6723	872.67657
802.68439	871.6192
802.69647	875.57507
802.70856	876.82092
802.7207	874.43896
802.73279	874.56213
802.74487	874.45319
802.75696	875.11249
802.76904	874.68585
802.78113	873.9975
802.79321	876.12903
802.8053	875.3819
802.81738	874.2619
802.82953	874.99237
802.84161	874.21918
802.8537	873.34863
802.86578	871.72827
802.87787	875.66571
802.88995	875.7132
802.90204	874.96637
802.91412	872.5752
802.92627	873.04626
802.93835	873.0108
802.95044	875.78064
802.96252	874.01312
802.97461	870.8252
802.98669	872.586
802.99878	874.70074
803.01086	874.96136
803.02295	873.94763
803.0351	874.60876
803.04718	873.62628
803.05927	874.87238
803.07135	874.69879
803.08344	876.11145
803.09552	876.57037
803.1076	872.89905
803.11969	874.23608
803.13177	875.65131
803.14392	873.08258
803.15601	876.24756
803.16809	876.56787
803.18018	874.9187
803.19226	873.59924
803.20435	872.45648
803.21643	873.86938
803.22852	873.216
803.2406	874.30731
803.25275	876.35101
803.26483	876.28339
803.27692	875.11841
803.289	874.68207
803.30109	876.08557
803.31317	876.42877
803.32526	873.46338
803.33734	870.76477
803.34943	872.00519
803.36157	875.27966
803.37366	876.18695
803.38574	874.59119
803.39783	874.75256
803.40991	874.73499
803.422	873.54071
803.43408	875.91962
803.44617	875.52313
803.45831	875.25391
803.4704	875.69806
803.48248	872.90735
803.49457	874.10712
803.50665	876.35004
803.51874	875.43152
803.53082	875.89331
803.54291	873.63879
803.55499	872.76465
803.56714	875.711
803.57922	876.38666
803.59131	874.62769
803.60339	875.61902
803.61548	875.83636
803.62756	873.84772
803.63965	874.56213
803.65173	874.03876
803.66382	874.29364
803.67596	874.88922
803.68805	875.42487
803.70013	870.36737
803.71222	875.5354
803.7243	878.0871
803.73639	875.30884
803.74847	875.4314
803.76056	875.58484
803.77264	875.56549
803.78479	875.51093
803.79688	875.08875
803.80896	875.84998
803.82104	876.88647
803.83313	876.04095
803.84521	874.13129
803.8573	874.76477
803.86938	877.03333
803.88147	876.03857
803.89362	875.54266
803.9057	876.45239
803.91779	874.75708
803.92987	873.14996
803.94196	875.83838
803.95404	876.68402
803.96613	876.35278
803.97821	875.0155
803.99036	876.31311
804.00244	876.40045
804.01453	875.20917
804.02661	873.54736
804.0387	875.06799
804.05078	876.03088
804.06287	876.32031
804.07495	876.44897
804.08704	875.94318
804.09918	875.42688
804.11127	876.66803
804.12335	875.97058
804.13544	875.25983
804.14752	876.02551
804.15961	874.37299
804.17169	873.14313
804.18378	874.71277
804.19586	876.74329
804.20801	873.99243
804.22009	875.58752
804.23218	873.59412
804.24426	873.95618
804.25635	876.78021
804.26843	876.1131
804.28052	874.8476
804.2926	876.07074
804.30469	876.50952
804.31683	875.99097
804.32892	875.75336
804.341	875.52893
804.35309	874.61151
804.36517	875.59546
804.37726	875.84839
804.38934	875.34436
804.40143	875.65906
804.41351	876.60333
804.42566	876.37488
804.43774	876.44989
804.44983	876.95862
804.46191	876.80988
804.474	876.64526
804.48608	877.29083
804.49817	877.64087
804.51025	876.80261
804.5224	876.53149
804.53448	874.69055
804.54657	876.552
804.55865	877.74921
804.57074	877.15723
804.58282	876.60571
804.59491	876.09186
804.60699	875.46307
804.61908	876.35712
804.63123	876.53412
804.64331	876.17731
804.6554	876.82214
804.66748	874.98822
804.67957	875.05243
804.69165	875.71216
804.70374	877.56873
804.71582	876.20911
804.72791	878.07202
804.74005	873.80273
804.75214	875.19281
804.76422	875.99902
804.77631	876.21698
804.78839	875.98358
804.80048	876.48218
804.81256	875.11157
804.82465	877.86871
804.83673	877.56146
804.84888	878.0365
804.86096	879.29559
804.87305	879.1618
804.88513	875.37628
804.89722	875.58185
804.9093	879.81842
804.92139	874.81171
804.93347	876.61188
804.94556	876.04401
804.9577	877.32965
804.96979	878.02246
804.98187	875.79449
804.99396	877.13696
805.00604	877.63269
805.01813	878.7663
805.03021	878.80823
805.0423	876.45624
805.05444	876.13635
805.06653	876.11005
805.07861	875.75574
805.0907	877.67584
805.10278	877.25214
805.11487	877.42035
805.12695	879.36237
805.13904	877.33191
805.15112	876.03119
805.16327	877.68152
805.17535	877.62549
805.18744	879.01996
805.19952	879.02161
805.21161	877.10345
805.22369	879.07593
805.23578	879.3338
805.24786	879.97644
805.25995	879.62225
805.27209	878.58099
805.28418	876.97461
805.29626	878.04309
805.30835	877.28375
805.32043	877.10059
805.33252	879.33801
805.3446	879.78064
805.35669	877.90808
805.36877	877.20624
805.38092	876.29736
805.39301	877.03558
805.40509	876.4118
805.41718	879.0874
805.42926	878.74261
805.44135	878.95428
805.45343	879.24152
805.46552	878.24207
805.4776	878.31201
805.48975	877.37103
805.50183	876.91168
805.51392	877.12982
805.526	873.19629
805.53809	877.21265
805.55017	878.53223
805.56226	878.25897
805.57434	876.34723
805.58649	875.81885
805.59857	877.61926
805.61066	877.97589
805.62274	879.57104
805.63483	880.25757
805.64691	878.57172
805.659	879.62238
805.67108	877.30164
805.68317	878.5799
805.69531	877.8363
805.7074	878.75494
805.71948	879.75269
805.73157	876.19092
805.74365	874.97583
805.75574	878.69794
805.76782	876.62878
805.77991	878.13135
805.79199	879.89368
805.80414	880.82336
805.81622	882.10297
805.82831	877.29828
805.84039	878.13232
805.85248	880.26978
805.86456	877.75641
805.87665	881.29919
805.88873	880.97339
805.90082	879.30743
805.91296	878.54877
805.92505	878.36523
805.93713	878.883
805.94922	881.32709
805.9613	881.23572
805.97339	880.36957
805.98547	882.75006
805.99756	880.59821
806.00964	879.33313
806.02179	880.43787
806.03387	881.9491
806.04596	882.3006
806.05804	881.37738
806.07013	882.2525
806.08221	880.10675
806.0943	879.97424
806.10638	881.2804
806.11853	880.78479
806.13062	881.41803
806.1427	880.67889
806.15479	877.89252
806.16687	878.98859
806.17896	880.59143
806.19104	879.7486
806.20313	879.58551
806.21521	880.90924
806.22736	882.83862
806.23944	883.04724
806.25153	882.43719
806.26361	881.18304
806.2757	881.75708
806.28778	882.46576
806.29987	881.36591
806.31195	880.95074
806.32404	882.28845
806.33618	882.8595
806.34827	884.81445
806.36035	884.36658
806.37244	884.02966
806.38452	883.26788
806.39661	882.65118
806.40869	883.36542
806.42078	881.29456
806.43286	882.05939
806.44501	882.49738
806.45709	883.53326
806.46918	882.89172
806.48126	882.79535
806.49335	882.54413
806.50543	881.3266
806.51752	880.8468
806.5296	880.67523
806.54169	880.08246
806.55383	880.02258
806.56592	880.02155
806.578	881.53284
806.59009	880.20123
806.60217	881.39526
806.61426	880.97131
806.62634	883.96356
806.63843	880.85797
806.65057	882.57227
806.66266	883.91315
806.67474	883.43591
806.68683	885.51801
806.69891	885.03278
806.711	885.1853
806.72308	883.93146
806.73517	886.12256
806.74725	884.61749
806.7594	885.25946
806.77148	885.63068
806.78357	885.48169
806.79565	883.32117
806.80774	883.62262
806.81982	883.91541
806.83191	886.51801
806.84399	884.69995
806.85608	884.16302
806.86823	887.59943
806.88031	884.22223
806.8924	880.93488
806.90448	883.07404
806.91656	882.79205
806.92865	886.49615
806.94073	885.07806
806.95282	886.05273
806.9649	883.20569
806.97705	884.65625
806.98914	886.17694
807.00122	886.24365
807.01331	886.38043
807.02539	885.77356
807.03748	884.53046
807.04956	886.94904
807.06165	885.2804
807.07373	886.26544
807.08588	882.45654
807.09796	886.37549
807.11005	887.6825
807.12213	885.58344
807.13422	888.04297
807.1463	889.91577
807.15839	887.58246
807.17047	888.54559
807.18262	888.14337
807.1947	889.37274
807.20679	888.18628
807.21887	884.40741
807.23096	891.14166
807.24304	889.88885
807.25513	889.28137
807.26721	891.13794
807.2793	891.52997
807.29144	884.20807
807.30353	889.59814
807.31561	890.18756
807.3277	889.49561
807.33978	889.82605
807.35187	885.69781
807.36395	892.36731
807.37604	888.86029
807.38812	890.47913
807.40027	890.19556
807.41235	891.31543
807.42444	891.32117
807.43652	891.11865
807.44861	889.3858
807.46069	893.02826
807.47278	889.8797
807.48486	892.35718
807.49695	892.42371
807.50909	889.53192
807.52118	890.15942
807.53326	892.34698
807.54535	895.33148
807.55743	895.17487
807.56952	892.49408
807.5816	891.94177
807.59369	891.71869
807.60577	891.87317
807.61792	893.26233
807.63	893.28351
807.64209	890.51923
807.65417	894.99146
807.66626	897.77374
807.67834	892.64148
807.69043	893.63489
807.70251	893.29626
807.71466	895.55652
807.72675	896.27948
807.73883	897.33118
807.75092	897.01984
807.763	894.96948
807.77509	893.74426
807.78717	895.87128
807.79926	897.15167
807.81134	896.05719
807.82349	899.64227
807.83557	897.94031
807.84766	898.03363
807.85974	895.4054
807.87183	896.16187
807.88391	898.5752
807.896	899.86084
807.90808	900.81714
807.92017	899.06165
807.93231	899.06287
807.9444	899.73749
807.95648	898.52386
807.96857	900.97986
807.98065	900.21375
807.99274	898.79279
808.00482	902.77899
808.01691	901.56989
808.02899	902.46863
808.04114	899.61731
808.05322	903.29272
808.06531	905.98792
808.07739	904.16901
808.08948	901.71191
808.10156	902.84149
808.11365	903.45599
808.12573	901.05603
808.13782	903.04138
808.14996	903.14319
808.16205	905.68304
808.17413	905.56396
808.18622	906.24854
808.1983	908.00763
808.21039	908.37299
808.22247	905.60516
808.23456	907.41718
808.2467	910.60034
808.25879	908.54468
808.27087	906.0235
808.28296	907.29773
808.29504	909.87561
808.30713	911.49768
808.31921	909.91895
808.3313	905.8429
808.34338	911.48199
808.35553	908.2348
808.36761	914.67633
808.3797	912.49512
808.39178	913.07465
808.40387	914.39783
808.41595	911.07721
808.42804	912.45172
808.44012	916.4928
808.45221	911.9043
808.46436	917.62231
808.47644	918.2616
808.48853	918.28253
808.50061	918.37207
808.5127	917.14038
808.52478	918.91705
808.53687	917.66949
808.54895	917.30139
808.56104	921.95984
808.57318	918.10425
808.58527	918.98767
808.59735	920.1402
808.60944	918.56659
808.62152	923.84418
808.63361	920.10999
808.64569	922.01178
808.65778	917.57135
808.66986	929.46466
808.68201	925.45056
808.69409	927.24921
808.70618	928.47626
808.71826	924.35669
808.73035	928.00012
808.74243	930.64386
808.75452	930.85004
808.7666	932.4126
808.77875	929.60492
808.79083	935.82349
808.80292	930.38458
808.815	934.51099
808.82709	941.75146
808.83917	936.4552
808.85126	938.58838
808.86334	941.47119
808.87543	938.13202
808.88757	937.03876
808.89966	939.25275
808.91174	938.4386
808.92383	940.75287
808.93591	950.13422
808.948	941.3313
808.96008	944.95087
808.97217	950.49213
808.98425	947.69745
808.9964	948.37543
809.00848	947.5271
809.02057	948.11029
809.03265	951.03156
809.04474	950.65295
809.05682	954.39209
809.06891	953.40063
809.08099	956.71582
809.09308	957.31238
809.10522	960.29309
809.11731	963.57312
809.12939	963.45691
809.14148	963.13245
809.15356	964.69727
809.16565	964.44641
809.17773	970.73462
809.18982	971.79169
809.2019	976.55743
809.21405	970.45264
809.22614	967.59808
809.23822	969.75806
809.25031	977.45288
809.26239	971.74036
809.27448	977.302
809.28656	980.3139
809.29865	981.20746
809.31079	981.12408
809.32288	985.92206
809.33496	983.39185
809.34705	990.78497
809.35913	991.56689
809.37122	989.11902
809.3833	994.08081
809.39539	991.69879
809.40747	992.76984
809.41962	999.09686
809.4317	1004.2949
809.44379	1004.8354
809.45587	1004.6018
809.46796	1005.2626
809.48004	1007.158
809.49213	1016.4095
809.50421	1016.0018
809.5163	1018.2005
809.52844	1016.3967
809.54053	1020.7648
809.55261	1021.8976
809.5647	1025.5851
809.57678	1032.4152
809.58887	1033.5491
809.60095	1030.9841
809.61304	1030.1681
809.62512	1040.1163
809.63727	1051.4771
809.64935	1053.0615
809.66144	1053.0807
809.67352	1051.2817
809.68561	1058.3229
809.69769	1064.7593
809.70978	1068.545
809.72186	1066.8048
809.73395	1073.1964
809.74609	1075.7507
809.75818	1076.5472
809.77026	1076.781
809.78235	1087.0249
809.79443	1102.2826
809.80652	1102.7209
809.8186	1106.7539
809.83069	1116.1533
809.84283	1117.8806
809.85492	1122.0911
809.867	1127.8225
809.87909	1137.6526
809.89117	1140.7565
809.90326	1147.5769
809.91534	1156.293
809.92743	1169.5371
809.93951	1170.0826
809.95166	1173.3789
809.96375	1180.9082
809.97583	1189.7606
809.98792	1190.1874
810	1211.7185
810.01208	1216.5281
810.02417	1220.1417
810.03625	1226.9073
810.04834	1240.0927
810.06049	1241.1869
810.07257	1253.1182
810.08466	1264.9526
810.09674	1271.5586
810.10883	1272.2748
810.12091	1275.9152
810.133	1280.738
810.14508	1299.1989
810.15717	1321.0181
810.16931	1314.1243
810.1814	1331.4713
810.19348	1345.0916
810.20557	1363.2742
810.21765	1372.8934
810.22974	1375.0024
810.24182	1395.9858
810.25391	1394.5603
810.26605	1428.7362
810.27814	1423.9227
810.29022	1424.4263
810.30231	1430.0544
810.31439	1439.9941
810.32648	1441.2692
810.33856	1443.0844
810.35065	1454.1329
810.36273	1459.1586
810.37488	1462.7797
810.38696	1457.7316
810.39905	1462.3668
810.41113	1474.132
810.42322	1458.0933
810.4353	1461.5673
810.44739	1443.9937
810.45947	1445.9313
810.47156	1446.3766
810.4837	1442.6493
810.49579	1433.6378
810.50787	1428.6115
810.51996	1425.9348
810.53204	1424.8425
810.54413	1423.3064
810.55621	1408.375
810.5683	1407.6228
810.58038	1394.2998
810.59253	1383.1072
810.60461	1369.8771
810.6167	1364.6475
810.62878	1363.0552
810.64087	1351.6593
810.65295	1342.526
810.66504	1332.39
810.67712	1323.3066
810.68921	1307.7881
810.70135	1295.6331
810.71344	1295.1687
810.72552	1287.547
810.73761	1272.2269
810.74969	1278.3267
810.76178	1264.6276
810.77386	1251.8165
810.78595	1244.6779
810.7981	1230.0643
810.81018	1214.0605
810.82227	1216.5981
810.83435	1206.0355
810.84644	1192.4401
810.85852	1193.1575
810.87061	1174.9861
810.88269	1174.6421
810.89478	1173.3209
810.90692	1163.7473
810.91901	1155.7778
810.93109	1153.3527
810.94318	1143.0104
810.95526	1145.412
810.96735	1140.4705
810.97943	1124.2054
810.99152	1122.9478
811.0036	1118.9053
811.01575	1116.0242
811.02783	1111.8444
811.03992	1107.6206
811.052	1111.0143
811.06409	1109.2131
811.07617	1103.0499
811.08826	1097.9226
811.10034	1103.522
811.11243	1105.8881
811.12457	1099.6903
811.13666	1100.2389
811.14874	1103.3517
811.16083	1102.9989
811.17291	1100.8586
811.185	1098.8535
811.19708	1111.14
811.20917	1109.723
811.22125	1109.4796
811.2334	1109.9506
811.24548	1111.7371
811.25757	1113.3301
811.26965	1121.5238
811.28174	1126.5654
811.29382	1131.1123
811.30591	1136.7208
811.31799	1131.1522
811.33014	1128.4777
811.34222	1135.9398
811.35431	1145.1722
811.36639	1146.0638
811.37848	1149.5403
811.39056	1159.2018
811.40265	1157.6656
811.41473	1165.1438
811.42682	1170.2455
811.43896	1172.2643
811.45105	1174.7886
811.46313	1180.474
811.47522	1191.1407
811.4873	1197.8291
811.49939	1206.1644
811.51147	1214.5989
811.52356	1221.6638
811.53564	1233.5342
811.54779	1244.0151
811.55988	1248.4236
811.57196	1254.6519
811.58405	1271.6769
811.59613	1275.6785
811.60822	1281.4504
811.6203	1297.0178
811.63239	1308.8586
811.64447	1308.6758
811.65662	1313.1387
811.6687	1333.4832
811.68079	1340.4009
811.69287	1342.3635
811.70496	1365.9666
811.71704	1390.2421
811.72913	1396.0842
811.74121	1410.8351
811.7533	1437.0031
811.76544	1448.598
811.77753	1466.4586
811.78961	1486.1305
811.8017	1508.8027
811.81378	1525.1152
811.82587	1544.6998
811.83795	1569.2823
811.85004	1586.802
811.86218	1614.452
811.87427	1641.6654
811.88635	1658.4648
811.89844	1680.5792
811.91052	1718.489
811.92261	1749.4762
811.93469	1775.6257
811.94678	1807.9108
811.95886	1835.6879
811.97101	1863.8845
811.98309	1906.3904
811.99518	1948.2224
812.00726	1980.7903
812.01935	2001.2894
812.03143	2033.4878
812.04352	2063.739
812.0556	2095.5417
812.06769	2140.5742
812.07983	2200.4009
812.09192	2228.8777
812.104	2260.761
812.11609	2296
812.12817	2346.3511
812.14026	2368.6514
812.15234	2432.4551
812.16443	2456.5872
812.17651	2479.6667
812.18866	2512.386
812.20074	2548.7412
812.21283	2573.6733
812.22491	2578.7798
812.237	2604.7483
812.24908	2637.7729
812.26117	2637.5527
812.27325	2637.6582
812.28534	2638.5073
812.29749	2616.1538
812.30957	2580.6252
812.32166	2587.2542
812.33374	2575.1501
812.34583	2571.4573
812.35791	2551.0098
812.37	2548.2896
812.38208	2550.4692
812.39423	2518.9111
812.40631	2480.5471
812.4184	2458.1011
812.43048	2428.3625
812.44257	2417.3875
812.45465	2414.6138
812.46674	2393.6606
812.47882	2371.7568
812.49091	2318.6296
812.50305	2288.7012
812.51514	2270.8127
812.52722	2227.7361
812.53931	2181.3896
812.55139	2149.283
812.56348	2133.1079
812.57556	2117.0264
812.58765	2071.0476
812.59973	2035.8828
812.61188	2007.6871
812.62396	1986.5762
812.63605	1953.1244
812.64813	1944.7603
812.66022	1910.9696
812.6723	1870.8053
812.68439	1850.1766
812.69647	1827.4373
812.70856	1795.5028
812.7207	1778.7266
812.73279	1759.2362
812.74487	1740.5017
812.75696	1714.0938
812.76904	1693.9471
812.78113	1668.5729
812.79321	1657.9152
812.8053	1625.8523
812.81738	1627.1453
812.82953	1612.2491
812.84161	1590.1074
812.8537	1571.5308
812.86578	1548.6432
812.87787	1545.3726
812.88995	1523.0247
812.90204	1506.1626
812.91412	1499.2595
812.92627	1497.4316
812.93835	1474.5837
812.95044	1467.1892
812.96252	1463.5835
812.97461	1448.4506
812.98669	1430.0625
812.99878	1429.6932
813.01086	1434.1228
813.02295	1408.7474
813.0351	1409.6791
813.04718	1391.3633
813.05927	1391.9822
813.07135	1392.8715
813.08344	1368.2163
813.09552	1365.5446
813.1076	1361.958
813.11969	1356.0144
813.13177	1349.285
813.14392	1347.2225
813.15601	1338.6333
813.16809	1324.1815
813.18018	1314.4569
813.19226	1306.6989
813.20435	1297.5551
813.21643	1296.6774
813.22852	1297.6089
813.2406	1294.5692
813.25275	1289.9282
813.26483	1289.3573
813.27692	1275.6887
813.289	1274.6813
813.30109	1270.6031
813.31317	1271.5289
813.32526	1268.3348
813.33734	1265.5256
813.34943	1260.9788
813.36157	1249.4711
813.37366	1247.5892
813.38574	1243.0583
813.39783	1241.8104
813.40991	1247.5602
813.422	1233.6731
813.43408	1224.6017
813.44617	1223.417
813.45831	1223.0737
813.4704	1224.0642
813.48248	1216.5494
813.49457	1221.782
813.50665	1219.063
813.51874	1215.9012
813.53082	1206.8975
813.54291	1198.7871
813.55499	1208.1328
813.56714	1208.0029
813.57922	1195.8329
813.59131	1196.2192
813.60339	1184.8485
813.61548	1173.6454
813.62756	1190.8289
813.63965	1189.6383
813.65173	1175.9299
813.66382	1166.8578
813.67596	1169.0089
813.68805	1172.5624
813.70013	1170.3894
813.71222	1170.8322
813.7243	1165.8414
813.73639	1164.1488
813.74847	1153.1062
813.76056	1150.8318
813.77264	1152.0598
813.78479	1155.6078
813.79688	1154.774
813.80896	1152.613
813.82104	1157.0844
813.83313	1155.2715
813.84521	1141.0732
813.8573	1145.5316
813.86938	1158.3828
813.88147	1148.9836
813.89362	1149.2114
813.9057	1149.1233
813.91779	1148.5919
813.92987	1150.7578
813.94196	1148.9171
813.95404	1148.0155
813.96613	1149.3346
813.97821	1149.7661
813.99036	1142.9502
814.00244	1150.3326
814.01453	1162.2001
814.02661	1167.4553
814.0387	1160.6327
814.05078	1155.767
814.06287	1162.8453
814.07495	1175.4431
814.08704	1174.9463
814.09918	1183.2874
814.11127	1190.1226
814.12335	1191.5336
814.13544	1196.1909
814.14752	1209.1102
814.15961	1219.2767
814.17169	1221.6216
814.18378	1226.9125
814.19586	1228.0961
814.20801	1242.4065
814.22009	1256.5836
814.23218	1262.2728
814.24426	1264.795
814.25635	1270.6067
814.26843	1286.4891
814.28052	1300.8113
814.2926	1314.4923
814.30469	1313.9215
814.31683	1322.2671
814.32892	1332.4476
814.341	1358.0428
814.35309	1361.3551
814.36517	1374.7037
814.37726	1391.3065
814.38934	1404.5457
814.40143	1418.9244
814.41351	1428.0648
814.42566	1438.1433
814.43774	1458.0997
814.44983	1453.1699
814.46191	1482.225
814.474	1498.7749
814.48608	1520.1515
814.49817	1532.8738
814.51025	1548.4606
814.5224	1561.5402
814.53448	1579.1958
814.54657	1599.3347
814.55865	1616.8058
814.57074	1646.9592
814.58282	1664.7513
814.59491	1696.5625
814.60699	1711.8401
814.61908	1746.7323
814.63123	1771.5068
814.64331	1787.329
814.6554	1819.2452
814.66748	1848.0854
814.67957	1870.9661
814.69165	1912.6925
814.70374	1955.0726
814.71582	1957.2944
814.72791	2022.4741
814.74005	2048.9766
814.75214	2070.5146
814.76422	2121.6858
814.77631	2163.4822
814.78839	2179.9365
814.80048	2260.7471
814.81256	2299.2095
814.82465	2340.9263
814.83673	2384.3167
814.84888	2456.5696
814.86096	2519.9521
814.87305	2588.6028
814.88513	2648.7087
814.89722	2709.9202
814.9093	2790.5991
814.92139	2859.8735
814.93347	2955.6121
814.94556	3032.9714
814.9577	3108.0459
814.96979	3221.4146
814.98187	3350.8357
814.99396	3426.6765
815.00604	3545.6233
815.01813	3637.4717
815.03021	3720.6877
815.0423	3832.0828
815.05444	3974.5103
815.06653	4169.9009
815.07861	4336.3418
815.0907	4522.5352
815.10278	4740.7646
815.11487	4968.2305
815.12695	5196.252
815.13904	5447.3765
815.15112	5671.7437
815.16327	5931.9629
815.17535	6310.1138
815.18744	6644.5869
815.19952	6926.4653
815.21161	7264.9258
815.22369	7589.9219
815.23578	7917.4375
815.24786	8295.8232
815.25995	8625.7227
815.27209	8871.5703
815.28418	9089.835
815.29626	9270.3223
815.30835	9454.1592
815.32043	9641.1426
815.33252	9715.4951
815.3446	9717.5928
815.35669	9623.4668
815.36877	9518.999
815.38092	9276.8682
815.39301	9004.5498
815.40509	8787.5264
815.41718	8501.5088
815.42926	8115.8218
815.44135	7743.6948
815.45343	7392.021
815.46552	7072.25
815.4776	6717.3184
815.48975	6334.4414
815.50183	5921.1597
815.51392	5603.2876
815.526	5230.5581
815.53809	4953.7192
815.55017	4650.8877
815.56226	4401.1616
815.57434	4126.6211
815.58649	3867.8359
815.59857	3712.3035
815.61066	3496.9028
815.62274	3327.0056
815.63483	3134.7004
815.64691	2982.7219
815.659	2842.8438
815.67108	2738.1025
815.68317	2607.2417
815.69531	2485.0457
815.7074	2411.1199
815.71948	2300.6985
815.73157	2189.5212
815.74365	2109.1887
815.75574	2062.157
815.76782	1978.366
815.77991	1932.1914
815.79199	1843.0773
815.80414	1793.0955
815.81622	1745.5868
815.82831	1700.4954
815.84039	1656.2052
815.85248	1625.8785
815.86456	1587.2982
815.87665	1545.7406
815.88873	1509.5403
815.90082	1479.4163
815.91296	1460.9324
815.92505	1435.8655
815.93713	1401.7701
815.94922	1368.4468
815.9613	1345.8773
815.97339	1327.5925
815.98547	1298.1711
815.99756	1281.0272
816.00964	1260.5107
816.02179	1242.3218
816.03387	1239.0626
816.04596	1235.1398
816.05804	1221.7673
816.07013	1195.3051
816.08221	1182.6907
816.0943	1165.4635
816.10638	1162.1342
816.11853	1151.4337
816.13062	1137.4086
816.1427	1128.4878
816.15479	1112.5984
816.16687	1115.5031
816.17896	1109.918
816.19104	1095.9008
816.20313	1091.9368
816.21521	1087.809
816.22736	1064.2173
816.23944	1062.3442
816.25153	1064.8193
816.26361	1049.8496
816.2757	1043.1796
816.28778	1040.6958
816.29987	1030.3862
816.31195	1031.6394
816.32404	1023.23
816.33618	1023.679
816.34827	1015.3285
816.36035	1007.44
816.37244	1010.4624
816.38452	1002.2781
816.39661	1009.6893
816.40869	998.98059
816.42078	989.89478
816.43286	988.81964
816.44501	986.68353
816.45709	985.92621
816.46918	976.97174
816.48126	971.88025
816.49335	977.66962
816.50543	963.76331
816.51752	964.44794
816.5296	958.10541
816.54169	962.19647
816.55383	957.86908
816.56592	957.8866
816.578	951.65991
816.59009	950.60596
816.60217	947.23572
816.61426	946.07819
816.62634	950.47443
816.63843	947.84521
816.65057	942.48914
816.66266	939.41583
816.67474	937.62457
816.68683	935.01825
816.69891	934.81604
816.711	936.52118
816.72308	936.66412
816.73517	935.47021
816.74725	935.40918
816.7594	932.96167
816.77148	923.87207
816.78357	921.55005
816.79565	924.35858
816.80774	927.65051
816.81982	926.90155
816.83191	922.82874
816.84399	916.90204
816.85608	918.11615
816.86823	920.9538
816.88031	922.32001
816.8924	916.67944
816.90448	910.90009
816.91656	913.09198
816.92865	910.14813
816.94073	909.71588
816.95282	911.3067
816.9649	910.77325
816.97705	909.80444
816.98914	909.64032
817.00122	907.43915
817.01331	907.5575
817.02539	909.26141
817.03748	902.94519
817.04956	903.30389
817.06165	904.599
817.07373	909.50128
817.08588	909.34491
817.09796	907.49036
817.11005	901.02081
817.12213	901.53406
817.13422	901.25739
817.1463	899.34149
817.15839	898.66968
817.17047	901.48529
817.18262	901.26978
817.1947	901.1015
817.20679	899.69366
817.21887	897.08575
817.23096	893.20166
817.24304	895.039
817.25513	896.30505
817.26721	897.29376
817.2793	896.98444
817.29144	895.34778
817.30353	893.79309
817.31561	894.65863
817.3277	896.63879
817.33978	891.86896
817.35187	892.49707
817.36395	896.66351
817.37604	892.76361
817.38812	895.62518
817.40027	892.315
817.41235	892.58301
817.42444	892.55096
817.43652	894.16138
817.44861	890.34857
817.46069	888.35748
817.47278	897.27655
817.48486	892.82782
817.49695	895.17932
817.50909	889.67719
817.52118	887.89679
817.53326	891.30481
817.54535	890.85974
817.55743	890.62024
817.56952	889.30969
817.5816	890.08496
817.59369	893.9101
817.60577	890.06067
817.61792	886.034
817.63	888.97559
817.64209	885.38104
817.65417	882.49335
817.66626	882.04163
817.67834	883.50378
817.69043	884.87006
817.70251	886.09674
817.71466	884.96887
817.72675	884.32971
817.73883	884.66608
817.75092	885.88763
817.763	885.75702
817.77509	885.84387
817.78717	885.40613
817.79926	882.07623
817.81134	886.13037
817.82349	886.98456
817.83557	888.5755
817.84766	886.80066
817.85974	882.62665
817.87183	879.59662
817.88391	881.41504
817.896	881.26392
817.90808	888.54639
817.92017	882.35583
817.93231	886.06195
817.9444	885.43402
817.95648	883.76508
817.96857	879.08215
817.98065	884.08636
817.99274	880.87781
818.00482	882.56903
818.01691	882.14911
818.02899	882.75702
818.04114	883.72113
818.05322	882.44446
818.06531	882.78967
818.07739	881.56451
818.08948	881.03851
818.10156	881.50311
818.11365	881.73639
818.12573	879.74359
818.13782	882.66949
818.14996	881.17377
818.16205	878.90802
818.17413	881.56592
818.18622	883.76593
818.1983	881.76068
818.21039	882.11951
818.22247	884.42365
818.23456	879.91205
818.2467	879.77051
818.25879	884.02802
818.27087	880.22839
818.28296	879.1062
818.29504	877.19391
818.30713	880.32794
818.31921	877.58868
818.3313	879.62286
818.34338	880.42059
818.35553	883.12567
818.36761	878.58746
818.3797	876.99207
818.39178	883.13745
818.40387	877.80511
818.41595	879.52454
818.42804	880.7818
818.44012	881.58832
818.45221	879.26831
818.46436	881.70544
818.47644	880.17267
818.48853	878.35889
818.50061	880.69769
818.5127	880.15497
818.52478	881.22113
818.53687	881.82587
818.54895	880.57263
818.56104	881.32361
818.57318	882.51086
818.58527	880.84106
818.59735	878.87506
818.60944	877.39532
818.62152	875.4718
818.63361	876.6911
818.64569	878.97937
818.65778	880.75043
818.66986	881.38184
818.68201	880.0528
818.69409	881.51697
818.70618	878.54089
818.71826	877.8075
818.73035	877.78021
818.74243	878.11572
818.75452	880.38104
818.7666	879.37549
818.77875	873.83154
818.79083	876.87836
818.80292	877.33832
818.815	876.38123
818.82709	877.2804
818.83917	880.70789
818.85126	879.63385
818.86334	879.85181
818.87543	879.50385
818.88757	880.70532
818.89966	880.94922
818.91174	878.69019
818.92383	879.01282
818.93591	879.57269
818.948	877.16473
818.96008	879.51416
818.97217	880.53632
818.98425	878.9563
818.9964	876.87109
819.00848	880.22906
819.02057	878.40155
819.03265	882.5199
819.04474	878.77228
819.05682	877.78876
819.06891	878.38849
819.08099	876.30719
819.09308	882.72522
819.10522	878.38391
819.11731	877.1507
819.12939	878.09106
819.14148	881.09491
819.15356	882.32385
819.16565	876.76733
819.17773	878.13495
819.18982	879.55096
819.2019	879.69568
819.21405	878.85193
819.22614	881.76123
819.23822	880.27124
819.25031	879.75806
819.26239	880.72546
819.27448	878.37891
819.28656	876.90302
819.29865	876.40344
819.31079	875.13934
819.32288	877.73096
819.33496	879.31207
819.34705	878.22278
819.35913	877.83228
819.37122	875.17664
819.3833	877.53333
819.39539	880.50928
819.40747	878.35083
819.41962	877.7984
819.4317	877.12524
819.44379	879.42865
819.45587	878.65656
819.46796	880.72375
819.48004	877.68866
819.49213	875.7887
819.50421	878.24506
819.5163	876.10059
819.52844	876.10968
819.54053	877.52155
819.55261	877.35382
819.5647	875.50629
819.57678	876.88605
819.58887	877.19061
819.60095	878.27722
819.61304	874.47101
819.62512	874.59937
819.63727	878.09015
819.64935	878.50757
819.66144	878.88
819.67352	877.44214
819.68561	877.10669
819.69769	880.37573
819.70978	875.1933
819.72186	877.09448
819.73395	877.40466
819.74609	878.63074
819.75818	872.15271
819.77026	876.37299
819.78235	874.87054
819.79443	875.86957
819.80652	880.56665
819.8186	876.88879
819.83069	874.01385
819.84283	876.17505
819.85492	877.28918
819.867	877.03253
819.87909	874.43787
819.89117	872.8443
819.90326	874.59302
819.91534	873.07141
819.92743	873.00879
819.93951	877.68298
819.95166	877.45923
819.96375	877.06488
819.97583	875.06647
819.98792	875.38452
820	872.63068
