800.14508	869.05701
800.15717	871.04443
800.16931	872.81281
800.1814	873.2937
800.19348	871.9483
800.20557	871.32343
800.21765	869.7973
800.22974	868.18231
800.24182	868.61926
800.25391	870.74622
800.26605	869.69452
800.27814	870.89923
800.29022	870.20514
800.30231	871.56311
800.31439	872.63
800.32648	870.52441
800.33856	873.4118
800.35065	872.24774
800.36273	870.07611
800.37488	871.99878
800.38696	872.61163
800.39905	873.47876
800.41113	871.57251
800.42322	870.84412
800.4353	868.32275
800.44739	869.61591
800.45947	870.86084
800.47156	870.50897
800.4837	871.31909
800.49579	872.41962
800.50787	872.66559
800.51996	871.87036
800.53204	871.13678
800.54413	871.12982
800.55621	870.1037
800.5683	870.98181
800.58038	870.78253
800.59253	871.57599
800.60461	871.22101
800.6167	871.30621
800.62878	870.67383
800.64087	870.22772
800.65295	871.04565
800.66504	870.67505
800.67712	871.02246
800.68921	871.13281
800.70135	870.44293
800.71344	870.33105
800.72552	871.12146
800.73761	869.71301
800.74969	871.73541
800.76178	871.34406
800.77386	870.71454
800.78595	869.34088
800.7981	871.50403
800.81018	871.53668
800.82227	871.57861
800.83435	872.1897
800.84644	870.79565
800.85852	871.3866
800.87061	872.24054
800.88269	872.0459
800.89478	871.81604
800.90692	870.65045
800.91901	869.79614
800.93109	870.76947
800.94318	871.10449
800.95526	871.60242
800.96735	871.21564
800.97943	871.94574
800.99152	871.07092
801.0036	872.12854
801.01575	871.68854
801.02783	871.79669
801.03992	870.84583
801.052	870.10687
801.06409	872.211
801.07617	869.92432
801.08826	873.76813
801.10034	870.84735
801.11243	869.56384
801.12457	870.23676
801.13666	872.82056
801.14874	872.06268
801.16083	870.43329
801.17291	869.58313
801.185	869.39117
801.19708	870.39294
801.20917	870.30786
801.22125	871.24121
801.2334	873.32275
801.24548	871.69629
801.25757	870.64996
801.26965	871.22101
801.28174	869.06952
801.29382	870.39362
801.30591	872.14056
801.31799	873.25256
801.33014	875.0141
801.34222	871.10815
801.35431	870.40161
801.36639	872.48206
801.37848	868.60443
801.39056	869.7298
801.40265	870.44501
801.41473	869.79755
801.42682	869.66437
801.43896	870.82166
801.45105	873.38892
801.46313	873.32227
801.47522	871.89105
801.4873	871.81769
801.49939	872.51825
801.51147	872.80664
801.52356	873.28497
801.53564	872.64252
801.54779	871.10388
801.55988	871.79413
801.57196	871.10931
801.58405	870.22052
801.59613	871.22198
801.60822	867.76196
801.6203	869.18604
801.63239	870.79584
801.64447	870.65088
801.65662	872.95471
801.6687	871.87292
801.68079	870.8952
801.69287	870.15338
801.70496	871.30023
801.71704	870.43085
801.72913	871.40192
801.74121	872.36835
801.7533	867.67828
801.76544	868.7146
801.77753	871.71143
801.78961	871.42657
801.8017	870.33978
801.81378	872.17047
801.82587	868.56824
801.83795	871.59045
801.85004	870.73785
801.86218	871.76086
801.87427	872.97589
801.88635	870.86298
801.89844	871.75854
801.91052	872.79834
801.92261	869.73358
801.93469	867.88318
801.94678	869.63995
801.95886	871.53058
801.97101	873.72095
801.98309	873.20673
801.99518	869.26825
802.00726	870.91669
802.01935	871.60767
802.03143	871.0332
802.04352	872.3208
802.0556	872.12555
802.06769	872.74463
802.07983	870.21301
802.09192	872.87872
802.104	870.92944
802.11609	871.76801
802.12817	872.65967
802.14026	870.48523
802.15234	870.65808
802.16443	869.86194
802.17651	873.14227
802.18866	872.17468
802.20074	871.55127
802.21283	870.65265
802.22491	871.72351
802.237	871.02808
802.24908	872.00897
802.26117	871.29474
802.27325	871.26044
802.28534	868.91046
802.29749	870.33197
802.30957	871.62299
802.32166	871.33331
802.33374	872.23029
802.34583	871.97766
802.35791	871.79974
802.37	871.93311
802.38208	871.30896
802.39423	871.94861
802.40631	871.88776
802.4184	871.21271
802.43048	871.63
802.44257	871.94
802.45465	872.36536
802.46674	873.15375
802.47882	873.20215
802.49091	871.38116
802.50305	871.23151
802.51514	870.26038
802.52722	869.60535
802.53931	871.71613
802.55139	870.46246
802.56348	870.14685
802.57556	870.79974
802.58765	867.52704
802.59973	869.32605
802.61188	873.56451
802.62396	873.41388
802.63605	872.07623
802.64813	871.81543
802.66022	872.07318
802.6723	870.27515
802.68439	871.69312
802.69647	871.19012
802.70856	871.82825
802.7207	872.20593
802.73279	872.29413
802.74487	871.97601
802.75696	871.88135
802.76904	872.44989
802.78113	871.74121
802.79321	871.6048
802.8053	871.23914
802.81738	871.74829
802.82953	872.23328
802.84161	871.69501
802.8537	873.65674
802.86578	873.03998
802.87787	873.03949
802.88995	873.23059
802.90204	875.021
802.91412	873.43524
802.92627	871.59906
802.93835	873.02252
802.95044	872.58356
802.96252	873.25397
802.97461	870.61548
802.98669	874.4397
802.99878	872.40094
803.01086	872.56415
803.02295	870.47241
803.0351	870.33136
803.04718	871.35571
803.05927	872.59375
803.07135	871.26111
803.08344	873.40302
803.09552	873.66437
803.1076	871.12854
803.11969	873.50555
803.13177	871.43842
803.14392	871.19458
803.15601	870.84186
803.16809	871.12445
803.18018	872.30438
803.19226	871.86768
803.20435	871.87646
803.21643	872.93341
803.22852	873.60242
803.2406	871.77985
803.25275	873.39752
803.26483	874.4527
803.27692	872.76935
803.289	870.52307
803.30109	870.03027
803.31317	871.07281
803.32526	870.94348
803.33734	871.83466
803.34943	871.35687
803.36157	869.27515
803.37366	869.24011
803.38574	871.36737
803.39783	871.47571
803.40991	873.88696
803.422	872.87958
803.43408	871.34631
803.44617	871.0484
803.45831	872.46741
803.4704	874.7417
803.48248	874.3858
803.49457	872.17303
803.50665	872.73383
803.51874	872.09027
803.53082	871.367
803.54291	870.1532
803.55499	871.68787
803.56714	871.52155
803.57922	873.18915
803.59131	877.08722
803.60339	873.65918
803.61548	874.77374
803.62756	872.54742
803.63965	872.88538
803.65173	872.78833
803.66382	872.28326
803.67596	872.72314
803.68805	872.89618
803.70013	871.8642
803.71222	870.89459
803.7243	871.23615
803.73639	871.52429
803.74847	873.17303
803.76056	874.5144
803.77264	872.96698
803.78479	872.64178
803.79688	871.12598
803.80896	870.80414
803.82104	872.01819
803.83313	871.30261
803.84521	870.74261
803.8573	871.45935
803.86938	870.92181
803.88147	870.63019
803.89362	872.22644
803.9057	872.17896
803.91779	872.98279
803.92987	873.9649
803.94196	871.94568
803.95404	870.09332
803.96613	871.62946
803.97821	871.37378
803.99036	872.72577
804.00244	875.57294
804.01453	871.83954
804.02661	872.24323
804.0387	871.16589
804.05078	871.35577
804.06287	871.43231
804.07495	873.37061
804.08704	874.42358
804.09918	873.00983
804.11127	872.48657
804.12335	874.01575
804.13544	872.78656
804.14752	873.08173
804.15961	874.38257
804.17169	873.04016
804.18378	871.3501
804.19586	872.03131
804.20801	871.61664
804.22009	872.74152
804.23218	871.89508
804.24426	872.09467
804.25635	872.4895
804.26843	872.96796
804.28052	870.67194
804.2926	872.45197
804.30469	871.77808
804.31683	871.96271
804.32892	873.79901
804.341	873.98322
804.35309	872.96216
804.36517	872.1803
804.37726	874.13177
804.38934	872.88306
804.40143	872.97101
804.41351	872.98059
804.42566	871.25586
804.43774	871.49786
804.44983	873.45068
804.46191	872.93475
804.474	873.0528
804.48608	873.21057
804.49817	873.68396
804.51025	874.10413
804.5224	873.45831
804.53448	873.95325
804.54657	873.49664
804.55865	872.86981
804.57074	873.0058
804.58282	873.16772
804.59491	872.60486
804.60699	871.73865
804.61908	871.39099
804.63123	870.81659
804.64331	871.28009
804.6554	871.73065
804.66748	874.30536
804.67957	872.62115
804.69165	874.70532
804.70374	871.68567
804.71582	869.84912
804.72791	870.92633
804.74005	873.508
804.75214	870.90833
804.76422	872.04846
804.77631	872.9375
804.78839	875.64655
804.80048	871.54749
804.81256	872.33813
804.82465	871.46704
804.83673	871.83691
804.84888	870.93896
804.86096	873.0498
804.87305	872.14221
804.88513	871.29486
804.89722	871.64709
804.9093	873.04602
804.92139	873.79889
804.93347	874.11139
804.94556	873.52728
804.9577	872.55084
804.96979	872.84436
804.98187	872.72302
804.99396	873.05145
805.00604	872.97107
805.01813	871.11237
805.03021	871.96277
805.0423	872.35809
805.05444	872.98657
805.06653	872.4082
805.07861	873.48328
805.0907	873.69214
805.10278	873.98523
805.11487	874.95502
805.12695	875.85687
805.13904	875.78772
805.15112	874.44672
805.16327	873.88733
805.17535	872.82269
805.18744	872.14832
805.19952	872.56451
805.21161	873.08655
805.22369	873.41412
805.23578	873.74622
805.24786	873.76141
805.25995	873.11652
805.27209	873.81134
805.28418	873.32178
805.29626	873.79816
805.30835	874.35999
805.32043	873.66272
805.33252	873.15314
805.3446	873.3678
805.35669	872.85876
805.36877	873.04956
805.38092	872.66986
805.39301	872.66113
805.40509	873.3371
805.41718	874.68146
805.42926	873.74268
805.44135	875.3728
805.45343	875.75458
805.46552	874.5788
805.4776	873.70612
805.48975	874.87738
805.50183	876.68329
805.51392	875.01373
805.526	876.0741
805.53809	875.66602
805.55017	875.28491
805.56226	873.11859
805.57434	873.95013
805.58649	872.52606
805.59857	874.74817
805.61066	873.62378
805.62274	875.19238
805.63483	874.14093
805.64691	874.82007
805.659	877.18524
805.67108	874.61481
805.68317	875.15527
805.69531	871.67389
805.7074	874.60034
805.71948	874.81146
805.73157	872.21936
805.74365	872.90521
805.75574	872.94177
805.76782	876.11865
805.77991	874.37067
805.79199	873.09784
805.80414	873.65613
805.81622	873.41156
805.82831	875.3327
805.84039	873.83734
805.85248	873.36432
805.86456	873.05231
805.87665	869.94403
805.88873	872.96851
805.90082	872.88983
805.91296	875.51093
805.92505	874.85626
805.93713	872.81622
805.94922	874.84271
805.9613	875.98474
805.97339	873.2876
805.98547	873.65283
805.99756	874.20251
806.00964	875.44794
806.02179	875.33551
806.03387	874.45612
806.04596	875.56274
806.05804	875.40625
806.07013	875.80231
806.08221	876.59418
806.0943	874.85065
806.10638	875.35492
806.11853	875.08435
806.13062	875.00543
806.1427	874.68835
806.15479	874.22192
806.16687	874.17792
806.17896	874.27747
806.19104	875.14319
806.20313	875.85254
806.21521	877.13837
806.22736	877.4259
806.23944	876.60474
806.25153	875.33264
806.26361	874.99451
806.2757	875.60437
806.28778	875.37201
806.29987	874.87744
806.31195	874.90674
806.32404	876.06561
806.33618	875.37939
806.34827	875.46881
806.36035	875.70282
806.37244	873.79279
806.38452	876.05194
806.39661	876.68213
806.40869	876.81793
806.42078	875.65161
806.43286	875.9408
806.44501	874.44513
806.45709	872.9162
806.46918	874.17908
806.48126	875.23682
806.49335	875.71497
806.50543	874.37531
806.51752	875.8349
806.5296	875.83148
806.54169	877.81848
806.55383	876.38501
806.56592	876.88629
806.578	876.07599
806.59009	877.60809
806.60217	876.81696
806.61426	877.96649
806.62634	876.87561
806.63843	876.2887
806.65057	875.10376
806.66266	874.80566
806.67474	876.84668
806.68683	875.41437
806.69891	875.99091
806.711	877.03424
806.72308	877.13727
806.73517	874.03766
806.74725	873.61206
806.7594	876.31378
806.77148	877.30542
806.78357	876.59924
806.79565	875.22809
806.80774	874.97559
806.81982	874.54871
806.83191	878.72009
806.84399	876.86127
806.85608	877.08051
806.86823	876.28998
806.88031	877.17004
806.8924	876.34802
806.90448	876.97278
806.91656	875.90771
806.92865	875.03741
806.94073	874.89856
806.95282	875.89661
806.9649	876.53937
806.97705	877.87598
806.98914	878.52429
807.00122	876.62238
807.01331	876.42401
807.02539	876.33221
807.03748	874.87085
807.04956	875.23975
807.06165	876.94067
807.07373	876.87439
807.08588	878.82916
807.09796	877.77472
807.11005	879.6676
807.12213	878.63098
807.13422	877.93622
807.1463	876.5351
807.15839	877.97815
807.17047	876.41547
807.18262	878.90588
807.1947	875.97003
807.20679	876.81238
807.21887	880.22693
807.23096	878.09454
807.24304	877.38818
807.25513	878.47919
807.26721	877.29901
807.2793	878.72656
807.29144	878.31293
807.30353	879.7597
807.31561	877.99884
807.3277	877.47815
807.33978	880.72803
807.35187	877.98315
807.36395	878.13385
807.37604	877.71313
807.38812	878.18695
807.40027	879.23517
807.41235	878.57538
807.42444	878.85297
807.43652	878.00488
807.44861	877.41254
807.46069	878.16083
807.47278	878.39526
807.48486	879.00928
807.49695	877.77783
807.50909	877.58368
807.52118	879.46326
807.53326	878.82184
807.54535	878.91669
807.55743	880.48541
807.56952	880.52942
807.5816	880.39807
807.59369	880.83105
807.60577	880.7652
807.61792	879.85718
807.63	877.84619
807.64209	878.06195
807.65417	879.49261
807.66626	878.76373
807.67834	880.79584
807.69043	881.896
807.70251	881.83441
807.71466	880.60608
807.72675	881.13007
807.73883	880.7829
807.75092	880.57196
807.763	880.1474
807.77509	877.99231
807.78717	879.08765
807.79926	879.34149
807.81134	882.20612
807.82349	881.92499
807.83557	881.67487
807.84766	880.92902
807.85974	882.59503
807.87183	882.19464
807.88391	881.50482
807.896	880.38995
807.90808	879.6449
807.92017	879.54791
807.93231	880.36365
807.9444	882.2323
807.95648	881.96509
807.96857	880.53351
807.98065	880.03357
807.99274	882.82727
808.00482	882.5943
808.01691	882.32367
808.02899	881.71411
808.04114	882.98645
808.05322	881.67786
808.06531	883.36957
808.07739	882.73169
808.08948	883.53986
808.10156	881.75586
808.11365	884.50555
808.12573	881.3429
808.13782	880.21863
808.14996	883.14587
808.16205	883.15063
808.17413	883.36438
808.18622	884.83624
808.1983	881.51837
808.21039	883.53796
808.22247	882.21741
808.23456	881.6377
808.2467	885.61603
808.25879	882.99164
808.27087	882.02277
808.28296	883.3446
808.29504	883.54633
808.30713	884.65277
808.31921	882.65979
808.3313	885.17603
808.34338	886.45331
808.35553	884.95807
808.36761	883.35748
808.3797	884.42255
808.39178	883.24463
808.40387	886.46783
808.41595	882.84509
808.42804	885.17676
808.44012	885.21405
808.45221	886.21545
808.46436	885.65613
808.47644	885.88049
808.48853	889.13306
808.50061	886.13409
808.5127	888.2594
808.52478	887.3844
808.53687	887.04449
808.54895	885.87476
808.56104	888.56976
808.57318	889.27264
808.58527	886.35443
808.59735	887.73682
808.60944	888.55389
808.62152	887.04877
808.63361	885.43304
808.64569	888.11163
808.65778	888.83936
808.66986	889.08795
808.68201	891.63513
808.69409	891.5802
808.70618	887.46002
808.71826	893.46246
808.73035	890.25226
808.74243	890.15765
808.75452	889.36871
808.7666	888.60883
808.77875	892.07007
808.79083	891.02759
808.80292	889.90082
808.815	891.98816
808.82709	893.3515
808.83917	891.15228
808.85126	894.86792
808.86334	894.25134
808.87543	895.31793
808.88757	894.32068
808.89966	892.34851
808.91174	894.58899
808.92383	891.66254
808.93591	892.60907
808.948	894.2041
808.96008	893.77283
808.97217	893.75189
808.98425	896.27991
808.9964	894.62561
809.00848	895.99304
809.02057	897.0379
809.03265	897.23834
809.04474	896.31293
809.05682	894.57764
809.06891	895.12506
809.08099	896.98352
809.09308	895.18958
809.10522	896.36407
809.11731	899.78247
809.12939	901.73474
809.14148	898.138
809.15356	898.92712
809.16565	896.1015
809.17773	897.60693
809.18982	899.06555
809.2019	901.41522
809.21405	901.16583
809.22614	900.12836
809.23822	900.30841
809.25031	902.47864
809.26239	898.19263
809.27448	899.76276
809.28656	901.42798
809.29865	903.36975
809.31079	903.92084
809.32288	906.81812
809.33496	904.44641
809.34705	904.87488
809.35913	905.51379
809.37122	903.02423
809.3833	903.3595
809.39539	905.04272
809.40747	905.70197
809.41962	907.77478
809.4317	905.80365
809.44379	907.1145
809.45587	903.67548
809.46796	905.06604
809.48004	908.78949
809.49213	909.24243
809.50421	909.61438
809.5163	910.63239
809.52844	910.34698
809.54053	910.75793
809.55261	913.97546
809.5647	914.59894
809.57678	912.24713
809.58887	909.86804
809.60095	912.91046
809.61304	915.10199
809.62512	917.35016
809.63727	913.17456
809.64935	915.80463
809.66144	916.78949
809.67352	917.75732
809.68561	917.30408
809.69769	921.6665
809.70978	921.47125
809.72186	920.62024
809.73395	922.77881
809.74609	921.62268
809.75818	920.82245
809.77026	924.33264
809.78235	925.46368
809.79443	925.7207
809.80652	924.08093
809.8186	921.83459
809.83069	922.67017
809.84283	928.26581
809.85492	931.45435
809.867	928.51953
809.87909	929.82983
809.89117	931.85443
809.90326	935.14667
809.91534	936.01898
809.92743	932.64893
809.93951	935.39258
809.95166	936.5802
809.96375	938.49323
809.97583	938.79041
809.98792	943.98096
810	946.08643
810.01208	941.92206
810.02417	943.57318
810.03625	946.23169
810.04834	949.66943
810.06049	950.66217
810.07257	949.9516
810.08466	948.56134
810.09674	952.22314
810.10883	956.48059
810.12091	954.5282
810.133	954.45697
810.14508	963.58197
810.15717	963.18134
810.16931	966.22363
810.1814	970.6239
810.19348	974.34741
810.20557	967.76343
810.21765	976.10303
810.22974	983.09229
810.24182	989.64813
810.25391	981.85065
810.26605	985.76996
810.27814	995.16461
810.29022	996.96234
810.30231	1001.3821
810.31439	1004.5838
810.32648	1005.0109
810.33856	1010.3557
810.35065	1011.602
810.36273	1016.898
810.37488	1018.2415
810.38696	1025.7472
810.39905	1032.3702
810.41113	1037.0681
810.42322	1036.2178
810.4353	1044.0656
810.44739	1047.2805
810.45947	1052.8861
810.47156	1057.0085
810.4837	1054.3451
810.49579	1069.5413
810.50787	1075.7601
810.51996	1075.8147
810.53204	1085.1102
810.54413	1088.3777
810.55621	1094.8097
810.5683	1100.9318
810.58038	1107.2261
810.59253	1109.2396
810.60461	1109.3041
810.6167	1108.4111
810.62878	1114.3025
810.64087	1110.4865
810.65295	1117.9958
810.66504	1123.212
810.67712	1122.428
810.68921	1122.3828
810.70135	1125.8538
810.71344	1119.4575
810.72552	1121.354
810.73761	1126.8597
810.74969	1124.9475
810.76178	1119.307
810.77386	1112.9873
810.78595	1117.957
810.7981	1115.6937
810.81018	1110.7251
810.82227	1099.7197
810.83435	1101.3002
810.84644	1097.9749
810.85852	1092.4471
810.87061	1091.329
810.88269	1086.3635
810.89478	1073.0421
810.90692	1074.3043
810.91901	1076.9053
810.93109	1066.5763
810.94318	1063.8192
810.95526	1057.1766
810.96735	1059.6914
810.97943	1051.9208
810.99152	1046.3865
811.0036	1037.6726
811.01575	1040.2563
811.02783	1031.7084
811.03992	1026.5779
811.052	1019.7557
811.06409	1017.0321
811.07617	1012.9569
811.08826	1011.3508
811.10034	1006.5488
811.11243	1010.6003
811.12457	1007.331
811.13666	1001.4106
811.14874	995.27795
811.16083	1000.1522
811.17291	1002.4055
811.185	998.28619
811.19708	996.81641
811.20917	991.77637
811.22125	992.84741
811.2334	993.10669
811.24548	985.8432
811.25757	991.48676
811.26965	988.99219
811.28174	985.88306
811.29382	987.17535
811.30591	988.3844
811.31799	985.17151
811.33014	984.46674
811.34222	984.30927
811.35431	980.21741
811.36639	980.57227
811.37848	982.79163
811.39056	981.97455
811.40265	986.27588
811.41473	984.95544
811.42682	982.39911
811.43896	981.95947
811.45105	988.31677
811.46313	986.21448
811.47522	984.01965
811.4873	984.70239
811.49939	987.60071
811.51147	986.02277
811.52356	985.77216
811.53564	983.62524
811.54779	988.55554
811.55988	991.95111
811.57196	995.85461
811.58405	994.04749
811.59613	987.45654
811.60822	990.63904
811.6203	995.57159
811.63239	995.86981
811.64447	996.26843
811.65662	998.51459
811.6687	1000.5575
811.68079	996.73077
811.69287	1000.4413
811.70496	1002.577
811.71704	998.90094
811.72913	999.52222
811.74121	1004
811.7533	1006.8558
811.76544	1013.9707
811.77753	1012.1105
811.78961	1006.8872
811.8017	1008.7389
811.81378	1013.8589
811.82587	1018.964
811.83795	1016.8878
811.85004	1018.559
811.86218	1026.3872
811.87427	1029.887
811.88635	1032.2565
811.89844	1036.6494
811.91052	1038.5045
811.92261	1040.0131
811.93469	1044.7987
811.94678	1043.7253
811.95886	1049.5562
811.97101	1053.9209
811.98309	1051.1797
811.99518	1053.9128
812.00726	1057.9659
812.01935	1061.3623
812.03143	1063.3604
812.04352	1063.9283
812.0556	1065.826
812.06769	1070.2246
812.07983	1077.6367
812.09192	1082.5389
812.104	1086.2943
812.11609	1088.1102
812.12817	1099.0713
812.14026	1101.8901
812.15234	1105.6708
812.16443	1112.354
812.17651	1118.9202
812.18866	1130.3684
812.20074	1132.8121
812.21283	1141.6193
812.22491	1151.973
812.237	1159.1809
812.24908	1166.55
812.26117	1177.9263
812.27325	1178.637
812.28534	1195.2623
812.29749	1204.9701
812.30957	1192.8838
812.32166	1206.1873
812.33374	1224.0381
812.34583	1232.9277
812.35791	1246.3308
812.37	1264.5106
812.38208	1281.858
812.39423	1296.8341
812.40631	1305.723
812.4184	1313.2594
812.43048	1330.2059
812.44257	1349.6699
812.45465	1367.8676
812.46674	1398.1512
812.47882	1424.776
812.49091	1435.3214
812.50305	1453.6974
812.51514	1471.5515
812.52722	1510.8636
812.53931	1536.98
812.55139	1551.972
812.56348	1579.7797
812.57556	1594.4069
812.58765	1627.4504
812.59973	1640.7124
812.61188	1679.3126
812.62396	1726.0681
812.63605	1753.5444
812.64813	1773.8052
812.66022	1800.6334
812.6723	1826.8439
812.68439	1851.3308
812.69647	1895.0718
812.70856	1934.5068
812.7207	1967.8468
812.73279	1987.2441
812.74487	2039.9081
812.75696	2060.2998
812.76904	2096.3235
812.78113	2116.7097
812.79321	2127.0833
812.8053	2149.9612
812.81738	2187.8174
812.82953	2212.4836
812.84161	2238.0781
812.8537	2241.6523
812.86578	2241.2703
812.87787	2246.031
812.88995	2244.9023
812.90204	2245.1799
812.91412	2264.4753
812.92627	2256.6426
812.93835	2250.8887
812.95044	2246.6636
812.96252	2228.9453
812.97461	2197.5925
812.98669	2199.3142
812.99878	2176.8677
813.01086	2171.2192
813.02295	2135.2698
813.0351	2124.22
813.04718	2120.8601
813.05927	2093.6846
813.07135	2051.9307
813.08344	2029.4069
813.09552	2010.3068
813.1076	2006.6935
813.11969	1970.5319
813.13177	1928.764
813.14392	1918.406
813.15601	1883.3655
813.16809	1864.6364
813.18018	1841.7543
813.19226	1829.2858
813.20435	1786.3463
813.21643	1765.2605
813.22852	1739.8184
813.2406	1735.989
813.25275	1711.3063
813.26483	1686.4225
813.27692	1673.8934
813.289	1662.1224
813.30109	1632.0254
813.31317	1603.7068
813.32526	1580.4851
813.33734	1563.2157
813.34943	1564.9358
813.36157	1544.0842
813.37366	1534.6415
813.38574	1513.8884
813.39783	1486.554
813.40991	1484.5137
813.422	1471.55
813.43408	1453.9282
813.44617	1425.4312
813.45831	1419.4448
813.4704	1408.2246
813.48248	1393.8241
813.49457	1390.6335
813.50665	1384.76
813.51874	1366.8167
813.53082	1347.3419
813.54291	1336.8147
813.55499	1334.3856
813.56714	1330.776
813.57922	1309.4209
813.59131	1290.2715
813.60339	1280.3574
813.61548	1277.9154
813.62756	1265.2721
813.63965	1263.7826
813.65173	1250.077
813.66382	1237.3898
813.67596	1226.2155
813.68805	1224.9712
813.70013	1224.3605
813.71222	1214.2043
813.7243	1215.064
813.73639	1205.1509
813.74847	1190.0006
813.76056	1189.068
813.77264	1179.0042
813.78479	1169.6943
813.79688	1168.4623
813.80896	1159.5573
813.82104	1157.0219
813.83313	1152.1104
813.84521	1146.3472
813.8573	1137.3534
813.86938	1133.5994
813.88147	1136.6261
813.89362	1130.8947
813.9057	1123.3392
813.91779	1123.0681
813.92987	1121.0592
813.94196	1108.1432
813.95404	1104.35
813.96613	1101.8207
813.97821	1099.5044
813.99036	1105.0184
814.00244	1095.088
814.01453	1089.7318
814.02661	1089.3264
814.0387	1087.7145
814.05078	1083.5687
814.06287	1080.653
814.07495	1082.9884
814.08704	1087.2444
814.09918	1082.4587
814.11127	1083.9227
814.12335	1081.2448
814.13544	1083.9717
814.14752	1083.4031
814.15961	1079.5173
814.17169	1086.0424
814.18378	1090.1444
814.19586	1081.6733
814.20801	1086.1914
814.22009	1092.3906
814.23218	1086.5214
814.24426	1091.2898
814.25635	1093.3409
814.26843	1092.7753
814.28052	1092.632
814.2926	1104.8936
814.30469	1102.7604
814.31683	1104.2201
814.32892	1099.1484
814.341	1101.1821
814.35309	1116.6307
814.36517	1102.9132
814.37726	1105.2469
814.38934	1110.7269
814.40143	1108.1859
814.41351	1108.7451
814.42566	1110.4646
814.43774	1120.4254
814.44983	1121.2712
814.46191	1126.4618
814.474	1131.1777
814.48608	1130.6593
814.49817	1130.6857
814.51025	1128.5479
814.5224	1130.8063
814.53448	1148.1803
814.54657	1135.2052
814.55865	1143.2568
814.57074	1134.5797
814.58282	1139.478
814.59491	1145.2952
814.60699	1147.6024
814.61908	1154.4193
814.63123	1144.4606
814.64331	1154.024
814.6554	1151.511
814.66748	1163.818
814.67957	1154.6403
814.69165	1153.8162
814.70374	1159.7499
814.71582	1165.837
814.72791	1165.2072
814.74005	1178.4106
814.75214	1167.6077
814.76422	1165.9884
814.77631	1186.9215
814.78839	1186.9242
814.80048	1183.9319
814.81256	1184.557
814.82465	1192.3521
814.83673	1184.1191
814.84888	1189.0999
814.86096	1197.5725
814.87305	1209.2019
814.88513	1201.7172
814.89722	1215.9725
814.9093	1214.7385
814.92139	1202.6542
814.93347	1206.8734
814.94556	1213.9589
814.9577	1220.892
814.96979	1225.9546
814.98187	1229.9857
814.99396	1230.9098
815.00604	1221.9602
815.01813	1217.5015
815.03021	1219.2463
815.0423	1215.8287
815.05444	1222.5159
815.06653	1218.698
815.07861	1227.6873
815.0907	1232.1415
815.10278	1236.6382
815.11487	1243.854
815.12695	1251.7882
815.13904	1254.1182
815.15112	1253.7462
815.16327	1257.462
815.17535	1265.8483
815.18744	1271.9586
815.19952	1276.261
815.21161	1280.6699
815.22369	1278.3757
815.23578	1278.9938
815.24786	1293.0159
815.25995	1304.0001
815.27209	1307.9996
815.28418	1306.7521
815.29626	1312.1876
815.30835	1323.9576
815.32043	1332.2627
815.33252	1328.1132
815.3446	1337.157
815.35669	1350.2668
815.36877	1365.5685
815.38092	1369.0886
815.39301	1379.1989
815.40509	1382.1686
815.41718	1373.2686
815.42926	1380.9
815.44135	1404.1584
815.45343	1428.046
815.46552	1422.4623
815.4776	1438.459
815.48975	1459.4094
815.50183	1450.3655
815.51392	1476.604
815.526	1475.9984
815.53809	1500.0184
815.55017	1516.6212
815.56226	1514.6641
815.57434	1542.0624
815.58649	1541.6837
815.59857	1584.1538
815.61066	1568.7708
815.62274	1596.389
815.63483	1613.4342
815.64691	1638.913
815.659	1664.3873
815.67108	1678.8273
815.68317	1699.0371
815.69531	1725.0165
815.7074	1749.3715
815.71948	1776.7339
815.73157	1783.7421
815.74365	1819.5763
815.75574	1846.6838
815.76782	1882.783
815.77991	1925.2423
815.79199	1962.6066
815.80414	1987.2183
815.81622	2034.6353
815.82831	2078.6179
815.84039	2127.1743
815.85248	2185.9438
815.86456	2234.8772
815.87665	2293.4219
815.88873	2354.5005
815.90082	2406.4517
815.91296	2495.4976
815.92505	2613.553
815.93713	2704.5305
815.94922	2808.3037
815.9613	2911.8701
815.97339	3005.9192
815.98547	3167.6863
815.99756	3331.1025
816.00964	3526.7112
816.02179	3699.7029
816.03387	3907.8042
816.04596	4169.0547
816.05804	4447.2622
816.07013	4749.8789
816.08221	5100.7188
816.0943	5528.6069
816.10638	6007.1812
816.11853	6598.2046
816.13062	7353.375
816.1427	8208.7197
816.15479	9220.5713
816.16687	10301.58
816.17896	11629.544
816.19104	13148.167
816.20313	14878.21
816.21521	16717.537
816.22736	18764.719
816.23944	20846.5
816.25153	22789.074
816.26361	24608.178
816.2757	26235.496
816.28778	27545.369
816.29987	28348.139
816.31195	28569.299
816.32404	28195.885
816.33618	27289.371
816.34827	25989.641
816.36035	24001.6
816.37244	21920.934
816.38452	19459.688
816.39661	16843.928
816.40869	14669.749
816.42078	12644.946
816.43286	10662.375
816.44501	9356.2734
816.45709	8176.3965
816.46918	7136.7573
816.48126	6312.9966
816.49335	5572.4541
816.50543	5018.001
816.51752	4552.4209
816.5296	4088.543
816.54169	3744.2166
816.55383	3494.5254
816.56592	3200.4907
816.578	2974.387
816.59009	2755.9907
816.60217	2611.1614
816.61426	2444.342
816.62634	2318.0142
816.63843	2209.3965
816.65057	2115.2476
816.66266	2021.2373
816.67474	1924.0187
816.68683	1852.8269
816.69891	1793.4821
816.711	1727.3556
816.72308	1662.9191
816.73517	1624.6812
816.74725	1574.437
816.7594	1517.0398
816.77148	1489.213
816.78357	1453.1855
816.79565	1424.7357
816.80774	1396.899
816.81982	1369.745
816.83191	1334.0139
816.84399	1313.5339
816.85608	1296.8108
816.86823	1256.0111
816.88031	1247.6444
816.8924	1237.5078
816.90448	1214.4445
816.91656	1190.9707
816.92865	1183.8801
816.94073	1169.1212
816.95282	1148.1239
816.9649	1142.6265
816.97705	1130.9491
816.98914	1129.4364
817.00122	1119.5162
817.01331	1104.0022
817.02539	1092.7601
817.03748	1079.8204
817.04956	1074.7727
817.06165	1069.8035
817.07373	1064.8339
817.08588	1045.9526
817.09796	1038.6453
817.11005	1035.2063
817.12213	1030.7637
817.13422	1026.8098
817.1463	1021.962
817.15839	1023.5985
817.17047	1015.3759
817.18262	1007.0239
817.1947	1003.3148
817.20679	997.86334
817.21887	990.70581
817.23096	987.48682
817.24304	979.69263
817.25513	978.53717
817.26721	976.65436
817.2793	971.42267
817.29144	973.91486
817.30353	965.57916
817.31561	962.47089
817.3277	960.36633
817.33978	957.28253
817.35187	956.14203
817.36395	955.16803
817.37604	956.02936
817.38812	952.97083
817.40027	943.02521
817.41235	938.86182
817.42444	940.17529
817.43652	936.09021
817.44861	937.43622
817.46069	932.38812
817.47278	929.63226
817.48486	927.97668
817.49695	931.29407
817.50909	929.95172
817.52118	931.69513
817.53326	926.38409
817.54535	928.26178
817.55743	927.45117
817.56952	925.59283
817.5816	923.23212
817.59369	920.14801
817.60577	918.33783
817.61792	918.44165
817.63	921.45044
817.64209	919.50427
817.65417	912.81122
817.66626	916.03021
817.67834	914.17944
817.69043	910.85992
817.70251	910.17963
817.71466	907.1449
817.72675	906.53522
817.73883	907.94238
817.75092	908.50336
817.763	902.8725
817.77509	904.37061
817.78717	905.30817
817.79926	903.63068
817.81134	903.96979
817.82349	901.56976
817.83557	900.47369
817.84766	902.41541
817.85974	900.49121
817.87183	900.62982
817.88391	899.67841
817.896	899.01282
817.90808	894.85168
817.92017	895.37396
817.93231	895.28845
817.9444	898.98383
817.95648	896.08221
817.96857	900.35565
817.98065	898.03009
817.99274	896.49591
818.00482	896.18182
818.01691	895.98529
818.02899	897.26782
818.04114	892.06439
818.05322	893.00439
818.06531	891.49951
818.07739	893.88519
818.08948	891.33777
818.10156	889.55347
818.11365	890.72748
818.12573	891.00854
818.13782	889.6521
818.14996	889.1153
818.16205	887.44647
818.17413	885.79218
818.18622	887.71442
818.1983	887.36292
818.21039	887.65234
818.22247	885.72357
818.23456	887.16168
818.2467	885.49664
818.25879	886.82751
818.27087	890.24072
818.28296	884.67499
818.29504	885.7207
818.30713	886.36951
818.31921	882.80304
818.3313	884.78381
818.34338	880.91669
818.35553	886.13196
818.36761	881.06671
818.3797	884.01801
818.39178	886.72748
818.40387	882.62341
818.41595	884.16357
818.42804	886.2998
818.44012	885.36627
818.45221	882.07074
818.46436	879.74725
818.47644	884.7348
818.48853	884.63483
818.50061	883.33069
818.5127	881.04138
818.52478	880.74335
818.53687	881.29553
818.54895	882.14178
818.56104	881.63239
818.57318	879.91449
818.58527	880.24738
818.59735	880.44623
818.60944	880.36432
818.62152	879.75922
818.63361	878.45111
818.64569	881.57214
818.65778	880.06946
818.66986	880.75452
818.68201	879.99902
818.69409	880.93866
818.70618	879.15625
818.71826	878.79169
818.73035	878.93414
818.74243	873.61047
818.75452	878.62244
818.7666	879.146
818.77875	879.52582
818.79083	878.51392
818.80292	876.80707
818.815	876.77649
818.82709	876.38086
818.83917	878.64948
818.85126	880.50861
818.86334	876.32666
818.87543	878.20471
818.88757	879.31696
818.89966	876.82275
818.91174	876.50848
818.92383	878.11426
818.93591	877.05182
818.948	877.24622
818.96008	877.11407
818.97217	876.87109
818.98425	876.44525
818.9964	875.28638
819.00848	876.05225
819.02057	878.51099
819.03265	876.96277
819.04474	875.32355
819.05682	875.69806
819.06891	873.49249
819.08099	876.27161
819.09308	875.79327
819.10522	876.75836
819.11731	875.11426
819.12939	874.86584
819.14148	872.67444
819.15356	876.78094
819.16565	876.84406
819.17773	875.94189
819.18982	872.42242
819.2019	875.95007
819.21405	879.11603
819.22614	874.00922
819.23822	872.91882
819.25031	874.8468
819.26239	876.57556
819.27448	873.60815
819.28656	872.85132
819.29865	875.76349
819.31079	876.73474
819.32288	875.58746
819.33496	874.55096
819.34705	873.2359
819.35913	875.83801
819.37122	875.44507
819.3833	875.953
819.39539	872.02625
819.40747	873.88287
819.41962	871.59283
819.4317	871.44757
819.44379	874.45068
819.45587	874.53979
819.46796	873.52527
819.48004	873.94489
819.49213	872.11835
819.50421	873.84961
819.5163	873.62787
819.52844	872.30121
819.54053	872.67505
819.55261	873.63696
819.5647	873.98926
819.57678	870.40314
819.58887	870.9281
819.60095	873.79919
819.61304	873.32391
819.62512	873.95746
819.63727	872.58203
819.64935	873.70135
819.66144	874.64716
819.67352	874.93958
819.68561	872.789
819.69769	875.6344
819.70978	872.17731
819.72186	876.50262
819.73395	874.63611
819.74609	873.30579
819.75818	873.41144
819.77026	869.52466
819.78235	871.33813
819.79443	874.15894
819.80652	876.1792
819.8186	872.77136
819.83069	871.20459
819.84283	871.19873
819.85492	872.30481
819.867	871.51343
819.87909	872.44354
819.89117	871.59412
819.90326	872.42017
819.91534	872.15765
819.92743	871.74347
819.93951	872.20905
819.95166	870.46539
819.96375	869.32867
819.97583	873.23773
819.98792	873.00171
820	871.77325
