800.14508	869.3324
800.15717	869.80475
800.16931	870.46039
800.1814	869.12488
800.19348	867.69312
800.20557	868.15118
800.21765	867.92303
800.22974	869.95007
800.24182	868.90247
800.25391	867.89844
800.26605	869.93365
800.27814	871.48114
800.29022	869.6618
800.30231	868.44421
800.31439	871.73578
800.32648	869.09613
800.33856	869.49286
800.35065	867.58795
800.36273	867.79803
800.37488	868.69702
800.38696	868.77814
800.39905	870.5752
800.41113	872.08289
800.42322	871.49683
800.4353	872.20911
800.44739	869.82654
800.45947	868.87433
800.47156	869.06049
800.4837	868.40912
800.49579	869.24445
800.50787	870.06787
800.51996	868.79913
800.53204	869.02557
800.54413	870.48126
800.55621	869.87665
800.5683	871.85046
800.58038	871.8736
800.59253	870.90948
800.60461	870.01202
800.6167	869.3468
800.62878	868.19037
800.64087	869.66949
800.65295	873.06287
800.66504	866.61646
800.67712	868.30066
800.68921	867.8111
800.70135	869.83954
800.71344	870.93744
800.72552	869.57776
800.73761	867.91846
800.74969	869.86255
800.76178	871.96289
800.77386	871.30994
800.78595	869.34344
800.7981	868.46442
800.81018	870.2464
800.82227	870.91925
800.83435	868.36597
800.84644	867.45325
800.85852	869.46667
800.87061	870.96082
800.88269	870.86041
800.89478	868.1955
800.90692	866.97266
800.91901	869.79773
800.93109	870.57196
800.94318	869.82904
800.95526	870.70648
800.96735	873.97229
800.97943	868.39661
800.99152	867.83295
801.0036	871.05426
801.01575	868.24823
801.02783	869.31665
801.03992	869.20514
801.052	868.82861
801.06409	870.66418
801.07617	869.59875
801.08826	867.93323
801.10034	869.1781
801.11243	870.01782
801.12457	868.17194
801.13666	868.31244
801.14874	869.47919
801.16083	870.34863
801.17291	870.67657
801.185	869.52527
801.19708	868.57605
801.20917	867.94934
801.22125	867.50879
801.2334	868.38928
801.24548	868.61218
801.25757	870.03583
801.26965	868.17719
801.28174	868.42932
801.29382	868.43005
801.30591	868.14716
801.31799	866.72925
801.33014	869.25073
801.34222	870.18573
801.35431	870.42444
801.36639	869.8576
801.37848	871.65936
801.39056	869.91864
801.40265	869.96533
801.41473	867.80865
801.42682	868.4317
801.43896	871.15515
801.45105	869.03546
801.46313	871.67535
801.47522	869.89648
801.4873	871.19873
801.49939	871.33105
801.51147	870.07062
801.52356	869.20502
801.53564	869.505
801.54779	869.63495
801.55988	870.164
801.57196	871.46552
801.58405	871.04248
801.59613	870.88519
801.60822	871.03625
801.6203	869.14984
801.63239	869.0484
801.64447	870.25305
801.65662	869.36407
801.6687	869.4491
801.68079	871.01117
801.69287	870.43707
801.70496	870.05701
801.71704	872.33368
801.72913	870.43109
801.74121	870.51135
801.7533	868.20068
801.76544	869.31976
801.77753	870.32727
801.78961	868.98865
801.8017	871.80334
801.81378	871.15173
801.82587	871.48224
801.83795	869.99219
801.85004	868.94934
801.86218	868.53479
801.87427	869.08118
801.88635	868.80817
801.89844	869.41895
801.91052	870.64685
801.92261	870.73309
801.93469	869.46918
801.94678	868.30786
801.95886	868.18951
801.97101	868.23383
801.98309	869.45349
801.99518	871.60852
802.00726	870.73462
802.01935	868.25427
802.03143	867.73767
802.04352	871.59674
802.0556	869.05511
802.06769	866.73865
802.07983	867.3891
802.09192	869.36578
802.104	871.06836
802.11609	867.28613
802.12817	872.48041
802.14026	874.49951
802.15234	868.93323
802.16443	869.69934
802.17651	870.05035
802.18866	870.09399
802.20074	869.03149
802.21283	870.69989
802.22491	870.03857
802.237	870.51465
802.24908	869.76447
802.26117	870.13147
802.27325	871.84222
802.28534	872.02808
802.29749	869.42676
802.30957	867.84723
802.32166	868.55725
802.33374	869.48267
802.34583	869.24445
802.35791	870.72748
802.37	871.30035
802.38208	870.30988
802.39423	870.54504
802.40631	870.35181
802.4184	872.14355
802.43048	870.90515
802.44257	870.32172
802.45465	871.61084
802.46674	870.62012
802.47882	868.69598
802.49091	868.66528
802.50305	869.87482
802.51514	870.42181
802.52722	869.76276
802.53931	869.73999
802.55139	869.57288
802.56348	873.08569
802.57556	872.1098
802.58765	867.3844
802.59973	867.72076
802.61188	869.87598
802.62396	870.08167
802.63605	870.38055
802.64813	867.96429
802.66022	869.73322
802.6723	870.47015
802.68439	871.12097
802.69647	869.95795
802.70856	871.0307
802.7207	872.4118
802.73279	872.10614
802.74487	870.99213
802.75696	868.31586
802.76904	869.37347
802.78113	869.77979
802.79321	869.39233
802.8053	869.62994
802.81738	870.00751
802.82953	870.0528
802.84161	868.9328
802.8537	870.63959
802.86578	870.6004
802.87787	871.01575
802.88995	874.99725
802.90204	873.84613
802.91412	871.59113
802.92627	873.87598
802.93835	872.6568
802.95044	870.99969
802.96252	871.41742
802.97461	870.02271
802.98669	873.41058
802.99878	870.93512
803.01086	868.97119
803.02295	873.75348
803.0351	874.09912
803.04718	873.44708
803.05927	869.0199
803.07135	869.06952
803.08344	868.79718
803.09552	870.42377
803.1076	869.88049
803.11969	869.54639
803.13177	871.0415
803.14392	871.46307
803.15601	869.25323
803.16809	870.96027
803.18018	870.18964
803.19226	871.25391
803.20435	869.80817
803.21643	868.45636
803.22852	869.32269
803.2406	872.64551
803.25275	872.3949
803.26483	871.25311
803.27692	871.61005
803.289	870.52545
803.30109	870.13898
803.31317	870.87756
803.32526	871.62622
803.33734	872.50793
803.34943	872.9566
803.36157	874.12781
803.37366	873.24298
803.38574	870.96234
803.39783	871.34814
803.40991	872.16498
803.422	871.05096
803.43408	871.15955
803.44617	872.19098
803.45831	870.12665
803.4704	867.95404
803.48248	872.44977
803.49457	871.43237
803.50665	872.79224
803.51874	872.22003
803.53082	871.31598
803.54291	869.78931
803.55499	870.71936
803.56714	869.51398
803.57922	872.07111
803.59131	873.9494
803.60339	875.35016
803.61548	873.26447
803.62756	873.15814
803.63965	872.9826
803.65173	870.7287
803.66382	872.63434
803.67596	872.12756
803.68805	872.28143
803.70013	872.49176
803.71222	871.49341
803.7243	871.64276
803.73639	872.46399
803.74847	872.62463
803.76056	873.30188
803.77264	872.04547
803.78479	870.59076
803.79688	872.24792
803.80896	872.5871
803.82104	871.87921
803.83313	872.7074
803.84521	872.29608
803.8573	871.00397
803.86938	870.1814
803.88147	871.87109
803.89362	873.23022
803.9057	872.36322
803.91779	872.49976
803.92987	871.41028
803.94196	872.74634
803.95404	871.78168
803.96613	871.90625
803.97821	871.97046
803.99036	870.60468
804.00244	872.19135
804.01453	871.2326
804.02661	872.58563
804.0387	872.62939
804.05078	873.08118
804.06287	870.56519
804.07495	872.12909
804.08704	873.29205
804.09918	872.27325
804.11127	872.87897
804.12335	873.20056
804.13544	872.34174
804.14752	871.20764
804.15961	873.32568
804.17169	871.4469
804.18378	872.01727
804.19586	873.89563
804.20801	873.1922
804.22009	871.24176
804.23218	872.11432
804.24426	871.54932
804.25635	872.30518
804.26843	871.78363
804.28052	871.08069
804.2926	872.86877
804.30469	874.4798
804.31683	875.06976
804.32892	873.32642
804.341	873.211
804.35309	872.21857
804.36517	872.9162
804.37726	873.36615
804.38934	871.70111
804.40143	872.12146
804.41351	872.90411
804.42566	871.46368
804.43774	872.97894
804.44983	873.9198
804.46191	873.0506
804.474	873.50043
804.48608	872.35669
804.49817	872.72864
804.51025	872.32501
804.5224	871.44653
804.53448	873.88708
804.54657	873.9035
804.55865	872.16193
804.57074	872.73853
804.58282	874.1745
804.59491	871.56927
804.60699	871.06262
804.61908	872.0791
804.63123	872.13599
804.64331	870.97473
804.6554	871.91046
804.66748	873.59143
804.67957	873.44409
804.69165	872.2157
804.70374	872.28119
804.71582	871.3385
804.72791	871.53876
804.74005	872.62622
804.75214	873.02057
804.76422	871.87
804.77631	872.5614
804.78839	873.44635
804.80048	873.7066
804.81256	872.68195
804.82465	871.79144
804.83673	872.63318
804.84888	872.09485
804.86096	873.33698
804.87305	872.93445
804.88513	873.51379
804.89722	872.77057
804.9093	871.90546
804.92139	874.45483
804.93347	873.2644
804.94556	873.79486
804.9577	872.89868
804.96979	872.97003
804.98187	873.94281
804.99396	875.01965
805.00604	874.19232
805.01813	873.90674
805.03021	873.00012
805.0423	873.78577
805.05444	874.18201
805.06653	874.94519
805.07861	872.43628
805.0907	873.17035
805.10278	874.28253
805.11487	873.51483
805.12695	873.34698
805.13904	873.74139
805.15112	873.03748
805.16327	873.54327
805.17535	874.13098
805.18744	872.20325
805.19952	871.96771
805.21161	874.59064
805.22369	874.55719
805.23578	873.97754
805.24786	873.50256
805.25995	874.02826
805.27209	873.23767
805.28418	872.80408
805.29626	873.1579
805.30835	874.03723
805.32043	873.87366
805.33252	875.17334
805.3446	874.5871
805.35669	874.6781
805.36877	875.35242
805.38092	873.63959
805.39301	874.24969
805.40509	873.96655
805.41718	874.11975
805.42926	874.04388
805.44135	875.21338
805.45343	874.8103
805.46552	873.8877
805.4776	875.03265
805.48975	874.86652
805.50183	873.48328
805.51392	873.38538
805.526	875.30481
805.53809	874.43182
805.55017	872.01611
805.56226	872.72223
805.57434	873.34204
805.58649	875.39172
805.59857	872.89569
805.61066	871.47687
805.62274	873.4436
805.63483	871.40094
805.64691	872.09882
805.659	875.4353
805.67108	873.55017
805.68317	875.3175
805.69531	875.81445
805.7074	875.90332
805.71948	873.66058
805.73157	874.13269
805.74365	874.90509
805.75574	873.8728
805.76782	876.41254
805.77991	875.14282
805.79199	874.31989
805.80414	875.95026
805.81622	875.67102
805.82831	871.85126
805.84039	873.83575
805.85248	873.6709
805.86456	874.09869
805.87665	874.27606
805.88873	874.88037
805.90082	875.28198
805.91296	875.04663
805.92505	873.15271
805.93713	873.54932
805.94922	873.89294
805.9613	874.46234
805.97339	873.84991
805.98547	872.80682
805.99756	872.90643
806.00964	874.15442
806.02179	873.50323
806.03387	871.92761
806.04596	873.94806
806.05804	875.13696
806.07013	875.98041
806.08221	876.5434
806.0943	876.4151
806.10638	875.55756
806.11853	875.80334
806.13062	875.4541
806.1427	874.79755
806.15479	875.28607
806.16687	876.19312
806.17896	875.33221
806.19104	873.86847
806.20313	874.18762
806.21521	874.45709
806.22736	874.33185
806.23944	874.59338
806.25153	873.84753
806.26361	873.69
806.2757	876.03986
806.28778	876.45367
806.29987	877.00043
806.31195	876.10767
806.32404	874.66351
806.33618	874.93188
806.34827	874.43079
806.36035	875.37103
806.37244	876.9649
806.38452	875.38367
806.39661	875.50995
806.40869	875.86517
806.42078	874.87665
806.43286	876.2843
806.44501	877.38971
806.45709	876.65192
806.46918	876.56134
806.48126	875.69562
806.49335	877.36963
806.50543	875.85626
806.51752	873.99829
806.5296	875.60095
806.54169	875.94745
806.55383	875.32617
806.56592	874.68512
806.578	878.50952
806.59009	876.62671
806.60217	875.81061
806.61426	877.25122
806.62634	877.53326
806.63843	877.40881
806.65057	875.68652
806.66266	876.7981
806.67474	878.32721
806.68683	876.73334
806.69891	878.59985
806.711	878.20636
806.72308	877.73816
806.73517	876.47272
806.74725	876.65637
806.7594	876.06805
806.77148	876.58826
806.78357	874.93774
806.79565	875.81671
806.80774	877.05737
806.81982	876.93353
806.83191	877.86615
806.84399	876.71777
806.85608	875.21246
806.86823	878.11902
806.88031	877.07465
806.8924	875.08429
806.90448	875.97552
806.91656	877.97131
806.92865	877.04584
806.94073	877.1394
806.95282	876.26373
806.9649	875.79712
806.97705	877.88556
806.98914	877.54254
807.00122	878.00092
807.01331	879.31744
807.02539	877.32251
807.03748	876.54163
807.04956	877.64673
807.06165	877.50262
807.07373	877.72217
807.08588	877.5058
807.09796	878.65027
807.11005	878.03064
807.12213	879.04321
807.13422	877.51575
807.1463	877.896
807.15839	880.02515
807.17047	877.42865
807.18262	879.4082
807.1947	878.82068
807.20679	878.64886
807.21887	878.83221
807.23096	878.68738
807.24304	879.86066
807.25513	879.10803
807.26721	878.255
807.2793	879.7243
807.29144	878.33508
807.30353	880.76782
807.31561	879.13202
807.3277	880.19171
807.33978	878.08105
807.35187	878.08649
807.36395	878.83203
807.37604	878.49469
807.38812	881.66382
807.40027	879.99622
807.41235	878.72955
807.42444	879.97278
807.43652	881.06653
807.44861	880.37579
807.46069	879.29498
807.47278	880.25269
807.48486	880.56116
807.49695	881.30603
807.50909	881.3313
807.52118	880.06396
807.53326	879.24036
807.54535	881.68188
807.55743	879.72333
807.56952	881.61145
807.5816	880.88385
807.59369	880.1676
807.60577	881.44989
807.61792	882.6582
807.63	881.84064
807.64209	882.51184
807.65417	881.05981
807.66626	881.40656
807.67834	880.4826
807.69043	881.21814
807.70251	882.3996
807.71466	882.26239
807.72675	881.02716
807.73883	881.54297
807.75092	882.12659
807.763	881.58594
807.77509	879.69318
807.78717	882.32233
807.79926	882.93762
807.81134	882.65363
807.82349	883.17987
807.83557	882.19885
807.84766	881.35992
807.85974	880.94348
807.87183	882.74994
807.88391	882.98138
807.896	884.09448
807.90808	882.58105
807.92017	882.93311
807.93231	883.77063
807.9444	884.29858
807.95648	882.19739
807.96857	881.67242
807.98065	881.3996
807.99274	882.62024
808.00482	882.20569
808.01691	884.14355
808.02899	882.99036
808.04114	883.18866
808.05322	884.1275
808.06531	884.36578
808.07739	884.08502
808.08948	883.2782
808.10156	882.81018
808.11365	884.68689
808.12573	883.75116
808.13782	883.48596
808.14996	885.14911
808.16205	882.36096
808.17413	882.95129
808.18622	884.97791
808.1983	884.69067
808.21039	883.60059
808.22247	882.00446
808.23456	883.35559
808.2467	885.97772
808.25879	884.32953
808.27087	884.42908
808.28296	884.94373
808.29504	887.2998
808.30713	885.58459
808.31921	886.82501
808.3313	885.91583
808.34338	885.03308
808.35553	887.61157
808.36761	886.51282
808.3797	885.93671
808.39178	886.7868
808.40387	887.10547
808.41595	888.16296
808.42804	884.77551
808.44012	885.77557
808.45221	886.56451
808.46436	887.65833
808.47644	889.27966
808.48853	888.50055
808.50061	886.94171
808.5127	889.03174
808.52478	889.53033
808.53687	891.02295
808.54895	887.63544
808.56104	890.13025
808.57318	887.88641
808.58527	888.47437
808.59735	890.44049
808.60944	891.03717
808.62152	887.30969
808.63361	889.71112
808.64569	887.60742
808.65778	887.60913
808.66986	890.63916
808.68201	890.05859
808.69409	885.87189
808.70618	889.49854
808.71826	887.72461
808.73035	891.00757
808.74243	890.40485
808.75452	890.93622
808.7666	890.32654
808.77875	891.31403
808.79083	892.26178
808.80292	891.82098
808.815	890.21863
808.82709	888.35156
808.83917	892.09552
808.85126	892.08173
808.86334	894.20636
808.87543	892.08807
808.88757	893.3894
808.89966	891.71039
808.91174	893.94824
808.92383	891.94006
808.93591	892.34204
808.948	890.62488
808.96008	891.82227
808.97217	893.28265
808.98425	892.59265
808.9964	894.13049
809.00848	894.38422
809.02057	894.6225
809.03265	895.63068
809.04474	896.98297
809.05682	894.35571
809.06891	897.83228
809.08099	893.784
809.09308	893.8252
809.10522	894.99213
809.11731	896.71075
809.12939	895.40778
809.14148	896.51929
809.15356	898.51721
809.16565	897.45984
809.17773	898.65686
809.18982	899.59363
809.2019	898.42535
809.21405	898.89063
809.22614	899.96436
809.23822	902.46918
809.25031	900.52509
809.26239	899.02515
809.27448	899.57269
809.28656	899.49414
809.29865	902.32245
809.31079	903.32202
809.32288	901.48175
809.33496	902.03186
809.34705	902.0899
809.35913	903.2558
809.37122	902.75531
809.3833	903.31061
809.39539	905.58545
809.40747	904.745
809.41962	903.20801
809.4317	903.2616
809.44379	903.30798
809.45587	904.57867
809.46796	906.7771
809.48004	907.68695
809.49213	908.63391
809.50421	907.21808
809.5163	905.33301
809.52844	907.00061
809.54053	908.65613
809.55261	908.22046
809.5647	907.19836
809.57678	907.18311
809.58887	908.19763
809.60095	909.44525
809.61304	910.54535
809.62512	909.38599
809.63727	910.07416
809.64935	910.10022
809.66144	910.99744
809.67352	913.88055
809.68561	913.21307
809.69769	911.83459
809.70978	912.82428
809.72186	912.8205
809.73395	915.23157
809.74609	916.2254
809.75818	917.60901
809.77026	917.51251
809.78235	914.78162
809.79443	916.73694
809.80652	919.86017
809.8186	917.54211
809.83069	918.19586
809.84283	918.72797
809.85492	919.9165
809.867	919.79022
809.87909	920.93713
809.89117	922.94971
809.90326	922.58441
809.91534	923.11951
809.92743	922.71692
809.93951	923.38599
809.95166	926.3382
809.96375	928.96912
809.97583	928.3714
809.98792	930.42462
810	932.48322
810.01208	932.09827
810.02417	932.27319
810.03625	935.04077
810.04834	937.3822
810.06049	938.03662
810.07257	935.90045
810.08466	939.91577
810.09674	937.81805
810.10883	939.70203
810.12091	942.86975
810.133	947.60608
810.14508	945.94727
810.15717	948.60327
810.16931	950.87848
810.1814	949.79889
810.19348	949.84637
810.20557	954.53473
810.21765	953.21582
810.22974	965.89752
810.24182	964.24054
810.25391	967.52765
810.26605	972.65613
810.27814	971.3678
810.29022	976.99152
810.30231	976.08069
810.31439	983.42004
810.32648	984.00189
810.33856	984.56171
810.35065	989.5528
810.36273	992.17462
810.37488	994.88458
810.38696	999.37689
810.39905	1000.5794
810.41113	1009.6583
810.42322	1008.0149
810.4353	1012.4691
810.44739	1021.5164
810.45947	1018.9818
810.47156	1020.7587
810.4837	1032.9271
810.49579	1033.8169
810.50787	1038.3535
810.51996	1040.0527
810.53204	1048.7462
810.54413	1054.267
810.55621	1056.7648
810.5683	1064.3599
810.58038	1064.3118
810.59253	1066.8005
810.60461	1064.4171
810.6167	1075.0062
810.62878	1078.2041
810.64087	1077.8682
810.65295	1085.5295
810.66504	1089.3003
810.67712	1090.7333
810.68921	1087.1455
810.70135	1090.4138
810.71344	1092.637
810.72552	1091.459
810.73761	1093.3645
810.74969	1091.6055
810.76178	1092.4489
810.77386	1090.899
810.78595	1090.1254
810.7981	1092.6675
810.81018	1087.4834
810.82227	1089.1721
810.83435	1081.0747
810.84644	1075.678
810.85852	1072.3888
810.87061	1069.3021
810.88269	1064.2853
810.89478	1066.6447
810.90692	1061.8112
810.91901	1053.9796
810.93109	1045.97
810.94318	1046.9879
810.95526	1045.6371
810.96735	1041.0281
810.97943	1037.4546
810.99152	1033.2849
811.0036	1024.3655
811.01575	1025.1198
811.02783	1022.8367
811.03992	1012.1163
811.052	1008.5793
811.06409	1010.8544
811.07617	1008.935
811.08826	1007.1071
811.10034	994.78192
811.11243	996.40002
811.12457	992.81677
811.13666	993.74402
811.14874	992.27863
811.16083	994.17004
811.17291	992.28394
811.185	986.27545
811.19708	982.29456
811.20917	983.58905
811.22125	979.91766
811.2334	978.90814
811.24548	974.32001
811.25757	975.99579
811.26965	976.29016
811.28174	978.638
811.29382	974.43268
811.30591	973.8277
811.31799	968.36389
811.33014	968.71741
811.34222	967.62952
811.35431	971.92242
811.36639	970.42773
811.37848	971.14038
811.39056	966.9903
811.40265	969.70135
811.41473	969.50531
811.42682	970.71344
811.43896	969.01776
811.45105	972.1123
811.46313	970.3147
811.47522	971.12238
811.4873	966.89252
811.49939	967.93109
811.51147	970.46155
811.52356	972.724
811.53564	971.42004
811.54779	974.53845
811.55988	974.99298
811.57196	971.88373
811.58405	971.95294
811.59613	974.13959
811.60822	977.50928
811.6203	975.64319
811.63239	975.14026
811.64447	975.24579
811.65662	979.61707
811.6687	977.32294
811.68079	973.44855
811.69287	977.62646
811.70496	983.44092
811.71704	985.88635
811.72913	985.67889
811.74121	982.22565
811.7533	983.91315
811.76544	982.77252
811.77753	987.67279
811.78961	993.12512
811.8017	988.24194
811.81378	989.60193
811.82587	993.97058
811.83795	998.70575
811.85004	994.7215
811.86218	993.79291
811.87427	999.66589
811.88635	998.21515
811.89844	1001.4138
811.91052	1006.8223
811.92261	1008.9416
811.93469	1011.2314
811.94678	1012.0222
811.95886	1010.3224
811.97101	1014.2311
811.98309	1019.7849
811.99518	1020.9377
812.00726	1023.3872
812.01935	1022.3268
812.03143	1021.6928
812.04352	1020.8514
812.0556	1024.5706
812.06769	1031.9388
812.07983	1029.7994
812.09192	1030.5342
812.104	1036.8447
812.11609	1041.3163
812.12817	1049.8741
812.14026	1050.756
812.15234	1048.6852
812.16443	1060.7045
812.17651	1064.9025
812.18866	1071.2455
812.20074	1071.5953
812.21283	1081.7666
812.22491	1087.6826
812.237	1088.0283
812.24908	1086.2479
812.26117	1102.8502
812.27325	1102.1566
812.28534	1114.2299
812.29749	1115.5634
812.30957	1119.8119
812.32166	1123.8105
812.33374	1132.8781
812.34583	1137.2894
812.35791	1141.7161
812.37	1160.6841
812.38208	1173.8066
812.39423	1184.2739
812.40631	1196.891
812.4184	1197.8864
812.43048	1209.8385
812.44257	1223.379
812.45465	1233.1682
812.46674	1245.5648
812.47882	1270.002
812.49091	1279.91
812.50305	1284.8169
812.51514	1309.5836
812.52722	1320.5417
812.53931	1340.3005
812.55139	1361.9009
812.56348	1378.2351
812.57556	1392.7557
812.58765	1407.0725
812.59973	1417.5409
812.61188	1442.8046
812.62396	1467.3983
812.63605	1490.1232
812.64813	1515.1115
812.66022	1537.0819
812.6723	1552.9131
812.68439	1590.6658
812.69647	1604.7147
812.70856	1635.0031
812.7207	1665.0333
812.73279	1700.0033
812.74487	1720.415
812.75696	1744.5103
812.76904	1774.6632
812.78113	1801.26
812.79321	1829.0681
812.8053	1857.0635
812.81738	1887.631
812.82953	1916.3861
812.84161	1927.5349
812.8537	1962.1652
812.86578	1995.2986
812.87787	2005.9183
812.88995	2024.4377
812.90204	2038.0985
812.91412	2071.2573
812.92627	2094.5259
812.93835	2100.0908
812.95044	2106.6003
812.96252	2109.9856
812.97461	2130.6328
812.98669	2122.384
812.99878	2135.6479
813.01086	2102.876
813.02295	2112.571
813.0351	2095.8691
813.04718	2123.7234
813.05927	2118.7742
813.07135	2084.3345
813.08344	2070.4995
813.09552	2056.5913
813.1076	2041.0588
813.11969	2039.4962
813.13177	2001.432
813.14392	1975.0726
813.15601	1955.6437
813.16809	1948.1022
813.18018	1911.4391
813.19226	1913.556
813.20435	1884.2266
813.21643	1851.0087
813.22852	1838.3091
813.2406	1813.4209
813.25275	1778.3092
813.26483	1760.5485
813.27692	1726.9504
813.289	1724.3184
813.30109	1699.542
813.31317	1686.8252
813.32526	1657.4783
813.33734	1639.4393
813.34943	1625.6313
813.36157	1602.2753
813.37366	1584.3771
813.38574	1561.3412
813.39783	1531.9309
813.40991	1522.7504
813.422	1516.1166
813.43408	1492.9313
813.44617	1474.424
813.45831	1458.9598
813.4704	1439.4532
813.48248	1433.8923
813.49457	1423.7424
813.50665	1415.5007
813.51874	1396.4077
813.53082	1364.5121
813.54291	1356.0211
813.55499	1348.2422
813.56714	1341.7395
813.57922	1331.3489
813.59131	1328.9825
813.60339	1312.0924
813.61548	1290.6499
813.62756	1263.5295
813.63965	1267.6387
813.65173	1270.3235
813.66382	1261.5333
813.67596	1246.0168
813.68805	1239.9344
813.70013	1234.547
813.71222	1222.3398
813.7243	1221.3854
813.73639	1210.8159
813.74847	1203.9484
813.76056	1195.5831
813.77264	1181.8683
813.78479	1183.7937
813.79688	1176.6239
813.80896	1164.1177
813.82104	1157.3386
813.83313	1150.134
813.84521	1145.2529
813.8573	1142.0172
813.86938	1135.3379
813.88147	1128.2234
813.89362	1127.4796
813.9057	1122.5417
813.91779	1111.0302
813.92987	1107.1512
813.94196	1106.089
813.95404	1103.6011
813.96613	1099.166
813.97821	1104.937
813.99036	1102.2917
814.00244	1094.5867
814.01453	1089.0515
814.02661	1081.9277
814.0387	1081.7017
814.05078	1075.4708
814.06287	1071.7388
814.07495	1070.8684
814.08704	1069.2422
814.09918	1074.5293
814.11127	1073.3719
814.12335	1069.8126
814.13544	1067.1509
814.14752	1068.0647
814.15961	1056.0764
814.17169	1067.0781
814.18378	1076.3949
814.19586	1067.0581
814.20801	1073.7163
814.22009	1072.5325
814.23218	1064.5977
814.24426	1069.9144
814.25635	1082.3978
814.26843	1071.2628
814.28052	1070.2928
814.2926	1073.5599
814.30469	1073.7562
814.31683	1082.8115
814.32892	1091.6814
814.341	1081.897
814.35309	1079.1895
814.36517	1085.7416
814.37726	1083.8085
814.38934	1086.8293
814.40143	1083.7994
814.41351	1088.4696
814.42566	1091.0298
814.43774	1081.204
814.44983	1088.6835
814.46191	1092.7556
814.474	1092.9856
814.48608	1093.3705
814.49817	1097.2683
814.51025	1096.8069
814.5224	1099.0541
814.53448	1097.67
814.54657	1103.7041
814.55865	1102.1124
814.57074	1096.6631
814.58282	1095.2804
814.59491	1110.8524
814.60699	1116.9841
814.61908	1109.0664
814.63123	1120.0831
814.64331	1113.3368
814.6554	1117.2439
814.66748	1108.7817
814.67957	1127.3986
814.69165	1115.8153
814.70374	1116.287
814.71582	1118.6089
814.72791	1125.3917
814.74005	1118.4268
814.75214	1117.8094
814.76422	1125.723
814.77631	1130.6306
814.78839	1130.9921
814.80048	1125.7135
814.81256	1128.259
814.82465	1134.2239
814.83673	1135.0864
814.84888	1131.1821
814.86096	1134.4847
814.87305	1130.0262
814.88513	1137.2009
814.89722	1136.401
814.9093	1132.7662
814.92139	1140.4521
814.93347	1142.9636
814.94556	1136.4612
814.9577	1138.546
814.96979	1140.2615
814.98187	1141.7943
814.99396	1152.1427
815.00604	1136.5112
815.01813	1134.4568
815.03021	1130.931
815.0423	1137.5497
815.05444	1141.2286
815.06653	1147.7189
815.07861	1152.519
815.0907	1151.8289
815.10278	1143.6327
815.11487	1147.423
815.12695	1152.9908
815.13904	1157.6681
815.15112	1161.1837
815.16327	1158.908
815.17535	1168.413
815.18744	1169.9706
815.19952	1169.7809
815.21161	1166.7271
815.22369	1170.9645
815.23578	1169.6146
815.24786	1168.151
815.25995	1174.3927
815.27209	1179.6514
815.28418	1187.2332
815.29626	1196.3274
815.30835	1197.2372
815.32043	1200.2097
815.33252	1204.1162
815.3446	1191.8666
815.35669	1195.6068
815.36877	1212.7985
815.38092	1218.7738
815.39301	1211.5132
815.40509	1209.5981
815.41718	1215.6416
815.42926	1217.5168
815.44135	1222.7374
815.45343	1232.9507
815.46552	1229.1459
815.4776	1247.4016
815.48975	1250.6229
815.50183	1248.3392
815.51392	1253.962
815.526	1257.877
815.53809	1268.6635
815.55017	1276.2316
815.56226	1280.8215
815.57434	1294.6066
815.58649	1281.0382
815.59857	1300.9385
815.61066	1302.9541
815.62274	1307.0192
815.63483	1319.7246
815.64691	1310.1483
815.659	1342.8256
815.67108	1342.9261
815.68317	1360.9288
815.69531	1346.4473
815.7074	1366.7051
815.71948	1368.72
815.73157	1388.4937
815.74365	1400.1469
815.75574	1393.8524
815.76782	1400.1261
815.77991	1434.7416
815.79199	1413.9257
815.80414	1450.0052
815.81622	1452.8284
815.82831	1465.933
815.84039	1469.1893
815.85248	1478.609
815.86456	1509.1302
815.87665	1531.7262
815.88873	1540.1433
815.90082	1557.5739
815.91296	1586.5687
815.92505	1600.613
815.93713	1616.585
815.94922	1646.5779
815.9613	1670.4031
815.97339	1699.6849
815.98547	1727.7838
815.99756	1760.1736
816.00964	1800.4106
816.02179	1824.0491
816.03387	1864.5868
816.04596	1890.717
816.05804	1943.4138
816.07013	1982.6843
816.08221	2025.7258
816.0943	2078.459
816.10638	2140.8921
816.11853	2200.875
816.13062	2256.4446
816.1427	2350.4336
816.15479	2437.4355
816.16687	2526.0586
816.17896	2628.1501
816.19104	2719.7493
816.20313	2838.635
816.21521	2979.0195
816.22736	3151.4131
816.23944	3339.4297
816.25153	3513.8098
816.26361	3727.8145
816.2757	3983.9292
816.28778	4292.9673
816.29987	4618.4429
816.31195	5016.71
816.32404	5474.8384
816.33618	6001.6045
816.34827	6701.8667
816.36035	7489.7192
816.37244	8461.2539
816.38452	9621.6357
816.39661	11042.914
816.40869	12698.178
816.42078	14595.526
816.43286	16791.938
816.44501	19279.131
816.45709	22004.381
816.46918	24830.598
816.48126	27405.434
816.49335	29851.389
816.50543	31877.734
816.51752	33304.785
816.5296	34071.895
816.54169	33940.91
816.55383	32679.854
816.56592	30898.76
816.578	28613.678
816.59009	25707.758
816.60217	22645.469
816.61426	19537.16
816.62634	16535.982
816.63843	13902.433
816.65057	11733.303
816.66266	9951.8838
816.67474	8512.3223
816.68683	7338.4946
816.69891	6412.5171
816.711	5628.8462
816.72308	4983.9692
816.73517	4480.4399
816.74725	4036.2991
816.7594	3684.2891
816.77148	3375.2266
816.78357	3095.0496
816.79565	2875.7542
816.80774	2689.3237
816.81982	2538.0791
816.83191	2402.1875
816.84399	2245.1541
816.85608	2127.0928
816.86823	1998.9534
816.88031	1899.1122
816.8924	1826.6073
816.90448	1786.7411
816.91656	1709.7418
816.92865	1651.795
816.94073	1613.3928
816.95282	1543.9464
816.9649	1510.8341
816.97705	1469.9708
816.98914	1422.7625
817.00122	1405.4395
817.01331	1383.8295
817.02539	1350.7996
817.03748	1323.6897
817.04956	1290.527
817.06165	1284.1377
817.07373	1247.1283
817.08588	1243.5615
817.09796	1221.3126
817.11005	1206.3118
817.12213	1173.9097
817.13422	1174.0977
817.1463	1167.645
817.15839	1145.9534
817.17047	1127.2686
817.18262	1123.0726
817.1947	1112.6934
817.20679	1101.0099
817.21887	1090.5248
817.23096	1088.2126
817.24304	1082.2013
817.25513	1069.8059
817.26721	1056.9978
817.2793	1047.1016
817.29144	1038.78
817.30353	1030.3529
817.31561	1026.9705
817.3277	1028.4504
817.33978	1015.461
817.35187	1015.9966
817.36395	1009.4587
817.37604	998.02338
817.38812	1005.5688
817.40027	992.77893
817.41235	991.91974
817.42444	990.3703
817.43652	978.62012
817.44861	983.21649
817.46069	980.24719
817.47278	973.82745
817.48486	976.9281
817.49695	968.33679
817.50909	966.12311
817.52118	960.27325
817.53326	962.90552
817.54535	955.46057
817.55743	952.03497
817.56952	949.08673
817.5816	942.40826
817.59369	951.79761
817.60577	946.69562
817.61792	945.73914
817.63	940.80194
817.64209	934.72852
817.65417	937.57465
817.66626	935.61853
817.67834	932.47101
817.69043	934.12854
817.70251	932.48315
817.71466	929.15027
817.72675	933.52197
817.73883	926.15125
817.75092	921.55914
817.763	919.39923
817.77509	922.54974
817.78717	921.00482
817.79926	921.03265
817.81134	923.14819
817.82349	912.4671
817.83557	914.08691
817.84766	913.35706
817.85974	912.92603
817.87183	907.80127
817.88391	914.25128
817.896	909.00311
817.90808	912.29309
817.92017	909.4884
817.93231	907.47003
817.9444	905.4754
817.95648	912.32935
817.96857	901.99878
817.98065	901.40369
817.99274	904.12231
818.00482	904.12585
818.01691	903.05231
818.02899	901.22156
818.04114	897.71289
818.05322	901.45258
818.06531	900.34052
818.07739	893.06409
818.08948	895.20679
818.10156	897.87012
818.11365	893.63635
818.12573	891.30621
818.13782	891.26477
818.14996	891.29846
818.16205	892.70642
818.17413	891.73785
818.18622	888.58923
818.1983	887.31732
818.21039	888.4455
818.22247	893.85883
818.23456	889.44342
818.2467	887.09772
818.25879	887.97693
818.27087	889.79633
818.28296	886.90076
818.29504	887.3772
818.30713	886.6001
818.31921	891.82062
818.3313	888.0296
818.34338	883.55688
818.35553	886.80072
818.36761	888.57281
818.3797	883.82092
818.39178	886.16901
818.40387	886.22327
818.41595	886.88739
818.42804	883.02252
818.44012	886.80511
818.45221	883.53265
818.46436	886.45459
818.47644	886.16589
818.48853	885.14111
818.50061	884.93127
818.5127	881.87238
818.52478	881.57935
818.53687	882.91089
818.54895	882.10919
818.56104	885.55554
818.57318	885.4024
818.58527	880.58044
818.59735	881.67548
818.60944	884.46808
818.62152	881.81445
818.63361	879.57977
818.64569	883.47296
818.65778	885.49524
818.66986	881.63489
818.68201	880.65826
818.69409	880.32465
818.70618	879.67395
818.71826	884.31488
818.73035	882.6712
818.74243	883.31866
818.75452	876.71655
818.7666	880.13782
818.77875	882.59869
818.79083	878.85858
818.80292	878.65558
818.815	880.31482
818.82709	879.82532
818.83917	879.19836
818.85126	881.1109
818.86334	879.29803
818.87543	879.20319
818.88757	880.77307
818.89966	879.36676
818.91174	878.45258
818.92383	877.46722
818.93591	877.01233
818.948	877.67352
818.96008	878.17126
818.97217	878.53662
818.98425	879.77325
818.9964	877.27191
819.00848	875.95404
819.02057	871.85321
819.03265	877.34052
819.04474	879.54559
819.05682	873.77576
819.06891	877.50214
819.08099	875.78467
819.09308	873.97247
819.10522	875.30164
819.11731	873.7085
819.12939	875.47363
819.14148	874.91187
819.15356	881.08447
819.16565	877.73914
819.17773	875.75201
819.18982	873.69452
819.2019	876.91821
819.21405	876.75317
819.22614	875.94171
819.23822	876.02863
819.25031	874.21576
819.26239	874.64948
819.27448	873.2514
819.28656	874.4859
819.29865	876.13043
819.31079	876.58051
819.32288	874.5415
819.33496	874.65363
819.34705	877.00739
819.35913	874.56232
819.37122	872.53876
819.3833	873.99426
819.39539	876.61633
819.40747	874.55182
819.41962	869.59723
819.4317	877.18481
819.44379	873.36438
819.45587	875.36285
819.46796	875.89728
819.48004	874.99152
819.49213	875.16022
819.50421	875.08862
819.5163	872.33704
819.52844	873.76599
819.54053	872.2428
819.55261	873.38763
819.5647	874.97852
819.57678	874.92676
819.58887	870.15424
819.60095	870.82739
819.61304	874.14618
819.62512	876.0177
819.63727	875.68475
819.64935	874.22223
819.66144	872.68848
819.67352	872.80347
819.68561	874.28333
819.69769	874.34619
819.70978	874.60217
819.72186	872.53143
819.73395	875.41895
819.74609	869.77905
819.75818	871.66724
819.77026	872.70215
819.78235	873.69568
819.79443	874.07013
819.80652	870.74908
819.8186	873.65784
819.83069	870.7204
819.84283	872.61597
819.85492	871.9809
819.867	872.88104
819.87909	872.4693
819.89117	872.00684
819.90326	872.96509
819.91534	873.33777
819.92743	872.91211
819.93951	873.12372
819.95166	872.8053
819.96375	872.7774
819.97583	872.99152
819.98792	871.17358
820	871.71613
