800.1441	876.34369
800.15613	876.09076
800.16809	874.89069
800.18011	873.97198
800.19214	875.27649
800.2041	874.9826
800.21613	876.08594
800.22815	875.84003
800.24017	874.92395
800.25214	876.29047
800.26416	873.229
800.27618	876.56696
800.28821	873.26703
800.30017	874.89563
800.31219	878.89886
800.32422	876.29242
800.33624	875.97699
800.34821	873.9649
800.36023	874.4837
800.37225	875.99475
800.38422	875.05585
800.39624	876.86316
800.40826	876.5434
800.42029	872.69055
800.43225	871.30096
800.44427	873.82971
800.4563	877.19434
800.46832	876.27008
800.48029	875.54401
800.49231	875.55609
800.50433	874.76648
800.51636	873.37799
800.52832	875.4696
800.54034	875.09332
800.55237	875.17584
800.56433	874.14685
800.57635	876.34479
800.58838	875.65308
800.6004	872.72473
800.61237	872.47345
800.62439	873.0166
800.63641	875.17627
800.64844	875.17865
800.6604	875.22388
800.67242	875.63666
800.68445	876.14612
800.69647	875.83484
800.70844	875.07611
800.72046	876.30701
800.73248	877.05029
800.74451	873.25806
800.75647	869.74774
800.76849	871.60583
800.78052	872.74585
800.79248	877.34216
800.8045	875.41058
800.81653	877.64551
800.82855	877.08124
800.84052	876.51892
800.85254	874.26129
800.86456	875.41003
800.87659	873.48547
800.88855	875.89221
800.90057	876.8996
800.9126	876.76855
800.92462	877.23297
800.93658	877.87537
800.94861	876.3653
800.96063	875.67932
800.9726	876.60028
800.98462	876.10986
800.99664	875.46777
801.00867	876.66888
801.02063	876.24377
801.03265	873.49774
801.04468	874.26794
801.0567	877.90045
801.06866	877.92426
801.08069	873.38635
801.09271	875.31964
801.10474	876.55591
801.1167	876.12256
801.12872	878.04187
801.14075	871.54419
801.15271	873.40497
801.16473	876.51672
801.17676	873.81696
801.18878	875.34235
801.20074	874.59937
801.21277	873.39417
801.22479	874.33575
801.23682	874.74634
801.24878	875.21027
801.2608	875.89819
801.27283	875.5918
801.28485	874.17566
801.29681	873.29675
801.30884	873.39996
801.32086	874.43188
801.33282	876.03168
801.34485	873.90381
801.35687	875.5177
801.3689	876.80627
801.38086	875.80151
801.39288	877.62756
801.40491	877.25836
801.41693	878.54181
801.42889	876.13086
801.44092	876.086
801.45294	875.63519
801.46497	874.29419
801.47693	874.16083
801.48895	876.14026
801.50098	874.005
801.51294	873.09082
801.52496	875.76477
801.53699	875.828
801.54901	875.38171
801.56097	873.6524
801.573	872.09082
801.58502	872.56573
801.59705	874.87689
801.60901	876.94116
801.62103	876.04565
801.63306	874.92871
801.64508	873.88208
801.65704	873.4386
801.66907	877.17401
801.68109	875.48663
801.69305	874.75214
801.70508	873.46533
801.7171	877.03253
801.72913	876.04742
801.74109	873.73071
801.75311	878.77179
801.76514	875.46075
801.77716	876.81879
801.78912	873.76526
801.80115	875.52979
801.81317	875.35425
801.8252	872.9342
801.83716	875.4848
801.84918	876.44678
801.86121	876.14294
801.87317	874.42041
801.88519	876.00372
801.89722	877.84357
801.90924	876.81812
801.9212	876.5
801.93323	875.19379
801.94525	874.97064
801.95728	878.0611
801.96924	876.95032
801.98126	876.72528
801.99329	877.14136
802.00531	877.02893
802.01727	876.97949
802.0293	875.54175
802.04132	875.09076
802.05328	875.12384
802.06531	872.14777
802.07733	877.2074
802.08936	879.39886
802.10132	873.06201
802.11334	874.1004
802.12537	875.76642
802.13739	873.03796
802.14935	875.72729
802.16138	872.94067
802.1734	873.71509
802.18542	871.98853
802.19739	873.83923
802.20941	872.97998
802.22144	873.68597
802.23346	876.80841
802.24542	872.78009
802.25745	871.75159
802.26947	875.60632
802.28143	872.4198
802.29346	872.71307
802.30548	875.57043
802.3175	873.23358
802.32947	874.21497
802.34149	875.39661
802.35352	876.38885
802.36554	872.6239
802.3775	877.11371
802.38953	877.45636
802.40155	871.16174
802.41357	874.42346
802.42554	875.96277
802.43756	873.88025
802.44958	876.49072
802.46155	874.14417
802.47357	875.06067
802.4856	875.94
802.49762	873.95306
802.50958	875.12604
802.52161	873.78278
802.53363	874.63544
802.54565	876.33777
802.55762	874.69574
802.56964	872.58313
802.58167	873.98639
802.59369	875.42773
802.60565	874.75372
802.61768	875.81091
802.6297	876.94757
802.64166	877.59796
802.65369	879.5448
802.66571	877.37762
802.67773	874.47424
802.6897	873.10663
802.70172	877.6723
802.71375	875.24945
802.72577	876.81342
802.73773	878.5531
802.74976	877.67059
802.76178	876.53009
802.7738	875.17694
802.78577	873.27545
802.79779	874.83594
802.80981	875.93188
802.82178	875.68378
802.8338	876.75128
802.84583	877.45898
802.85785	876.10663
802.86981	875.89661
802.88184	874.47095
802.89386	876.34351
802.90588	876.58984
802.91785	877.46948
802.92987	877.02802
802.94189	874.36322
802.95392	873.32166
802.96588	873.84015
802.97791	875.06879
802.98993	874.78949
803.00189	874.73596
803.01392	875.79913
803.02594	874.85248
803.03796	874.73077
803.04993	875.69537
803.06195	873.07062
803.07397	878.09015
803.086	878.2475
803.09796	879.57074
803.10999	878.02637
803.12201	875.41852
803.13403	877.52466
803.146	872.8606
803.15802	876.92047
803.17004	877.30914
803.18201	873.57001
803.19403	877.37708
803.20605	875.638
803.21808	874.52612
803.23004	873.92059
803.24207	873.23413
803.25409	875.56537
803.26611	874.18976
803.27808	875.45276
803.2901	876.03729
803.30212	873.97589
803.31415	874.34741
803.32611	874.32062
803.33813	873.8739
803.35016	875.29968
803.36212	876.57422
803.37415	877.4209
803.38617	876.26898
803.39819	875.33026
803.41016	874.65997
803.42218	876.06085
803.4342	875.16663
803.44623	877.53467
803.45819	878.04474
803.47021	875.34839
803.48224	876.13635
803.49426	874.99738
803.50623	876.56378
803.51825	876.00836
803.53027	877.03015
803.5423	873.88995
803.55426	877.03204
803.56628	874.36328
803.57831	873.42706
803.59027	874.40814
803.60229	876.65454
803.61432	875.57227
803.62634	878.11304
803.63831	876.93506
803.65033	875.18256
803.66235	874.04095
803.67438	873.06909
803.68634	871.52148
803.69836	873.52606
803.71039	876.35956
803.72241	876.96851
803.73438	876.53381
803.7464	876.12109
803.75842	875.87091
803.77039	876.30908
803.78241	877.47601
803.79443	878.07977
803.80646	876.81873
803.81842	875.96765
803.83044	875.85443
803.84247	875.79242
803.85449	875.18164
803.86646	875.34381
803.87848	876.8291
803.8905	875.94733
803.90253	875.46527
803.91449	876.01617
803.92651	876.71033
803.93854	873.3902
803.9505	875.38062
803.96252	877.7644
803.97455	877.39722
803.98657	874.58435
803.99854	877.0802
804.01056	873.9295
804.02258	874.33276
804.03461	877.46899
804.04657	877.91663
804.05859	875.99023
804.07062	877.18115
804.08264	876.28162
804.0946	875.99756
804.10663	876.19794
804.11865	874.93488
804.13062	874.62494
804.14264	875.00092
804.15466	874.92261
804.16669	875.37866
804.17865	875.12634
804.19067	874.59473
804.2027	875.51483
804.21472	877.37567
804.22668	876.85284
804.23871	876.73816
804.25073	874.85681
804.26276	874.70459
804.27472	875.46613
804.28674	876.20514
804.29877	875.22931
804.31073	876.70392
804.32275	876.13934
804.33478	876.1449
804.3468	874.46118
804.35876	872.87225
804.37079	877.30145
804.38281	875.82434
804.39484	874.4823
804.4068	875.4884
804.41882	875.57788
804.43085	875.57837
804.44287	875.5285
804.45483	876.15265
804.46686	874.85663
804.47888	875.66888
804.49084	874.82416
804.50287	874.92773
804.51489	875.58044
804.52692	875.43488
804.53888	875.38867
804.5509	874.08252
804.56293	874.74634
804.57495	874.90887
804.58691	876.80579
804.59894	876.74072
804.61096	876.03363
804.62299	874.89136
804.63495	874.82751
804.64697	876.55676
804.659	877.06537
804.67096	876.32037
804.68298	876.72217
804.69501	875.40027
804.70703	872.11523
804.71899	873.40753
804.73102	877.16144
804.74304	874.40112
804.75507	872.2879
804.76703	875.98828
804.77905	876.68109
804.79108	873.19348
804.8031	874.18884
804.81506	875.5531
804.82709	874.63098
804.83911	872.65692
804.85107	878.16406
804.8631	873.66577
804.87512	875.32483
804.88715	874.52148
804.89911	873.30585
804.91113	877.60925
804.92316	873.89893
804.93518	874.83142
804.94714	875.31915
804.95917	874.59235
804.97119	874.99976
804.98322	875.55005
804.99518	875.79993
805.0072	876.50159
805.01923	872.94415
805.03125	873.38959
805.04321	871.20996
805.05524	873.23444
805.06726	875.10339
805.07922	874.92572
805.09125	875.33081
805.10327	874.58362
805.1153	873.38367
805.12726	874.8363
805.13928	874.02295
805.15131	874.63318
805.16333	876.91223
805.17529	877.22406
805.18732	874.91589
805.19934	875.95465
805.21136	875.79449
805.22333	875.6853
805.23535	876.61847
805.24738	876.26923
805.25934	874.77661
805.27136	875.70441
805.28339	876.09784
805.29541	875.21075
805.30737	877.06396
805.3194	874.62354
805.33142	873.76965
805.34344	873.99261
805.35541	873.74817
805.36743	876.05396
805.37946	874.09479
805.39148	873.39343
805.40344	874.21393
805.41547	874.99396
805.42749	876.75403
805.43945	877.79041
805.45148	876.18591
805.4635	876.961
805.47552	876.5014
805.48749	875.60059
805.49951	877.85126
805.51154	876.2876
805.52356	876.37958
805.53552	875.12579
805.54755	876.52734
805.55957	877.14874
805.57159	874.755
805.58356	875.28815
805.59558	877.95508
805.6076	875.62616
805.61957	878.53046
805.63159	876.04718
805.64362	873.776
805.65564	874.09198
805.6676	874.61841
805.67963	875.14014
805.69165	875.18207
805.70367	875.73785
805.71564	875.953
805.72766	873.02197
805.73969	875.40594
805.75171	875.56677
805.76367	876.21393
805.7757	875.66589
805.78772	876.35211
805.79968	876.98456
805.81171	878.34094
805.82373	876.31995
805.83575	875.39764
805.84772	875.29724
805.85974	875.81323
805.87177	876.60712
805.88379	875.64667
805.89575	877.54462
805.90778	876.88824
805.9198	875.79779
805.93182	874.83093
805.94379	877.08112
805.95581	877.60236
805.96783	875.78186
805.9798	877.98322
805.99182	877.08813
806.00385	875.65912
806.01587	876.0296
806.02783	877.54236
806.03986	876.46918
806.05188	876.42719
806.0639	877.37604
806.07587	876.30316
806.08789	878.11407
806.09991	876.41254
806.11194	875.73132
806.1239	876.42462
806.13593	878.50323
806.14795	877.82904
806.15991	874.41241
806.17194	877.79401
806.18396	880.24884
806.19598	877.0274
806.20795	876.94464
806.21997	876.1756
806.23199	877.36072
806.24402	875.85754
806.25598	875.65607
806.26801	877.5282
806.28003	878.40491
806.29205	875.79651
806.30402	879.09796
806.31604	875.9317
806.32806	876.39709
806.34009	877.80585
806.35205	877.44232
806.36407	877.46631
806.3761	876.72089
806.38806	877.03717
806.40009	878.32471
806.41211	877.10522
806.42413	877.51825
806.4361	878.26074
806.44812	876.4306
806.46014	876.33685
806.47217	877.65564
806.48413	877.82849
806.49615	876.41309
806.50818	875.16766
806.5202	874.43994
806.53217	876.4715
806.54419	877.22729
806.55621	877.14838
806.56818	876.98901
806.5802	878.05505
806.59222	876.96588
806.60425	877.74731
806.61621	878.23889
806.62823	875.17389
806.64026	877.12982
806.65228	876.09827
806.66425	878.8847
806.67627	879.96594
806.68829	879.29413
806.70032	879.30884
806.71228	877.96002
806.7243	876.05023
806.73633	877.90045
806.74829	876.64063
806.76031	876.22632
806.77234	876.35181
806.78436	876.60974
806.79633	875.50806
806.80835	878.3316
806.82037	878.1192
806.8324	877.58752
806.84436	875.48999
806.85638	877.54443
806.86841	877.61584
806.88043	875.66296
806.8924	874.53076
806.90442	876.23145
806.91644	875.28986
806.92841	876.1817
806.94043	877.16382
806.95245	876.83362
806.96448	876.81696
806.97644	878.50958
806.98846	876.04761
807.00049	876.2384
807.01251	875.76556
807.02448	876.46454
807.0365	877.63489
807.04852	876.08868
807.06055	876.09875
807.07251	876.03906
807.08453	878.46448
807.09656	877.17706
807.10852	877.08069
807.12054	876.36292
807.13257	877.02649
807.14459	876.31622
807.15656	876.76233
807.16858	875.76129
807.1806	878.30133
807.19263	877.13116
807.20459	877.271
807.21661	876.83551
807.22864	875.56079
807.24066	877.23193
807.25262	879.85376
807.26465	878.75653
807.27667	876.48682
807.28864	876.50732
807.30066	876.78485
807.31268	877.2655
807.32471	877.7699
807.33667	877.85236
807.34869	876.96161
807.36072	876.86108
807.37274	877.58289
807.3847	878.61676
807.39673	877.70404
807.40875	877.59515
807.42078	877.55457
807.43274	877.15344
807.44476	879.05957
807.45679	877.6485
807.46875	876.62415
807.48077	877.61743
807.4928	877.10254
807.50482	878.07471
807.51678	878.88501
807.52881	878.80542
807.54083	879.00647
807.55286	878.15826
807.56482	876.62268
807.57684	876.18555
807.58887	877.72302
807.60089	878.41595
807.61285	879.21448
807.62488	879.59235
807.6369	877.901
807.64893	878.17987
807.66089	877.54944
807.67291	879.27679
807.68494	876.59888
807.6969	879.21991
807.70892	878.23492
807.72095	877.44745
807.73297	879.76727
807.74493	877.38599
807.75696	877.42792
807.76898	878.38031
807.78101	878.94165
807.79297	880.19177
807.80499	878.5567
807.81702	880.21283
807.82904	878.0415
807.841	878.78796
807.85303	879.52057
807.86505	878.72504
807.87701	878.24945
807.88904	876.79736
807.90106	878.79059
807.91309	877.82202
807.92505	876.51715
807.93707	877.00391
807.9491	880.59827
807.96112	879.99188
807.97308	880.71857
807.98511	880.07361
807.99713	879.59662
808.00916	882.41968
808.02112	882.34808
808.03314	880.10522
808.04517	877.23224
808.05713	879.02222
808.06915	878.78741
808.08118	880.12909
808.0932	880.61383
808.10516	880.61603
808.11719	881.40173
808.12921	880.52435
808.14124	881.39783
808.1532	881.53094
808.16522	881.42639
808.17725	878.78387
808.18927	881.18756
808.20123	882.9635
808.21326	881.28198
808.22528	880.32721
808.23724	878.81512
808.24927	881.79468
808.26129	879.19958
808.27332	879.04132
808.28528	877.66254
808.2973	880.08118
808.30933	882.49969
808.32135	883.93701
808.33331	884.01343
808.34534	879.75452
808.35736	881.89056
808.36938	883.38599
808.38135	884.13531
808.39337	880.66486
808.4054	882.94489
808.41736	880.11951
808.42938	881.86615
808.44141	884.87494
808.45343	882.84387
808.46539	882.99066
808.47742	881.43347
808.48944	883.1911
808.50146	883.29486
808.51343	880.70349
808.52545	884.367
808.53748	881.56342
808.5495	880.80011
808.56146	881.71326
808.57349	883.06036
808.58551	882.45038
808.59747	882.72253
808.6095	881.28418
808.62152	882.81445
808.63354	883.10767
808.64551	880.85968
808.65753	885.03583
808.66956	884.65118
808.68158	880.8891
808.69354	882.72559
808.70557	885.43726
808.71759	882.42242
808.72961	886.00964
808.74158	885.28589
808.7536	882.44824
808.76563	884.9491
808.77759	884.05566
808.78961	883.49414
808.80164	883.46381
808.81366	885.2691
808.82562	885.98175
808.83765	884.1709
808.84967	885.80896
808.86169	884.88214
808.87366	882.90039
808.88568	887.00293
808.89771	885.91595
808.90973	883.43536
808.92169	885.84552
808.93372	888.4021
808.94574	887.44153
808.9577	889.37732
808.96973	887.22339
808.98175	885.02368
808.99377	886.77533
809.00574	885.38324
809.01776	885.36292
809.02979	887.22021
809.04181	887.59161
809.05377	887.81561
809.0658	887.93066
809.07782	887.2724
809.08984	888.30878
809.10181	888.40344
809.11383	887.10547
809.12585	888.28949
809.13788	889.50311
809.14984	888.59351
809.16187	888.28485
809.17389	889.24023
809.18585	891.38867
809.19788	894.0451
809.2099	892.8606
809.22192	888.9436
809.23389	888.01459
809.24591	889.68433
809.25793	891.91785
809.26996	892.01526
809.28192	893.31238
809.29395	889.51117
809.30597	889.40344
809.31799	891.63757
809.32996	891.75568
809.34198	893.62219
809.354	891.77795
809.36597	888.86505
809.37799	895.25439
809.39001	893.83356
809.40204	891.53815
809.414	888.89679
809.42603	891.42743
809.43805	892.29523
809.45007	889.56842
809.46204	893.29419
809.47406	894.62762
809.48608	890.66058
809.49811	891.2973
809.51007	892.99744
809.52209	896.68707
809.53412	893.55518
809.54608	890.31927
809.55811	896.92499
809.57013	896.1015
809.58215	891.89563
809.59412	893.04718
809.60614	895.55469
809.61816	896.49005
809.63019	897.10278
809.64215	900.40973
809.65417	896.09839
809.6662	900.17896
809.67822	899.703
809.69019	898.57648
809.70221	899.08337
809.71423	904.21008
809.7262	901.43616
809.73822	897.35999
809.75024	897.72211
809.76227	904.12384
809.77423	901.91125
809.78625	899.16064
809.79828	897.32648
809.8103	908.37598
809.82227	903.87665
809.83429	900.40295
809.84631	903.31525
809.85834	904.65594
809.8703	905.02991
809.88232	904.63623
809.89435	909.41022
809.90631	908.09705
809.91833	902.28552
809.93036	907.17371
809.94238	909.57788
809.95435	908.92218
809.96637	907.73688
809.97839	911.34906
809.99042	913.00677
810.00238	909.25684
810.0144	909.46844
810.02643	915.4364
810.03845	906.99506
810.05042	916.27399
810.06244	917.12756
810.07446	913.15906
810.08643	917.07263
810.09845	923.43188
810.11047	915.901
810.1225	915.06531
810.13446	914.18097
810.14648	914.40771
810.15851	917.91656
810.17053	917.72137
810.1825	923.69922
810.19452	924.47522
810.20654	927.38184
810.21857	930.57312
810.23053	926.55072
810.24255	929.70752
810.25458	938.22156
810.26654	937.25024
810.27856	935.15045
810.29059	938.41162
810.30261	939.76379
810.31458	939.08105
810.3266	940.86511
810.33862	940.65808
810.35065	944.10278
810.36261	946.51703
810.37463	943.88177
810.38666	946.97565
810.39868	955.41675
810.41064	959.01172
810.42267	958.3504
810.43469	961.93231
810.44672	962.02728
810.45868	963.86023
810.4707	966.7088
810.48273	974.6225
810.49469	975.54492
810.50671	977.05896
810.51874	979.41284
810.53076	985.94379
810.54272	991.79169
810.55475	996.83289
810.56677	998.54016
810.5788	1002.3625
810.59076	997.99902
810.60278	999.85687
810.61481	1006.3041
810.62683	1008.788
810.63879	1009.3229
810.65082	1019.0428
810.66284	1025.7533
810.6748	1022.5872
810.68683	1020.1797
810.69885	1026.3315
810.71088	1028.1852
810.72284	1026.1459
810.73486	1030.2439
810.74689	1031.8417
810.75891	1036.5123
810.77087	1037.0101
810.7829	1036.9457
810.79492	1034.6173
810.80695	1033.481
810.81891	1032.3848
810.83093	1032.5392
810.84296	1034.4874
810.85492	1029.193
810.86694	1029.8756
810.87897	1032.1208
810.89099	1026.8771
810.90295	1021.5837
810.91498	1016.0123
810.927	1012.5594
810.93903	1010.7771
810.95099	1010.2388
810.96301	1007.3994
810.97504	1002.1417
810.98706	1003.0174
810.99902	999.84039
811.01105	996.37592
811.02307	992.59253
811.03503	984.52191
811.04706	981.37402
811.05908	979.31354
811.07111	980.9715
811.08307	977.64539
811.09509	979.29041
811.10712	976.51794
811.11914	976.36597
811.1311	969.40991
811.14313	966.24017
811.15515	968.31622
811.16718	966.61896
811.17914	959.17535
811.19116	960.65338
811.20319	961.8454
811.21515	953.40576
811.22717	954.91638
811.2392	957.22205
811.25122	957.86847
811.26318	954.48737
811.27521	947.96844
811.28723	950.37451
811.29926	950.67291
811.31122	949.68378
811.32324	949.50781
811.33527	950.03387
811.34729	953.32129
811.35925	948.61047
811.37128	946.5448
811.3833	944.39056
811.39526	944.86365
811.40729	948.68665
811.41931	949.12213
811.43134	947.06531
811.4433	945.91882
811.45532	948.22437
811.46735	945.49506
811.47937	942.54089
811.49133	941.92542
811.50336	945.71106
811.51538	944.72717
811.5274	947.63202
811.53937	948.24542
811.55139	944.94452
811.56342	945.72601
811.57538	943.87585
811.5874	947.35571
811.59943	947.11212
811.61145	946.71002
811.62341	946.60388
811.63544	946.25684
811.64746	948.48199
811.65948	946.11334
811.67145	949.00031
811.68347	944.81372
811.6955	948.62952
811.70752	949.61053
811.71948	945.75372
811.73151	954.04169
811.74353	950.76965
811.75549	949.23285
811.76752	951.36731
811.77954	950.664
811.79156	948.01239
811.80353	952.91669
811.81555	952.59814
811.82758	958.47137
811.8396	957.25446
811.85156	957.74414
811.86359	960.00745
811.87561	957.58759
811.88763	954.96368
811.8996	960.47021
811.91162	961.55444
811.92365	956.34656
811.93567	957.14655
811.94763	960.94263
811.95966	961.27069
811.97168	957.53033
811.98364	961.7146
811.99567	967.88788
812.00769	968.01617
812.01971	966.6839
812.03168	965.47614
812.0437	967.8443
812.05573	965.56055
812.06775	968.36023
812.07971	971.32281
812.09174	977.20715
812.10376	978.5611
812.11578	976.4054
812.12775	976.89459
812.13977	982.64612
812.15179	991.25934
812.16376	989.17365
812.17578	986.35217
812.18781	992.54547
812.19983	994.85223
812.21179	1001.9487
812.22382	999.94409
812.23584	1001.2882
812.24786	999.94073
812.25983	1003.4944
812.27185	1012.9279
812.28387	1018.3203
812.2959	1018.8292
812.30786	1016.8627
812.31989	1023.3892
812.33191	1029.2844
812.34387	1030.775
812.3559	1035.0144
812.36792	1036.3993
812.37994	1036.3485
812.39191	1050.3374
812.40393	1043.7455
812.41595	1053.0895
812.42798	1067.3453
812.43994	1065.6938
812.45197	1079.5618
812.46399	1084.704
812.47601	1081.1754
812.48798	1079.7721
812.5	1095.8024
812.51202	1107.7057
812.52399	1111.8806
812.53601	1118.1628
812.54803	1123.1276
812.56006	1132.5291
812.57202	1136.449
812.58405	1143.3948
812.59607	1164.897
812.60809	1168.7544
812.62006	1179.6293
812.63208	1181.4056
812.6441	1188.9149
812.65613	1198.4929
812.66809	1211.6418
812.68011	1230.2825
812.69214	1243.5264
812.7041	1248.9027
812.71613	1261.2433
812.72815	1282.1737
812.74017	1297.0389
812.75214	1305.632
812.76416	1321.6461
812.77618	1345.7866
812.78821	1362.3225
812.80017	1377.4209
812.81219	1389.4229
812.82422	1414.1366
812.83624	1430.6931
812.84821	1446.252
812.86023	1468.271
812.87225	1489.52
812.88422	1511.4161
812.89624	1540.33
812.90826	1575.6483
812.92029	1604.0308
812.93225	1612.8049
812.94427	1627.416
812.9563	1640.386
812.96832	1677.1045
812.98029	1696.5533
812.99231	1724.1074
813.00433	1731.4064
813.01636	1739.7528
813.02832	1776.6179
813.04034	1804.9596
813.05237	1808.3203
813.06433	1819.3119
813.07635	1842.037
813.08838	1854.7845
813.1004	1859.3496
813.11237	1865.9232
813.12439	1858.0521
813.13641	1845.4823
813.14844	1851.5222
813.1604	1845.2189
813.17242	1839.2922
813.18445	1852.3416
813.19647	1851.3176
813.20844	1845.9562
813.22046	1833.0399
813.23248	1812.739
813.24451	1807.5598
813.25647	1788.6357
813.26849	1782.9534
813.28052	1776.0612
813.29248	1769.4528
813.3045	1772.8696
813.31653	1748.463
813.32855	1723.1066
813.34052	1718.9899
813.35254	1710.1273
813.36456	1674.2145
813.37659	1645.7427
813.38855	1629.3828
813.40057	1622.3583
813.4126	1612.8152
813.42462	1590.1913
813.43658	1573.9747
813.44861	1554.3993
813.46063	1530.9307
813.4726	1505.9617
813.48462	1489.4382
813.49664	1476.4944
813.50867	1463.6547
813.52063	1458.7366
813.53265	1445.6068
813.54468	1415.5627
813.5567	1405.8851
813.56866	1398.0935
813.58069	1378.222
813.59271	1362.7574
813.60474	1352.5934
813.6167	1337.366
813.62872	1321.4893
813.64075	1316.087
813.65271	1305.9996
813.66473	1287.5614
813.67676	1280.9769
813.68878	1274.2349
813.70074	1262.0146
813.71277	1242.7003
813.72479	1230.4167
813.73682	1230.5585
813.74878	1218.7157
813.7608	1208.4598
813.77283	1203.8182
813.78485	1192.6643
813.79681	1180.698
813.80884	1179.7924
813.82086	1173.5063
813.83282	1160.3724
813.84485	1154.4225
813.85687	1151.1045
813.8689	1139.668
813.88086	1123.0542
813.89288	1115.574
813.90491	1113.1729
813.91693	1110.4384
813.92889	1111.3669
813.94092	1102.8275
813.95294	1102.9574
813.96497	1098.8762
813.97693	1088.0548
813.98895	1074.2715
814.00098	1070.6527
814.01294	1077.2264
814.02496	1072.1467
814.03699	1068.8317
814.04901	1062.7131
814.06097	1065.1066
814.073	1054.4885
814.08502	1053.3287
814.09705	1062.0597
814.10901	1053.7594
814.12103	1048.6284
814.13306	1051.1858
814.14508	1051.2076
814.15704	1048.1951
814.16907	1049.6385
814.18109	1047.6659
814.19305	1046.5746
814.20508	1043.9143
814.2171	1042.6552
814.22913	1046.1766
814.24109	1042.5743
814.25311	1044.9707
814.26514	1048.0813
814.27716	1042.7705
814.28912	1046.1718
814.30115	1044.5194
814.31317	1044.704
814.3252	1047.6765
814.33716	1048.3439
814.34918	1046.0554
814.36121	1046.3845
814.37317	1043.9155
814.38519	1046.3763
814.39722	1039.2162
814.40924	1049.5936
814.4212	1044.021
814.43323	1041.8339
814.44525	1045.3079
814.45728	1047.4171
814.46924	1049.7264
814.48126	1051.5554
814.49329	1048.0137
814.50531	1045.7731
814.51727	1044.2533
814.5293	1052.9764
814.54132	1048.2227
814.55328	1056.941
814.56531	1047.5483
814.57733	1053.9508
814.58936	1057.1528
814.60132	1044.1559
814.61334	1045.9961
814.62537	1048.6854
814.63739	1043.6045
814.64935	1057.7078
814.66138	1057.5674
814.6734	1057.0962
814.68542	1053.8533
814.69739	1058.3044
814.70941	1052.9058
814.72144	1050.5706
814.73346	1042.4174
814.74542	1048.109
814.75745	1052.2107
814.76947	1058.0776
814.78143	1056.9497
814.79346	1061.1727
814.80548	1063.3735
814.8175	1059.778
814.82947	1054.9637
814.84149	1059.3346
814.85352	1053.8561
814.86554	1053.2157
814.8775	1056.11
814.88953	1054.6232
814.90155	1056.4854
814.91357	1058.1072
814.92554	1066.1117
814.93756	1060.261
814.94958	1053.0992
814.96155	1055.1161
814.97357	1064.2853
814.9856	1068.6713
814.99762	1064.3398
815.00958	1051.8588
815.02161	1047.853
815.03363	1057.1964
815.04565	1059.0707
815.05762	1054.8992
815.06964	1050.5292
815.08167	1053.818
815.09369	1054.8994
815.10565	1054.3488
815.11768	1059.7749
815.1297	1061.6029
815.14166	1061.3662
815.15369	1056.6313
815.16571	1055.1316
815.17773	1054.2936
815.1897	1054.5942
815.20172	1056.9462
815.21375	1058.8715
815.22577	1058.4153
815.23773	1062.1467
815.24976	1066.7263
815.26178	1056.256
815.2738	1056.1044
815.28577	1062.0956
815.29779	1072.269
815.30981	1072.5243
815.32178	1066.4509
815.3338	1064.9957
815.34583	1066.4636
815.35785	1067.5201
815.36981	1068.1677
815.38184	1065.7103
815.39386	1071.9797
815.40588	1068.3236
815.41785	1066.9951
815.42987	1063.8511
815.44189	1073.6638
815.45392	1073.8534
815.46588	1065.5912
815.47791	1070.1614
815.48993	1077.0428
815.50189	1075.8243
815.51392	1077.7079
815.52594	1074.8816
815.53796	1073.8767
815.54993	1075.2123
815.56195	1078.9446
815.57397	1079.7703
815.586	1085.5615
815.59796	1084.3329
815.60999	1087.319
815.62201	1082.0024
815.63403	1088.6284
815.646	1091.4878
815.65802	1091.6641
815.67004	1092.8652
815.68201	1084.481
815.69403	1086.6191
815.70605	1091.1499
815.71808	1091.37
815.73004	1084.8849
815.74207	1089.1815
815.75409	1094.8339
815.76611	1096.2985
815.77808	1094.1219
815.7901	1100.5461
815.80212	1104.6218
815.81415	1107.1272
815.82611	1097.7007
815.83813	1105.0616
815.85016	1112.0239
815.86212	1118.7754
815.87415	1120.1974
815.88617	1117.2743
815.89819	1113.5499
815.91016	1116.8597
815.92218	1137.1552
815.9342	1131.8004
815.94623	1128.6244
815.95819	1137.8884
815.97021	1139.3802
815.98224	1146.6986
815.99426	1143.6647
816.00623	1146.2383
816.01825	1149.1082
816.03027	1150.9939
816.0423	1150.1395
816.05426	1160.4916
816.06628	1163.7318
816.07831	1158.9309
816.09027	1161.2424
816.10229	1177.5045
816.11432	1193.1654
816.12634	1186.7491
816.13831	1189.7725
816.15033	1195.7687
816.16235	1204.3789
816.17438	1201.8395
816.18634	1205.4856
816.19836	1199.907
816.21039	1211.4976
816.22241	1230.4285
816.23438	1235.1705
816.2464	1240.972
816.25842	1248.0464
816.27039	1250.4539
816.28241	1274.7219
816.29443	1275.0533
816.30646	1288.6992
816.31842	1316.8578
816.33044	1325.0706
816.34247	1324.3763
816.35449	1346.3602
816.36646	1348.7405
816.37848	1357.4662
816.3905	1382.074
816.40253	1407.3665
816.41449	1403.566
816.42651	1443.1622
816.43854	1449.0244
816.4505	1456.4119
816.46252	1498.4181
816.47455	1509.168
816.48657	1539.345
816.49854	1554.5283
816.51056	1595.8165
816.52258	1616.6068
816.53461	1648.6875
816.54657	1682.7626
816.55859	1706.236
816.57062	1764.7528
816.58264	1797.5594
816.5946	1829.8239
816.60663	1893.4517
816.61865	1936.7825
816.63062	1999.9734
816.64264	2067.8586
816.65466	2129.1111
816.66669	2228.7275
816.67865	2296.2185
816.69067	2417.323
816.7027	2501.7703
816.71472	2622.4939
816.72668	2760.7283
816.73871	2930.9978
816.75073	3120.616
816.76276	3339.4333
816.77472	3543.1772
816.78674	3836.7595
816.79877	4159.0015
816.81073	4581.252
816.82275	5061.2661
816.83478	5693.8672
816.8468	6417.3457
816.85876	7398.3071
816.87079	8620.1436
816.88281	10196.108
816.89484	12069.756
816.9068	14535.231
816.91882	17411.766
816.93085	20896.918
816.94287	24490.012
816.95483	28431.381
816.96686	32370.381
816.97888	36026.539
816.99084	38966.602
817.00287	40930.074
817.01489	41751.441
817.02692	41556.863
817.03888	40302.949
817.0509	37868.363
817.06293	34813.453
817.07495	30998.896
817.08691	27028.156
817.09894	23106.23
817.11096	19364.918
817.12299	16126.858
817.13495	13324.885
817.14697	10940.728
817.159	9012.4121
817.17096	7497.3994
817.18298	6366.2632
817.19501	5496.6357
817.20703	4763.4751
817.21899	4200.0698
817.23102	3746.0449
817.24304	3406.4678
817.25507	3079.3901
817.26703	2822.7358
817.27905	2624.8835
817.29108	2428.0713
817.3031	2300.0837
817.31506	2171.8625
817.32709	2047.771
817.33911	1934.5898
817.35107	1844.7578
817.3631	1769.6067
817.37512	1702.3417
817.38715	1634.1177
817.39911	1572.319
817.41113	1533.0627
817.42316	1487.7592
817.43518	1445.1594
817.44714	1409.0171
817.45917	1377.3828
817.47119	1351.1678
817.48322	1320.8561
817.49518	1281.7649
817.5072	1264.8751
817.51923	1245.8269
817.53125	1230.9479
817.54321	1215.9758
817.55524	1201.9117
817.56726	1179.3868
817.57922	1164.6198
817.59125	1153.7245
817.60327	1128.0292
817.6153	1120.705
817.62726	1108.5211
817.63928	1095.115
817.65131	1091.6859
817.66333	1084.9834
817.67529	1073.5288
817.68732	1067.9998
817.69934	1055.587
817.71136	1048.7443
817.72333	1036.2771
817.73535	1039.5461
817.74738	1036.0298
817.75934	1025.6268
817.77136	1017.5129
817.78339	1011.3867
817.79541	1004.0239
817.80737	999.46539
817.8194	994.2204
817.83142	996.08044
817.84344	989.27374
817.85541	989.06628
817.86743	983.63123
817.87946	975.84351
817.89148	971.9798
817.90344	969.3587
817.91547	968.89368
817.92749	967.10413
817.93945	961.29504
817.95148	960.02808
817.9635	957.80414
817.97552	955.50745
817.98749	950.59985
817.99951	950.1626
818.01154	949.51947
818.02356	945.79199
818.03552	944.3443
818.04755	939.98022
818.05957	941.30786
818.07159	939.37158
818.08356	934.28851
818.09558	935.37732
818.1076	933.50372
818.11957	931.26477
818.13159	929.30591
818.14362	929.90924
818.15564	931.11328
818.1676	921.87085
818.17963	919.04022
818.19165	925.10236
818.20367	923.73096
818.21564	921.60278
818.22766	920.44818
818.23969	911.29602
818.25171	913.97333
818.26367	917.92206
818.2757	917.7182
818.28772	914.0058
818.29968	914.82056
818.31171	918.82233
818.32373	911.50262
818.33575	905.98853
818.34772	906.51971
818.35974	912.47906
818.37177	913.00342
818.38379	911.23273
818.39575	912.24695
818.40778	907.85913
818.4198	899.52881
818.43182	902.83752
818.44379	905.63098
818.45581	904.086
818.46783	901.34357
818.4798	902.32813
818.49182	902.57263
818.50385	904.94922
818.51587	905.16052
818.52783	903.67029
818.53986	900.4986
818.55188	898.51599
818.5639	900.00366
818.57587	898.97083
818.58789	894.86914
818.59991	896.51776
818.61194	896.62109
818.6239	897.71655
818.63593	895.58209
818.64795	893.77722
818.65991	900.5174
818.67194	894.31531
818.68396	894.10193
818.69598	896.9726
818.70795	895.54462
818.71997	897.32019
818.73199	894.46234
818.74402	893.96594
818.75598	896.72217
818.76801	893.03156
818.78003	897.78094
818.79205	893.82007
818.80402	892.61029
818.81604	893.51379
818.82806	893.0863
818.84009	890.29932
818.85205	888.43457
818.86407	891.00427
818.8761	888.87268
818.88806	891.80939
818.90009	890.14789
818.91211	888.01001
818.92413	887.22314
818.9361	891.16089
818.94812	888.10028
818.96014	888.88654
818.97217	889.85822
818.98413	886.5564
818.99615	885.85193
819.00818	885.33545
819.0202	888.44031
819.03217	886.0625
819.04419	886.12238
819.05621	884.89264
819.06818	886.1897
819.0802	885.18768
819.09222	886.33002
819.10425	885.75494
819.11621	886.18262
819.12823	887.81696
819.14026	886.17853
819.15228	883.9729
819.16425	884.56885
819.17627	885.98047
819.18829	884.85315
819.20032	883.85645
819.21228	887.08624
819.2243	885.966
819.23633	885.86218
819.24829	885.89935
819.26031	885.58893
819.27234	883.5976
819.28436	881.4223
819.29633	882.46381
819.30835	882.06683
819.32037	883.1441
819.3324	884.29565
819.34436	882.04303
819.35638	883.30658
819.36841	882.53656
819.38043	884.14227
819.3924	884.26147
819.40442	882.92792
819.41644	881.99139
819.42841	881.44269
819.44043	881.84247
819.45245	883.52765
819.46448	880.49158
819.47644	882.61676
819.48846	883.57098
819.50049	879.38794
819.51251	881.76605
819.52448	880.30011
819.5365	881.28168
819.54852	880.23676
819.56055	880.16406
819.57251	880.99127
819.58453	881.25537
819.59656	880.30841
819.60852	880.85132
819.62054	882.0285
819.63257	881.94958
819.64459	882.05756
819.65656	880.98413
819.66858	881.71161
819.6806	881.72577
819.69263	879.6615
819.70459	878.45044
819.71661	878.82892
819.72864	879.89136
819.74066	881.38403
819.75262	879.73602
819.76465	880.8064
819.77667	880.37183
819.78864	877.36047
819.80066	878.95306
819.81268	878.04547
819.82471	880.75952
819.83667	879.63568
819.84869	879.9693
819.86072	879.91364
819.87274	879.23151
819.8847	879.71655
819.89673	881.57623
819.90875	879.7063
819.92078	879.87433
819.93274	878.94165
819.94476	880.57233
819.95679	881.80444
819.96875	879.63593
819.98077	878.58545
819.9928	877.89014
820.00482	880.12225
820.01678	880.57123
820.02881	880.36853
820.04083	878.91437
820.05286	880.68353
820.06482	880.29065
820.07684	880.48169
820.08887	881.05145
820.10089	876.7641
820.11285	877.76343
820.12488	878.38971
820.1369	880.37665
820.14893	880.36554
820.16089	881.21521
820.17291	878.80078
820.18494	878.99591
820.1969	879.86877
820.20892	878.96259
820.22095	879.67725
820.23297	877.32343
820.24493	877.34027
820.25696	879.74994
820.26898	879.56537
820.28101	878.62158
820.29297	879.1983
820.30499	878.25568
820.31702	876.4436
820.32904	879.52197
820.341	879.16547
820.35303	877.58502
820.36505	877.16528
820.37701	878.37018
820.38904	879.8717
820.40106	880.25146
820.41309	878.22656
820.42505	877.65082
820.43707	878.26263
820.4491	877.69385
820.46112	877.76398
820.47308	876.58972
820.48511	877.01599
820.49713	877.9483
820.50916	876.38397
820.52112	880.70728
820.53314	877.13489
820.54517	877.19287
820.55713	878.5354
820.56915	876.91614
820.58118	878.1441
820.5932	878.55487
820.60516	874.55847
820.61719	877.28882
820.62921	876.6554
820.64124	875.82556
820.6532	876.16956
820.66522	875.48212
820.67725	878.43207
820.68927	878.61078
820.70123	878.01703
820.71326	875.56836
820.72528	878.87933
820.73724	879.54901
820.74927	877.65521
820.76129	876.31372
820.77332	877.11725
820.78528	877.02545
820.7973	878.76544
820.80933	879.867
820.82135	876.51624
820.83331	878.01178
820.84534	877.34723
820.85736	878.61151
820.86938	878.76074
820.88135	879.12933
820.89337	878.87091
820.9054	878.95172
820.91736	877.30389
820.92938	877.5766
820.94141	877.62567
820.95343	877.87103
820.96539	877.22876
820.97742	876.60077
820.98944	875.55206
821.00146	876.40631
821.01343	877.5127
821.02545	875.0423
821.03748	875.32538
821.0495	876.3559
821.06146	877.60126
821.07349	878.67743
821.08551	877.62506
821.09747	877.94934
821.1095	878.82605
821.12152	876.78485
821.13354	878.14783
821.14551	879.19989
821.15753	877.29303
821.16956	877.43243
821.18158	876.05383
821.19354	875.60931
821.20557	877.82593
821.21759	876.9917
821.22961	878.0965
821.24158	874.89545
821.2536	875.00067
821.26563	876.64221
821.27759	875.61163
821.28961	876.68158
821.30164	875.33722
821.31366	877.78925
821.32562	877.17651
821.33765	879.58807
821.34967	876.44269
821.36169	875.56274
821.37366	874.99078
821.38568	877.76672
821.39771	874.93207
821.40973	876.44092
821.42169	875.17004
821.43372	876.90436
821.44574	877.08398
821.4577	876.64929
821.46973	877.9491
821.48175	876.76355
821.49377	875.76666
821.50574	875.49829
821.51776	875.28186
821.52979	875.36847
821.54181	876.3609
821.55377	876.12317
821.5658	877.89044
821.57782	876.63708
821.58984	875.44141
821.60181	874.90631
821.61383	871.67743
821.62585	876.17523
821.63788	877.1955
821.64984	876.26624
821.66187	877.0611
821.67389	876.09961
821.68585	874.05225
821.69788	875.75873
821.7099	876.67828
821.72192	876.15161
821.73389	875.74048
821.74591	874.81207
821.75793	877.38306
821.76996	874.60468
821.78192	876.34424
821.79395	876.80438
821.80597	876.63428
821.81799	876.81128
821.82996	875.53467
821.84198	874.5368
821.854	874.98578
821.86597	876.72479
821.87799	877.41388
821.89001	877.45178
821.90204	877.88379
821.914	875.26349
821.92603	875.47668
821.93805	876.18469
821.95007	874.55292
821.96204	876.24408
821.97406	876.30499
821.98608	875.16687
821.99811	874.71741
822.01007	877.11713
822.02209	875.14862
822.03412	874.99298
822.04608	875.50684
822.05811	877.06415
822.07013	876.48425
822.08215	874.10107
822.09412	874.67004
822.10614	875.5603
822.11816	876.38751
822.13019	876.27917
822.14215	875.2901
822.15417	874.34229
822.1662	875.349
822.17822	875.77325
822.19019	875.55383
822.20221	877.30499
822.21423	874.55341
822.2262	876.7713
822.23822	877.72784
822.25024	876.72687
822.26227	877.99219
822.27423	876.45892
822.28625	875.2735
822.29828	873.08679
822.3103	875.09924
822.32227	875.91174
822.33429	875.83398
822.34631	877.08746
822.35834	874.68237
822.3703	877.23181
822.38232	875.27698
822.39435	876.4776
822.40631	876.27069
822.41833	875.52594
822.43036	874.50873
822.44238	875.98267
822.45435	875.3551
822.46637	876.15411
822.47839	876.41235
822.49042	876.7984
822.50238	877.71521
822.5144	876.7442
822.52643	876.3548
822.53845	875.21313
822.55042	875.27905
822.56244	875.10138
822.57446	874.44171
822.58643	875.61169
822.59845	876.05389
822.61047	875.38257
822.6225	873.94971
822.63446	875.60858
822.64648	875.67175
822.65851	876.31
822.67053	875.0152
822.6825	876.55835
822.69452	874.70624
822.70654	877.76385
822.71857	875.38123
822.73053	876.44965
822.74255	874.91693
822.75458	875.75116
822.76654	873.87274
822.77856	875.26819
822.79059	877.38446
822.80261	874.3609
822.81458	877.97852
822.8266	878.04449
822.83862	877.45807
822.85065	876.57135
822.86261	877.95447
822.87463	877.19659
822.88666	877.55255
822.89868	876.65918
822.91064	876.04913
822.92267	877.20099
822.93469	877.12689
822.94672	877.00305
822.95868	876.26678
822.9707	875.64044
822.98273	875.67731
822.99469	875.26752
823.00671	876.55823
823.01874	875.42822
823.03076	876.52417
823.04272	875.98676
823.05475	874.6958
823.06677	875.80627
823.0788	874.57227
823.09076	876.87451
823.10278	876.98669
823.11481	876.30469
823.12683	876.19177
823.13879	875.42102
823.15082	875.28979
823.16284	874.43994
823.1748	874.55743
823.18683	876.35431
823.19885	874.59082
823.21088	873.61572
823.22284	877.12897
823.23486	876.3067
823.24689	875.32654
823.25891	876.84351
823.27087	877.87238
823.2829	876.96771
823.29492	877.64288
823.30695	877.95117
823.31891	877.36694
823.33093	876.56116
823.34296	876.82147
823.35492	875.3772
823.36694	874.92743
823.37897	876.24451
823.39099	878.57019
823.40295	875.69574
823.41498	874.45215
823.427	875.45892
823.43903	875.2677
823.45099	879.27826
823.46301	875.92786
823.47504	875.83643
823.48706	874.08319
823.49902	877.20569
823.51105	875.3913
823.52307	875.06067
823.53503	876.24451
823.54706	875.50897
823.55908	874.37891
823.57111	877.9787
823.58307	875.01605
823.59509	876.52448
823.60712	876.69806
823.61914	876.37646
823.6311	875.29059
823.64313	875.08936
823.65515	877.10284
823.66718	878.24762
823.67914	876.94763
823.69116	876.57019
823.70319	877.18585
823.71515	875.23096
823.72717	874.71484
823.7392	873.67371
823.75122	874.4386
823.76318	874.83545
823.77521	877.81891
823.78723	879.15533
823.79926	874.76593
823.81122	878.41052
823.82324	875.37256
823.83527	876.0083
823.84729	875.50317
823.85925	874.88098
823.87128	875.98035
823.8833	875.13239
823.89526	876.14465
823.90729	875.76794
823.91931	875.09851
823.93134	874.96783
823.9433	877.23071
823.95532	875.4917
823.96735	876.4845
823.97937	877.44214
823.99133	876.01202
824.00336	876.24243
824.01538	876.1897
824.0274	876.85089
824.03937	876.40015
824.05139	875.07336
824.06342	876.52246
824.07538	875.89264
824.0874	874.80151
824.09943	874.36658
824.11145	875.97894
824.12341	874.58954
824.13544	875.45306
824.14746	877.12756
824.15948	874.89111
824.17145	873.16272
824.18347	877.40002
824.1955	877.26746
824.20752	874.07489
824.21948	876.23383
824.23151	873.7063
824.24353	877.02844
824.25549	876.72339
824.26752	876.94257
824.27954	876.62665
824.29156	875.29773
824.30353	877.87537
824.31555	877.12012
824.32758	879.4649
824.3396	879.33301
824.35156	877.30884
824.36359	876.83331
824.37561	874.24579
824.38763	874.62451
824.3996	875.84436
824.41162	877.13208
824.42365	877.37561
824.43567	875.62561
824.44763	875.07935
824.45966	875.96631
824.47168	877.00482
824.48364	878.04572
824.49567	878.74902
824.50769	876.93567
824.51971	876.11475
824.53168	876.08057
824.5437	876.10712
824.55573	877.26105
824.56775	879.50568
824.57971	878.33514
824.59174	876.43323
824.60376	876.60364
824.61578	874.44794
824.62775	873.75262
824.63977	875.64441
824.65179	876.01404
824.66376	877.52423
824.67578	876.29144
824.68781	870.59631
824.69983	872.36298
824.71179	877.28662
824.72382	876.21021
824.73584	876.90704
824.74786	875.12787
824.75983	876.10388
824.77185	875.52942
824.78387	876.11359
824.7959	876.84869
824.80786	874.8432
824.81989	873.33972
824.83191	876.81622
824.84387	875.67725
824.8559	876.47662
824.86792	874.95258
824.87994	875.54956
824.89191	877.31366
824.90393	877.03802
824.91595	873.84747
824.92798	872.70459
824.93994	871.92444
824.95197	873.91003
824.96399	876.1449
824.97601	876.10699
824.98798	874.4411
825	878.37677
