800.1441	870.36957
800.15613	869.00958
800.16809	868.17767
800.18011	869.09467
800.19214	868.16644
800.2041	867.15253
800.21613	870.19855
800.22815	869.61285
800.24017	865.35376
800.25214	867.26379
800.26416	869.11072
800.27618	869.4978
800.28821	869.11517
800.30017	868.19019
800.31219	870.31293
800.32422	870.58496
800.33624	870.95514
800.34821	869.62842
800.36023	867.04108
800.37225	868.02277
800.38422	870.8363
800.39624	868.17126
800.40826	867.13263
800.42029	869.05054
800.43225	869.02881
800.44427	869.42151
800.4563	869.83276
800.46832	869.25647
800.48029	868.77026
800.49231	868.88489
800.50433	867.4317
800.51636	864.86646
800.52832	870.53284
800.54034	870.06732
800.55237	869.17279
800.56433	871.0509
800.57635	870.5639
800.58838	867.92291
800.6004	871.16327
800.61237	870.45435
800.62439	868.22711
800.63641	870.95776
800.64844	870.29022
800.6604	868.72614
800.67242	868.25854
800.68445	868.58405
800.69647	869.08057
800.70844	869.70001
800.72046	870.3689
800.73248	869.58862
800.74451	868.36823
800.75647	869.12103
800.76849	871.19629
800.78052	868.09473
800.79248	868.29193
800.8045	869.43011
800.81653	868.11975
800.82855	868.59985
800.84052	872.43854
800.85254	868.01892
800.86456	868.90308
800.87659	867.80511
800.88855	867.91425
800.90057	869.51501
800.9126	869.35181
800.92462	868.69287
800.93658	870.14856
800.94861	868.13397
800.96063	869.39368
800.9726	870.26318
800.98462	869.20374
800.99664	869.18286
801.00867	868.09473
801.02063	868.43805
801.03265	869.52057
801.04468	870.38654
801.0567	870.29022
801.06866	870.97687
801.08069	870.84167
801.09271	872.04364
801.10474	867.97375
801.1167	867.62238
801.12872	870.91614
801.14075	869.74921
801.15271	870.92017
801.16473	871.09082
801.17676	870.33575
801.18878	869.26282
801.20074	868.31616
801.21277	868.08649
801.22479	872.93024
801.23682	870.96313
801.24878	869.23938
801.2608	868.70758
801.27283	867.29883
801.28485	868.42023
801.29681	871.28711
801.30884	871.77008
801.32086	869.74451
801.33282	869.2099
801.34485	868.11322
801.35687	870.98126
801.3689	869.76782
801.38086	866.64514
801.39288	869.87408
801.40491	868.34979
801.41693	872.45752
801.42889	870.13794
801.44092	872.89484
801.45294	872.61713
801.46497	870.84552
801.47693	867.62488
801.48895	867.7854
801.50098	868.74506
801.51294	869.75629
801.52496	870.40253
801.53699	871.19684
801.54901	868.57001
801.56097	867.64392
801.573	870.87592
801.58502	871.64319
801.59705	869.64246
801.60901	869.09473
801.62103	869.62708
801.63306	870.54608
801.64508	870.66779
801.65704	871.21075
801.66907	871.24493
801.68109	870.01605
801.69305	870.08246
801.70508	869.90625
801.7171	869.16614
801.72913	872.04932
801.74109	869.62439
801.75311	870.44586
801.76514	872.76575
801.77716	869.10101
801.78912	870.16034
801.80115	869.36768
801.81317	869.8219
801.8252	870.73755
801.83716	868.3465
801.84918	867.737
801.86121	869.29175
801.87317	868.94666
801.88519	869.10553
801.89722	869.58563
801.90924	869.13153
801.9212	869.71161
801.93323	870.75952
801.94525	870.52301
801.95728	869.21069
801.96924	868.68512
801.98126	869.0224
801.99329	869.17584
802.00531	869.59735
802.01727	870.21875
802.0293	870.87146
802.04132	868.70123
802.05328	871.03418
802.06531	867.633
802.07733	868.06616
802.08936	870.34601
802.10132	870.56793
802.11334	870.92834
802.12537	872.67273
802.13739	871.11511
802.14935	870.18579
802.16138	868.70306
802.1734	871.31293
802.18542	870.51819
802.19739	868.41516
802.20941	866.95361
802.22144	868.10046
802.23346	868.13342
802.24542	867.42181
802.25745	869.49054
802.26947	869.88232
802.28143	869.90332
802.29346	869.82623
802.30548	867.5636
802.3175	866.09479
802.32947	867.1781
802.34149	871.65344
802.35352	871.84137
802.36554	870.27686
802.3775	871.98376
802.38953	870.06293
802.40155	868.51746
802.41357	868.97681
802.42554	869.08698
802.43756	869.97705
802.44958	867.54218
802.46155	869.92865
802.47357	869.41833
802.4856	868.33008
802.49762	870.20557
802.50958	869.05096
802.52161	867.43469
802.53363	867.08429
802.54565	867.67114
802.55762	868.63556
802.56964	869.80817
802.58167	868.88428
802.59369	869.02802
802.60565	871.12225
802.61768	869.27399
802.6297	867.09473
802.64166	868.93182
802.65369	871.98682
802.66571	869.01605
802.67773	869.68048
802.6897	871.72894
802.70172	869.52002
802.71375	866.49609
802.72577	869.89264
802.73773	868.55664
802.74976	870.07275
802.76178	870.97614
802.7738	869.18597
802.78577	872.18329
802.79779	872.99548
802.80981	869.22601
802.82178	866.56079
802.8338	871.10754
802.84583	869.22192
802.85785	871.92023
802.86981	871.85376
802.88184	869.45282
802.89386	868.22028
802.90588	868.05481
802.91785	869.45117
802.92987	869.79523
802.94189	869.56262
802.95392	870.052
802.96588	868.35944
802.97791	868.39319
802.98993	871.84589
803.00189	871.09271
803.01392	869.80304
803.02594	868.57306
803.03796	867.09473
803.04993	867.9809
803.06195	871.4906
803.07397	871.03748
803.086	870.8053
803.09796	871.85767
803.10999	869.0777
803.12201	869.10809
803.13403	871.99243
803.146	871.13153
803.15802	872.88922
803.17004	873.02869
803.18201	865.57269
803.19403	867.4928
803.20605	872.81738
803.21808	870.74048
803.23004	871.5246
803.24207	872.61945
803.25409	871.56116
803.26611	873.03241
803.27808	871.763
803.2901	869.60767
803.30212	869.36005
803.31415	869.86121
803.32611	869.84875
803.33813	870.22681
803.35016	871.54242
803.36212	871.10364
803.37415	869.96649
803.38617	871.04767
803.39819	871.95453
803.41016	873.04083
803.42218	871.30566
803.4342	870.15253
803.44623	870.60956
803.45819	871.71875
803.47021	870.5282
803.48224	870.91052
803.49426	869.24365
803.50623	872.74438
803.51825	872.99445
803.53027	874.02332
803.5423	869.09717
803.55426	869.77246
803.56628	870.38342
803.57831	869.62769
803.59027	870.0423
803.60229	871.3714
803.61432	872.0163
803.62634	870.41565
803.63831	869.98364
803.65033	871.00226
803.66235	871.06238
803.67438	869.75439
803.68634	870.85126
803.69836	871.30157
803.71039	872.87897
803.72241	872.60675
803.73438	870.66846
803.7464	870.29901
803.75842	870.99194
803.77039	869.35883
803.78241	869.79138
803.79443	869.86353
803.80646	871.32581
803.81842	872.93347
803.83044	872.02759
803.84247	870.20532
803.85449	872.0531
803.86646	870.77032
803.87848	871.84393
803.8905	872.47876
803.90253	870.56824
803.91449	872.65387
803.92651	872.74805
803.93854	873.67023
803.9505	871.09009
803.96252	867.50488
803.97455	871.36853
803.98657	870.66016
803.99854	869.56635
804.01056	873.03918
804.02258	872.00458
804.03461	874.48969
804.04657	871.00641
804.05859	870.29944
804.07062	872.42224
804.08264	870.12549
804.0946	871.22302
804.10663	871.5943
804.11865	870.62463
804.13062	871.91162
804.14264	871.97156
804.15466	871.05505
804.16669	870.85504
804.17865	872.74408
804.19067	873.71082
804.2027	873.05402
804.21472	871.84308
804.22668	869.70435
804.23871	871.00427
804.25073	870.7594
804.26276	870.12915
804.27472	871.75653
804.28674	871.76422
804.29877	870.91296
804.31073	872.99585
804.32275	872.73474
804.33478	873.28558
804.3468	871.01459
804.35876	870.09546
804.37079	870.02612
804.38281	871.17456
804.39484	872.07935
804.4068	870.38739
804.41882	870.81329
804.43085	870.13989
804.44287	870.17688
804.45483	871.23254
804.46686	870.9032
804.47888	871.12109
804.49084	870.41718
804.50287	870.01074
804.51489	872.6319
804.52692	871.07343
804.53888	874.19391
804.5509	870.70551
804.56293	870.59955
804.57495	872.02209
804.58691	872.96399
804.59894	870.51709
804.61096	871.15149
804.62299	871.25006
804.63495	870.19092
804.64697	870.62286
804.659	871.86438
804.67096	872.89868
804.68298	872.30096
804.69501	871.91766
804.70703	872.38739
804.71899	870.81586
804.73102	870.65021
804.74304	873.29138
804.75507	872.40149
804.76703	871.08801
804.77905	871.74298
804.79108	871.47406
804.8031	870.32172
804.81506	871.43018
804.82709	873.63348
804.83911	874.59521
804.85107	873.23035
804.8631	875.0152
804.87512	870.52484
804.88715	872.19061
804.89911	873.59735
804.91113	874.09912
804.92316	875.28113
804.93518	872.67792
804.94714	871.97894
804.95917	871.49963
804.97119	871.91608
804.98322	870.38251
804.99518	871.27808
805.0072	871.53552
805.01923	873.45313
805.03125	871.22968
805.04321	871.1662
805.05524	871.67242
805.06726	871.63098
805.07922	870.48059
805.09125	872.18311
805.10327	873.19745
805.1153	872.26569
805.12726	872.89679
805.13928	872.9455
805.15131	872.04541
805.16333	871.41339
805.17529	871.40997
805.18732	871.72174
805.19934	872.19135
805.21136	873.84882
805.22333	873.48779
805.23535	873.60706
805.24738	873.04675
805.25934	874.7652
805.27136	873.84259
805.28339	872.62103
805.29541	872.77966
805.30737	874.72681
805.3194	875.58716
805.33142	874.21198
805.34344	872.00513
805.35541	873.87726
805.36743	873.89264
805.37946	873.49524
805.39148	875.50543
805.40344	874.41736
805.41547	872.86353
805.42749	873.15778
805.43945	871.99951
805.45148	872.85541
805.4635	871.29126
805.47552	873.79022
805.48749	872.6792
805.49951	873.61438
805.51154	871.04663
805.52356	874.09711
805.53552	872.72766
805.54755	871.33984
805.55957	872.48529
805.57159	874.85431
805.58356	874.0755
805.59558	873.20313
805.6076	873.89777
805.61957	872.85498
805.63159	873.87091
805.64362	872.10944
805.65564	871.83167
805.6676	871.63397
805.67963	873.03052
805.69165	873.97784
805.70367	873.39923
805.71564	874.4726
805.72766	872.7077
805.73969	870.95569
805.75171	871.00092
805.76367	872.76953
805.7757	874.48907
805.78772	872.9671
805.79968	873.32697
805.81171	872.7243
805.82373	872.92944
805.83575	874.7655
805.84772	873.65076
805.85974	873.68506
805.87177	872.61438
805.88379	869.74182
805.89575	872.53259
805.90778	875.26282
805.9198	874.25134
805.93182	874.35089
805.94379	875.19818
805.95581	874.57202
805.96783	873.6662
805.9798	872.49799
805.99182	874.31244
806.00385	874.94769
806.01587	875.12952
806.02783	874.41479
806.03986	876.57703
806.05188	872.07355
806.0639	875.00128
806.07587	873.07434
806.08789	869.92096
806.09991	873.61749
806.11194	874.68054
806.1239	874.51746
806.13593	874.92676
806.14795	875.05768
806.15991	874.37256
806.17194	875.06213
806.18396	874.27533
806.19598	875.04419
806.20795	876.46118
806.21997	874.81976
806.23199	873.64758
806.24402	873.58533
806.25598	875.89301
806.26801	875.65912
806.28003	874.96191
806.29205	873.84973
806.30402	874.92566
806.31604	872.25128
806.32806	874.5567
806.34009	875.63141
806.35205	875.55688
806.36407	874.79321
806.3761	874.77661
806.38806	874.38397
806.40009	874.88489
806.41211	873.20697
806.42413	872.67383
806.4361	873.27289
806.44812	873.24841
806.46014	873.04791
806.47217	871.62494
806.48413	874.20752
806.49615	873.95386
806.50818	873.97479
806.5202	874.93732
806.53217	876.45807
806.54419	875.16071
806.55621	874.20709
806.56818	872.89038
806.5802	876.5675
806.59222	874.40265
806.60425	873.81055
806.61621	874.76318
806.62823	873.22266
806.64026	875.11566
806.65228	876.716
806.66425	875.47272
806.67627	875.28931
806.68829	874.25708
806.70032	874.25629
806.71228	875.48108
806.7243	876.08893
806.73633	873.80389
806.74829	875.44855
806.76031	874.73645
806.77234	873.97839
806.78436	874.90442
806.79633	875.70813
806.80835	875.47601
806.82037	875.42749
806.8324	875.55835
806.84436	874.82953
806.85638	876.14642
806.86841	876.14056
806.88043	874.50232
806.8924	874.67365
806.90442	876.38068
806.91644	877.0766
806.92841	873.83008
806.94043	875.724
806.95245	875.64325
806.96448	877.07239
806.97644	875.86969
806.98846	876.19177
807.00049	873.67316
807.01251	876.00842
807.02448	875.83667
807.0365	876.5639
807.04852	873.87683
807.06055	876.29779
807.07251	875.52759
807.08453	876.25183
807.09656	877.90723
807.10852	874.86682
807.12054	876.49078
807.13257	877.15704
807.14459	874.40393
807.15656	875.98761
807.16858	875.18182
807.1806	874.39301
807.19263	875.98151
807.20459	875.16949
807.21661	873.78571
807.22864	874.76007
807.24066	877.10657
807.25262	878.24591
807.26465	874.67206
807.27667	876.11212
807.28864	874.51556
807.30066	875.67719
807.31268	876.96466
807.32471	878.17267
807.33667	876.55457
807.34869	876.33679
807.36072	877.14233
807.37274	875.56915
807.3847	874.34302
807.39673	875.7652
807.40875	877.14642
807.42078	875.6828
807.43274	877.89594
807.44476	878.8775
807.45679	876.88116
807.46875	876.73792
807.48077	876.35846
807.4928	876.36578
807.50482	874.07654
807.51678	874.1225
807.52881	874.71613
807.54083	877.47205
807.55286	879.5816
807.56482	877.10156
807.57684	876.09668
807.58887	876.57404
807.60089	877.51947
807.61285	876.93756
807.62488	876.46741
807.6369	878.37323
807.64893	877.41553
807.66089	875.80109
807.67291	876.97485
807.68494	877.21283
807.6969	877.04785
807.70892	878.0271
807.72095	877.05597
807.73297	874.83624
807.74493	876.82953
807.75696	878.70917
807.76898	879.53632
807.78101	878.08008
807.79297	880.47546
807.80499	879.53009
807.81702	876.21783
807.82904	876.66876
807.841	877.08057
807.85303	878.6861
807.86505	878.59479
807.87701	876.41821
807.88904	878.1803
807.90106	877.69031
807.91309	879.25934
807.92505	878.00232
807.93707	878.63599
807.9491	878.53424
807.96112	880.03094
807.97308	879.33069
807.98511	878.27087
807.99713	881.24426
808.00916	878.57465
808.02112	879.31396
808.03314	879.83459
808.04517	878.99585
808.05713	878.73145
808.06915	878.61682
808.08118	877.03735
808.0932	877.7345
808.10516	878.43042
808.11719	878.66754
808.12921	878.88531
808.14124	878.81519
808.1532	879.93256
808.16522	877.85345
808.17725	879.8847
808.18927	879.65509
808.20123	879.91675
808.21326	881.83044
808.22528	878.66821
808.23724	880.41333
808.24927	881.13831
808.26129	881.10992
808.27332	880.37946
808.28528	879.04242
808.2973	879.91254
808.30933	878.55859
808.32135	881.45837
808.33331	879.15155
808.34534	876.6015
808.35736	877.62732
808.36938	878.86224
808.38135	879.58325
808.39337	883.78479
808.4054	879.94025
808.41736	880.85773
808.42938	881.67871
808.44141	879.6286
808.45343	879.69525
808.46539	879.48468
808.47742	882.05554
808.48944	880.26648
808.50146	882.35095
808.51343	882.25574
808.52545	875.5661
808.53748	881.17737
808.5495	881.40979
808.56146	880.17871
808.57349	883.68091
808.58551	879.76227
808.59747	879.70343
808.6095	881.86511
808.62152	884.52893
808.63354	883.50146
808.64551	881.72845
808.65753	884.69989
808.66956	884.4671
808.68158	883.42761
808.69354	885.19128
808.70557	880.62518
808.71759	883.01776
808.72961	880.56854
808.74158	879.61481
808.7536	882.78448
808.76563	883.573
808.77759	883.88373
808.78961	880.94196
808.80164	886.3819
808.81366	884.4411
808.82562	882.63452
808.83765	880.96356
808.84967	882.87366
808.86169	881.56177
808.87366	884.67987
808.88568	883.62701
808.89771	883.79663
808.90973	885.66016
808.92169	883.4198
808.93372	884.18835
808.94574	884.84448
808.9577	884.63263
808.96973	884.92371
808.98175	886.17725
808.99377	886.01288
809.00574	883.80438
809.01776	885.36884
809.02979	885.1889
809.04181	885.45148
809.05377	883.35205
809.0658	883.32758
809.07782	885.28833
809.08984	884.90399
809.10181	885.60382
809.11383	887.88251
809.12585	887.90833
809.13788	886.97595
809.14984	887.61786
809.16187	887.03174
809.17389	887.65259
809.18585	888.10547
809.19788	889.46106
809.2099	887.87622
809.22192	886.38501
809.23389	888.4552
809.24591	887.87231
809.25793	888.01868
809.26996	890.55725
809.28192	891.7475
809.29395	887.87256
809.30597	884.85333
809.31799	887.62146
809.32996	888.7514
809.34198	888.88873
809.354	890.60736
809.36597	889.10559
809.37799	890.56952
809.39001	887.91187
809.40204	889.52795
809.414	887.97522
809.42603	892.38434
809.43805	894.2547
809.45007	894.58228
809.46204	891.13324
809.47406	893.5603
809.48608	889.91663
809.49811	890.91113
809.51007	891.23285
809.52209	891.70111
809.53412	890.66425
809.54608	893.40497
809.55811	888.73608
809.57013	893.0448
809.58215	892.40302
809.59412	894.35529
809.60614	892.9679
809.61816	890.21149
809.63019	894.13727
809.64215	893.99042
809.65417	892.81451
809.6662	895.57562
809.67822	892.96021
809.69019	894.52612
809.70221	895.47028
809.71423	890.08856
809.7262	892.54388
809.73822	893.50989
809.75024	897.2345
809.76227	897.94806
809.77423	893.40527
809.78625	899.25922
809.79828	900.29193
809.8103	895.78687
809.82227	898.71222
809.83429	898.68658
809.84631	899.75348
809.85834	895.60059
809.8703	900.85602
809.88232	898.60834
809.89435	897.8418
809.90631	901.09894
809.91833	899.28186
809.93036	898.84131
809.94238	901.27228
809.95435	899.15674
809.96637	898.66504
809.97839	898.97577
809.99042	901.90479
810.00238	904.14893
810.0144	904.04126
810.02643	904.86816
810.03845	906.10114
810.05042	899.237
810.06244	902.48737
810.07446	907.22656
810.08643	904.56567
810.09845	905.09161
810.11047	907.99829
810.1225	910.73157
810.13446	908.12183
810.14648	905.46082
810.15851	909.14539
810.17053	909.23669
810.1825	908.57172
810.19452	914.70746
810.20654	909.60217
810.21857	912.61224
810.23053	913.47345
810.24255	916.17584
810.25458	915.28741
810.26654	918.77161
810.27856	918.2912
810.29059	921.70093
810.30261	920.96082
810.31458	923.76813
810.3266	922.98517
810.33862	922.4505
810.35065	925.05975
810.36261	930.25726
810.37463	930.06067
810.38666	930.09082
810.39868	926.5946
810.41064	933.2088
810.42267	933.73511
810.43469	936.44965
810.44672	941.71423
810.45868	940.83789
810.4707	941.23535
810.48273	943.98724
810.49469	945.24628
810.50671	944.9115
810.51874	942.59381
810.53076	949.56085
810.54272	953.78632
810.55475	956.70184
810.56677	959.88269
810.5788	962.26807
810.59076	961.30249
810.60278	968.10107
810.61481	969.08252
810.62683	973.13452
810.63879	976.10541
810.65082	979.89832
810.66284	983.77051
810.6748	982.30737
810.68683	980.4339
810.69885	983.76904
810.71088	988.1817
810.72284	989.66235
810.73486	989.15955
810.74689	990.02319
810.75891	994.75012
810.77087	996.59393
810.7829	996.79535
810.79492	996.57843
810.80695	999.8446
810.81891	1001.0972
810.83093	1001.7935
810.84296	999.50201
810.85492	999.11487
810.86694	997.85608
810.87897	1003.0605
810.89099	1001.1493
810.90295	994.80737
810.91498	995.08722
810.927	994.67096
810.93903	992.81732
810.95099	993.49353
810.96301	993.94427
810.97504	989.27161
810.98706	982.04004
810.99902	986.77051
811.01105	983.56744
811.02307	977.71301
811.03503	970.87543
811.04706	971.72632
811.05908	968.08191
811.07111	972.16486
811.08307	967.97437
811.09509	963.31024
811.10712	958.89063
811.11914	957.48993
811.1311	959.08282
811.14313	955.27997
811.15515	953.74329
811.16718	951.57153
811.17914	947.35223
811.19116	953.18408
811.20319	948.21008
811.21515	944.86554
811.22717	940.73431
811.2392	943.70795
811.25122	940.42889
811.26318	944.27808
811.27521	942.11652
811.28723	944.4256
811.29926	942.50122
811.31122	937.22839
811.32324	938.16455
811.33527	941.1983
811.34729	939.9635
811.35925	937.7572
811.37128	936.41107
811.3833	932.49597
811.39526	928.95612
811.40729	934.45215
811.41931	932.49701
811.43134	934.47296
811.4433	936.00006
811.45532	933.94159
811.46735	934.96985
811.47937	930.90161
811.49133	930.59967
811.50336	935.02136
811.51538	930.9942
811.5274	931.03064
811.53937	930.59229
811.55139	933.49005
811.56342	933.94598
811.57538	933.50183
811.5874	933.92389
811.59943	932.55298
811.61145	930.64441
811.62341	931.7735
811.63544	928.39404
811.64746	929.27374
811.65948	931.3194
811.67145	932.06525
811.68347	930.59613
811.6955	934.47638
811.70752	936.24664
811.71948	936.87726
811.73151	931.11261
811.74353	931.07043
811.75549	936.54138
811.76752	931.77832
811.77954	931.99243
811.79156	933.50543
811.80353	938.03375
811.81555	933.95105
811.82758	931.91064
811.8396	933.39911
811.85156	933.68799
811.86359	935.02014
811.87561	932.47852
811.88763	932.71967
811.8996	936.034
811.91162	938.13043
811.92365	938.49713
811.93567	936.53217
811.94763	937.68347
811.95966	940.17285
811.97168	940.25854
811.98364	940.87079
811.99567	942.50281
812.00769	942.33673
812.01971	943.38678
812.03168	940.45825
812.0437	938.08142
812.05573	945.09119
812.06775	942.34943
812.07971	943.05426
812.09174	945.28088
812.10376	946.21558
812.11578	948.23657
812.12775	947.92157
812.13977	950.43243
812.15179	953.86438
812.16376	951.3269
812.17578	949.90979
812.18781	954.16864
812.19983	953.96179
812.21179	954.86584
812.22382	954.76556
812.23584	958.91895
812.24786	963.87317
812.25983	967.36841
812.27185	962.33075
812.28387	962.5177
812.2959	959.72913
812.30786	966.09363
812.31989	969.25116
812.33191	974.96008
812.34387	979.46033
812.3559	980.02539
812.36792	974.38293
812.37994	977.92755
812.39191	991.01556
812.40393	992.89746
812.41595	994.60559
812.42798	998.56512
812.43994	1001.908
812.45197	999.44202
812.46399	994.8689
812.47601	1001.4418
812.48798	1009.1305
812.5	1012.8031
812.51202	1010.629
812.52399	1019.1662
812.53601	1022.5969
812.54803	1027.4441
812.56006	1030.764
812.57202	1035.8988
812.58405	1037.0994
812.59607	1034.5624
812.60809	1044.2432
812.62006	1048.7137
812.63208	1058.2301
812.6441	1068.257
812.65613	1068.7042
812.66809	1074.401
812.68011	1075.0858
812.69214	1078.306
812.7041	1092.1428
812.71613	1099.1128
812.72815	1098.6686
812.74017	1113.4717
812.75214	1121.7786
812.76416	1129.1244
812.77618	1143.2611
812.78821	1148.2534
812.80017	1147.1497
812.81219	1156.1907
812.82422	1173.1888
812.83624	1180.6417
812.84821	1198.2415
812.86023	1207.1573
812.87225	1215.2203
812.88422	1223.0631
812.89624	1235.1702
812.90826	1250.7654
812.92029	1264.6206
812.93225	1281.7196
812.94427	1299.1544
812.9563	1318.7096
812.96832	1324.1422
812.98029	1330.2354
812.99231	1350.0369
813.00433	1385.6058
813.01636	1403.6042
813.02832	1418.8414
813.04034	1434.0127
813.05237	1449.2367
813.06433	1466.1888
813.07635	1489.0216
813.08838	1498.4329
813.1004	1516.9122
813.11237	1539.8656
813.12439	1564.9657
813.13641	1568.569
813.14844	1570.2101
813.1604	1576.1954
813.17242	1600.1082
813.18445	1620.8728
813.19647	1632.7308
813.20844	1647.7561
813.22046	1658.4458
813.23248	1664.7175
813.24451	1664.8196
813.25647	1670.0275
813.26849	1670.8962
813.28052	1675.0778
813.29248	1687.3242
813.3045	1688.2952
813.31653	1689.7097
813.32855	1672.6201
813.34052	1661.3828
813.35254	1649.4146
813.36456	1646.8591
813.37659	1640.641
813.38855	1623.4218
813.40057	1624.49
813.4126	1614.9095
813.42462	1593.642
813.43658	1576.0983
813.44861	1575.1666
813.46063	1561.6627
813.4726	1542.1361
813.48462	1535.8889
813.49664	1511.7646
813.50867	1499.52
813.52063	1483.8114
813.53265	1473.9872
813.54468	1456.3989
813.5567	1439.0347
813.56866	1417.6266
813.58069	1400.077
813.59271	1389.7295
813.60474	1381.4435
813.6167	1358.7859
813.62872	1346.8392
813.64075	1336.2084
813.65271	1333.8926
813.66473	1326.2393
813.67676	1302.9492
813.68878	1279.4071
813.70074	1270.2244
813.71277	1262.6697
813.72479	1254.589
813.73682	1246.631
813.74878	1236.073
813.7608	1222.7626
813.77283	1209.9536
813.78485	1205.4005
813.79681	1199.2195
813.80884	1184.1021
813.82086	1175.6375
813.83282	1172.5326
813.84485	1160.0862
813.85687	1149.4985
813.8689	1142.1196
813.88086	1128.7924
813.89288	1121.9171
813.90491	1117.8081
813.91693	1112.3677
813.92889	1105.7079
813.94092	1100.1967
813.95294	1091.363
813.96497	1091.4886
813.97693	1083.8965
813.98895	1077.0563
814.00098	1066.0724
814.01294	1065.7404
814.02496	1067.2537
814.03699	1067.6869
814.04901	1054.6688
814.06097	1048.9199
814.073	1042.6923
814.08502	1045.8616
814.09705	1039.6605
814.10901	1040.7804
814.12103	1033.907
814.13306	1032.5511
814.14508	1030.1417
814.15704	1033.5657
814.16907	1037.8231
814.18109	1025.3833
814.19305	1024.8835
814.20508	1023.046
814.2171	1018.9935
814.22913	1013.259
814.24109	1019.9322
814.25311	1023.8801
814.26514	1017.2115
814.27716	1017.3494
814.28912	1017.3238
814.30115	1020.1443
814.31317	1016.6732
814.3252	1019.4625
814.33716	1022.2372
814.34918	1018.0037
814.36121	1013.4108
814.37317	1009.08
814.38519	1010.2831
814.39722	1017.4787
814.40924	1012.9143
814.4212	1016.3257
814.43323	1015.5818
814.44525	1021.8699
814.45728	1015.5801
814.46924	1010.0933
814.48126	1016.098
814.49329	1017.3104
814.50531	1015.1786
814.51727	1018.9033
814.5293	1016.9003
814.54132	1004.8403
814.55328	1015.1591
814.56531	1010.9125
814.57733	1013.6084
814.58936	1009.8467
814.60132	1005.4954
814.61334	1004.2675
814.62537	1004.6393
814.63739	1017.4792
814.64935	1017.8621
814.66138	1006.66
814.6734	1002.8326
814.68542	1003.4168
814.69739	1006.4387
814.70941	1006.3794
814.72144	1007.9125
814.73346	1012.4686
814.74542	1007.4968
814.75745	1011.1974
814.76947	1005.7794
814.78143	1011.2229
814.79346	1016.7204
814.80548	1007.6455
814.8175	1012.5139
814.82947	1011.1028
814.84149	1011.7806
814.85352	1008.0263
814.86554	1015.0172
814.8775	1013.1915
814.88953	1010.5834
814.90155	1008.7051
814.91357	1008.2581
814.92554	999.36975
814.93756	1011.4753
814.94958	1005.8984
814.96155	1010.8881
814.97357	1007.7532
814.9856	1001.2727
814.99762	1001.6647
815.00958	998.9071
815.02161	999.87805
815.03363	1003.2401
815.04565	1006.7429
815.05762	1000.0068
815.06964	1004.4334
815.08167	997.77142
815.09369	998.90912
815.10565	998.53473
815.11768	1000.0994
815.1297	997.13885
815.14166	994.24847
815.15369	1001.0948
815.16571	999.61987
815.17773	998.32257
815.1897	1000.9529
815.20172	997.95862
815.21375	1000.048
815.22577	1001.0407
815.23773	998.43634
815.24976	996.74164
815.26178	993.21631
815.2738	993.51465
815.28577	994.74152
815.29779	998.41754
815.30981	997.30573
815.32178	994.01044
815.3338	995.74066
815.34583	998.62012
815.35785	995.43945
815.36981	988.35156
815.38184	994.30316
815.39386	994.7016
815.40588	996.66321
815.41785	991.15942
815.42987	986.16388
815.44189	987.06
815.45392	989.88373
815.46588	989.92181
815.47791	984.92688
815.48993	987.96075
815.50189	991.35968
815.51392	996.95886
815.52594	993.77246
815.53796	992.38239
815.54993	987.66376
815.56195	994.9292
815.57397	997.37671
815.586	993.25391
815.59796	989.67914
815.60999	994.02423
815.62201	991.44318
815.63403	997.34741
815.646	995.03857
815.65802	993.29633
815.67004	994.57727
815.68201	993.76514
815.69403	989.13977
815.70605	986.99988
815.71808	1000.4904
815.73004	992.02966
815.74207	992.87891
815.75409	987.24078
815.76611	993.78992
815.77808	990.4538
815.7901	991.36328
815.80212	991.60303
815.81415	990.51837
815.82611	991.9613
815.83813	986.73358
815.85016	987.26367
815.86212	991.17883
815.87415	991.02631
815.88617	990.63348
815.89819	995.63879
815.91016	1001.5464
815.92218	995.49481
815.9342	997.42487
815.94623	992.86426
815.95819	997.3465
815.97021	998.34009
815.98224	998.28979
815.99426	999.45477
816.00623	993.21295
816.01825	999.62573
816.03027	996.57739
816.0423	996.29749
816.05426	1004.0152
816.06628	1005.3654
816.07831	998.41559
816.09027	1002.6312
816.10229	1005.8797
816.11432	1004.3376
816.12634	1004.9818
816.13831	1002.952
816.15033	999.01672
816.16235	1002.5121
816.17438	995.74957
816.18634	1001.5297
816.19836	1004.9134
816.21039	1008.4468
816.22241	1003.6374
816.23438	1004.0543
816.2464	1013.7701
816.25842	1015.2172
816.27039	1013.3696
816.28241	1013.3974
816.29443	1019.4429
816.30646	1020.3772
816.31842	1018.2626
816.33044	1019.8008
816.34247	1019.8471
816.35449	1026.8497
816.36646	1015.7476
816.37848	1027.3718
816.3905	1032.9121
816.40253	1027.4176
816.41449	1030.9139
816.42651	1033.1818
816.43854	1023.9047
816.4505	1042.3013
816.46252	1040.0054
816.47455	1042.9769
816.48657	1037.9679
816.49854	1044.0011
816.51056	1049.8583
816.52258	1048.6884
816.53461	1054.951
816.54657	1051.2861
816.55859	1057.2872
816.57062	1057.0496
816.58264	1062.6803
816.5946	1070.9474
816.60663	1068.2555
816.61865	1065.8572
816.63062	1073.0129
816.64264	1076.3274
816.65466	1078.2623
816.66669	1091.0483
816.67865	1091.1073
816.69067	1091.048
816.7027	1093.2646
816.71472	1101.6798
816.72668	1106.41
816.73871	1111.4141
816.75073	1113.7476
816.76276	1137.3483
816.77472	1139.3872
816.78674	1132.4949
816.79877	1134.7758
816.81073	1141.2185
816.82275	1154.6481
816.83478	1166.493
816.8468	1171.9858
816.85876	1172.7839
816.87079	1186.2307
816.88281	1191.2693
816.89484	1197.1436
816.9068	1209.9314
816.91882	1217.0327
816.93085	1226.0875
816.94287	1240.7329
816.95483	1255.5607
816.96686	1273.1611
816.97888	1283.2976
816.99084	1295.4431
817.00287	1303.3462
817.01489	1326.0175
817.02692	1346.7864
817.03888	1375.652
817.0509	1377.8147
817.06293	1409.8779
817.07495	1430.4657
817.08691	1457.3632
817.09894	1462.5868
817.11096	1496.684
817.12299	1536.0585
817.13495	1574.0651
817.14697	1598.3256
817.159	1649.3774
817.17096	1706.757
817.18298	1743.0178
817.19501	1792.6821
817.20703	1861.6226
817.21899	1920.8246
817.23102	1991.5692
817.24304	2083.4995
817.25507	2159.2395
817.26703	2276.6191
817.27905	2442.4636
817.29108	2541.0313
817.3031	2728.1077
817.31506	2929.9963
817.32709	3163.0554
817.33911	3450.0852
817.35107	3804.0173
817.3631	4261.854
817.37512	4800.3745
817.38715	5493.311
817.39911	6460.4697
817.41113	7641.4995
817.42316	9183.252
817.43518	11020.571
817.44714	13279.954
817.45917	15877.647
817.47119	19034.141
817.48322	22528.371
817.49518	26385.318
817.5072	30541.365
817.51923	34557.668
817.53125	38338.66
817.54321	41185.395
817.55524	42899.262
817.56726	43513.008
817.57922	42696.512
817.59125	40488.234
817.60327	37416.34
817.6153	33255.371
817.62726	28957.064
817.63928	24367.391
817.65131	20030.643
817.66333	16374.666
817.67529	13062.655
817.68732	10503.621
817.69934	8456.6455
817.71136	6931.9717
817.72333	5781.0703
817.73535	4929.127
817.74738	4255.1963
817.75934	3714.3794
817.77136	3312.8083
817.78339	2983.7551
817.79541	2719.7183
817.80737	2490.8262
817.8194	2297.938
817.83142	2157.2043
817.84344	2023.5197
817.85541	1898.4392
817.86743	1783.1759
817.87946	1700.0024
817.89148	1634.0223
817.90344	1568.7955
817.91547	1512.1412
817.92749	1475.5044
817.93945	1420.8031
817.95148	1392.9589
817.9635	1368.2828
817.97552	1324.2546
817.98749	1286.9475
817.99951	1268.6105
818.01154	1254.1606
818.02356	1230.9354
818.03552	1209.1632
818.04755	1196.365
818.05957	1171.5914
818.07159	1153.9622
818.08356	1136.5479
818.09558	1121.587
818.1076	1113.5494
818.11957	1104.4858
818.13159	1094.4606
818.14362	1079.8793
818.15564	1060.0835
818.1676	1045.6648
818.17963	1049.2361
818.19165	1045.5111
818.20367	1035.3662
818.21564	1027.6655
818.22766	1019.0853
818.23969	1014.7758
818.25171	1008.8329
818.26367	1005.2968
818.2757	1008.2684
818.28772	999.7027
818.29968	994.11084
818.31171	988.85681
818.32373	985.24811
818.33575	978.77924
818.34772	981.60101
818.35974	968.75067
818.37177	966.15613
818.38379	963.31409
818.39575	967.33655
818.40778	963.80786
818.4198	954.13879
818.43182	957.86084
818.44379	944.47461
818.45581	947.1994
818.46783	946.76471
818.4798	945.39374
818.49182	943.45685
818.50385	942.18884
818.51587	940.28558
818.52783	933.61041
818.53986	936.63959
818.55188	933.81567
818.5639	931.77954
818.57587	926.36725
818.58789	927.76569
818.59991	927.12921
818.61194	922.78668
818.6239	921.52863
818.63593	921.63452
818.64795	920.27106
818.65991	916.28888
818.67194	915.89178
818.68396	917.18237
818.69598	917.22681
818.70795	914.00348
818.71997	909.46161
818.73199	908.05035
818.74402	911.55054
818.75598	907.02039
818.76801	906.57416
818.78003	903.19678
818.79205	906.10107
818.80402	908.20465
818.81604	905.51208
818.82806	903.73956
818.84009	901.9411
818.85205	899.5603
818.86407	900.70001
818.8761	901.94147
818.88806	897.98206
818.90009	898.66498
818.91211	900.3429
818.92413	897.10443
818.9361	900.44409
818.94812	901.38428
818.96014	899.71625
818.97217	901.44171
818.98413	895.86542
818.99615	897.54358
819.00818	894.10657
819.0202	893.32227
819.03217	891.8468
819.04419	890.11395
819.05621	891.83142
819.06818	892.27948
819.0802	893.96069
819.09222	892.19684
819.10425	888.27368
819.11621	887.1507
819.12823	889.00653
819.14026	890.02527
819.15228	889.46399
819.16425	889.7774
819.17627	888.79108
819.18829	888.22906
819.20032	886.38336
819.21228	887.19763
819.2243	888.20453
819.23633	887.06079
819.24829	888.08276
819.26031	888.24139
819.27234	886.94794
819.28436	886.32202
819.29633	887.36212
819.30835	886.81573
819.32037	885.44586
819.3324	885.77661
819.34436	883.54596
819.35638	885.06714
819.36841	882.1225
819.38043	882.11481
819.3924	882.86273
819.40442	884.67371
819.41644	884.89581
819.42841	883.21625
819.44043	882.40717
819.45245	882.8786
819.46448	883.23969
819.47644	883.99847
819.48846	885.2876
819.50049	884.41284
819.51251	882.69348
819.52448	883.59851
819.5365	883.15546
819.54852	882.4635
819.56055	882.4881
819.57251	883.40179
819.58453	882.72729
819.59656	881.50934
819.60852	882.12158
819.62054	880.79651
819.63257	880.25244
819.64459	879.79279
819.65656	879.18988
819.66858	880.31628
819.6806	880.06348
819.69263	881.35175
819.70459	877.81702
819.71661	878.95386
819.72864	878.45184
819.74066	879.42444
819.75262	880.33618
819.76465	881.21515
819.77667	879.89343
819.78864	880.16949
819.80066	879.86932
819.81268	878.23315
819.82471	878.94971
819.83667	878.35962
819.84869	880.17139
819.86072	877.32501
819.87274	878.24335
819.8847	879.00146
819.89673	880.29871
819.90875	877.05939
819.92078	876.94446
819.93274	878.75714
819.94476	875.70972
819.95679	877.45294
819.96875	878.42218
819.98077	880.10974
819.9928	877.85455
820.00482	877.09943
820.01678	876.73663
820.02881	877.0011
820.04083	877.37195
820.05286	878.45642
820.06482	878.37183
820.07684	877.96204
820.08887	878.03748
820.10089	879.35571
820.11285	879.70544
820.12488	878.07751
820.1369	876.3526
820.14893	876.45282
820.16089	877.46564
820.17291	875.48962
820.18494	877.64233
820.1969	878.16223
820.20892	878.60101
820.22095	877.60693
820.23297	876.94489
820.24493	875.65417
820.25696	876.34241
820.26898	877.1709
820.28101	876.62427
820.29297	877.60065
820.30499	877.34528
820.31702	875.60065
820.32904	875.63348
820.341	874.55389
820.35303	873.48804
820.36505	873.72681
820.37701	874.59644
820.38904	875.45575
820.40106	877.37402
820.41309	877.15674
820.42505	876.31958
820.43707	874.96167
820.4491	874.92023
820.46112	874.51257
820.47308	875.8927
820.48511	875.19196
820.49713	875.99823
820.50916	875.18268
820.52112	875.18665
820.53314	874.58301
820.54517	875.53247
820.55713	873.83746
820.56915	875.4231
820.58118	873.70325
820.5932	873.74792
820.60516	875.95471
820.61719	875.05194
820.62921	875.93195
820.64124	877.09265
820.6532	873.9895
820.66522	875.82251
820.67725	872.77917
820.68927	878.57629
820.70123	876.14368
820.71326	873.80389
820.72528	876.69128
820.73724	872.9754
820.74927	875.31805
820.76129	877.05017
820.77332	873.83508
820.78528	874.69446
820.7973	874.47375
820.80933	874.8233
820.82135	877.14026
820.83331	874.98676
820.84534	873.78778
820.85736	874.21521
820.86938	873.28278
820.88135	873.09674
820.89337	873.68774
820.9054	873.39697
820.91736	873.73615
820.92938	875.44751
820.94141	875.5658
820.95343	873.52863
820.96539	873.02356
820.97742	873.20551
820.98944	874.8233
821.00146	874.41956
821.01343	873.87207
821.02545	874.84528
821.03748	875.49841
821.0495	873.47693
821.06146	873.53168
821.07349	874.10944
821.08551	874.94873
821.09747	874.39264
821.1095	874.64954
821.12152	872.23499
821.13354	872.87408
821.14551	873.17108
821.15753	874.49249
821.16956	876.5741
821.18158	875.59241
821.19354	875.02441
821.20557	874.41187
821.21759	874.36945
821.22961	873.45721
821.24158	874.30743
821.2536	872.8576
821.26563	874.67676
821.27759	872.68884
821.28961	875.79578
821.30164	874.66693
821.31366	875.04852
821.32562	872.71851
821.33765	872.73767
821.34967	874.31201
821.36169	873.04218
821.37366	873.56824
821.38568	875.71826
821.39771	873.06281
821.40973	873.72595
821.42169	874.68561
821.43372	875.48822
821.44574	873.83673
821.4577	874.12994
821.46973	874.39795
821.48175	873.92236
821.49377	873.66254
821.50574	872.91949
821.51776	872.87842
821.52979	875.24615
821.54181	873.27191
821.55377	873.72998
821.5658	873.1792
821.57782	872.96887
821.58984	873.11078
821.60181	873.13477
821.61383	874.05328
821.62585	873.7851
821.63788	874.37341
821.64984	875.724
821.66187	872.23334
821.67389	872.65546
821.68585	871.32361
821.69788	872.97363
821.7099	874.60962
821.72192	873.39819
821.73389	871.0459
821.74591	872.72552
821.75793	875.479
821.76996	873.40503
821.78192	873.90985
821.79395	872.58307
821.80597	872.28632
821.81799	871.96918
821.82996	873.73071
821.84198	869.7229
821.854	870.59613
821.86597	871.65643
821.87799	873.56989
821.89001	874.06134
821.90204	874.22211
821.914	875.8125
821.92603	874.64905
821.93805	874.42303
821.95007	874.1723
821.96204	874.00323
821.97406	872.99945
821.98608	873.49927
821.99811	874.25598
822.01007	871.69989
822.02209	871.56824
822.03412	870.0506
822.04608	873.19623
822.05811	874.0838
822.07013	872.93457
822.08215	874.19354
822.09412	872.67474
822.10614	873.56567
822.11816	873.49841
822.13019	873.3941
822.14215	873.51917
822.15417	872.62476
822.1662	873.52484
822.17822	875.60974
822.19019	872.54095
822.20221	872.56268
822.21423	874.45056
822.2262	873.04694
822.23822	872.28625
822.25024	872.495
822.26227	874.45654
822.27423	872.60431
822.28625	870.59039
822.29828	872.86542
822.3103	872.26361
822.32227	873.15833
822.33429	869.72485
822.34631	873.81897
822.35834	875.19153
822.3703	873.09003
822.38232	873.46741
822.39435	875.17499
822.40631	873.05713
822.41833	872.97607
822.43036	873.63208
822.44238	871.85522
822.45435	872.10364
822.46637	874.6651
822.47839	873.78296
822.49042	872.25665
822.50238	872.7052
822.5144	873.76874
822.52643	874.47003
822.53845	873.79199
822.55042	873.32843
822.56244	874.3927
822.57446	873.90491
822.58643	872.76392
822.59845	872.99127
822.61047	874.22083
822.6225	873.57715
822.63446	874.57037
822.64648	873.0246
822.65851	873.37134
822.67053	869.49615
822.6825	872.85193
822.69452	873.52069
822.70654	874.09497
822.71857	873.74634
822.73053	873.70465
822.74255	871.96796
822.75458	872.80664
822.76654	872.24774
822.77856	874.7821
822.79059	876.29041
822.80261	874.88934
822.81458	873.72827
822.8266	870.97778
822.83862	872.25482
822.85065	873.53198
822.86261	874.03131
822.87463	873.76733
822.88666	873.28967
822.89868	873.39459
822.91064	872.32214
822.92267	873.20538
822.93469	873.159
822.94672	873.09558
822.95868	872.49854
822.9707	872.28448
822.98273	873.46497
822.99469	872.47107
823.00671	870.8811
823.01874	871.33777
823.03076	872.61072
823.04272	872.1015
823.05475	873.33545
823.06677	875.14526
823.0788	873.09424
823.09076	872.17566
823.10278	872.90698
823.11481	874.26971
823.12683	874.44012
823.13879	874.33362
823.15082	873.48981
823.16284	874.5462
823.1748	873.01697
823.18683	870.65625
823.19885	872.25745
823.21088	874.41742
823.22284	873.54523
823.23486	874.65515
823.24689	873.11548
823.25891	872.90967
823.27087	873.1319
823.2829	874.01068
823.29492	874.34613
823.30695	872.86914
823.31891	873.28107
823.33093	873.39191
823.34296	873.45587
823.35492	873.85071
823.36694	872.46979
823.37897	873.7417
823.39099	871.56299
823.40295	874.01135
823.41498	872.4718
823.427	871.55316
823.43903	873.90356
823.45099	871.74023
823.46301	870.75299
823.47504	874.07416
823.48706	874.64435
823.49902	872.27228
823.51105	873.76233
823.52307	872.87488
823.53503	871.64337
823.54706	872.32861
823.55908	874.01849
823.57111	872.84088
823.58307	873.25726
823.59509	873.11438
823.60712	871.41534
823.61914	873.43896
823.6311	874.26862
823.64313	873.37708
823.65515	872.67352
823.66718	873.2381
823.67914	873.2254
823.69116	875.12115
823.70319	874.30835
823.71515	872.58191
823.72717	873.45435
823.7392	875.02966
823.75122	872.57819
823.76318	873.87897
823.77521	874.0896
823.78723	872.13934
823.79926	872.34839
823.81122	874.49939
823.82324	876.48065
823.83527	873.95825
823.84729	873.3952
823.85925	871.24695
823.87128	873.07043
823.8833	871.51501
823.89526	872.61115
823.90729	871.07196
823.91931	871.289
823.93134	872.74939
823.9433	870.89008
823.95532	872.60596
823.96735	873.3479
823.97937	873.18243
823.99133	873.64594
824.00336	874.50073
824.01538	872.13806
824.0274	871.78656
824.03937	872.44714
824.05139	873.17987
824.06342	874.13989
824.07538	876.42828
824.0874	874.80304
824.09943	871.87946
824.11145	874.8996
824.12341	872.93085
824.13544	872.24213
824.14746	874.43433
824.15948	872.04529
824.17145	874.49683
824.18347	872.74664
824.1955	871.18213
824.20752	871.48322
824.21948	872.05658
824.23151	872.12231
824.24353	873.00403
824.25549	874.76801
824.26752	874.19019
824.27954	873.86261
824.29156	873.88489
824.30353	874.87634
824.31555	874.29193
824.32758	871.57318
824.3396	873.83032
824.35156	873.57202
824.36359	873.98975
824.37561	873.3905
824.38763	872.50909
824.3996	871.43719
824.41162	870.7735
824.42365	872.37286
824.43567	870.35828
824.44763	873.72913
824.45966	875.47607
824.47168	871.63147
824.48364	875.0423
824.49567	873.66248
824.50769	877.08893
824.51971	876.05298
824.53168	873.32733
824.5437	871.10547
824.55573	872.69531
824.56775	871.62238
824.57971	871.80957
824.59174	873.90131
824.60376	872.1134
824.61578	872.73798
824.62775	872.00861
824.63977	870.39374
824.65179	872.12756
824.66376	870.45526
824.67578	870.64716
824.68781	872.57922
824.69983	871.12848
824.71179	871.54932
824.72382	872.86285
824.73584	874.58649
824.74786	875.96967
824.75983	874.14233
824.77185	871.15436
824.78387	871.0968
824.7959	875.90387
824.80786	873.50568
824.81989	870.77338
824.83191	872.5166
824.84387	873.90863
824.8559	872.133
824.86792	872.0899
824.87994	871.97394
824.89191	872.32635
824.90393	872.31195
824.91595	873.0108
824.92798	873.8136
824.93994	871.39899
824.95197	872.99066
824.96399	871.96423
824.97601	874.73218
824.98798	873.62805
825	874.06781
