805.14355	874.20709
805.15552	871.16089
805.16748	874.17065
805.17944	875.34357
805.19141	874.57898
805.20337	875.69775
805.21533	875.06689
805.22729	875.20538
805.23926	873.5083
805.25122	873.51495
805.26318	874.5954
805.27515	879.02289
805.28711	880.6911
805.29907	875.60699
805.31104	876.44061
805.32294	875
805.3349	875
805.34686	876.42285
805.35883	879.22632
805.37079	875.15179
805.38275	875.33032
805.39471	876.29108
805.40668	876.87769
805.41864	874.49536
805.4306	875.19769
805.44257	875.70667
805.45453	876.12128
805.46649	877.93665
805.47845	878.77448
805.49042	877.06091
805.50238	876.88135
805.51434	877.25085
805.52631	875.89648
805.53827	876.5257
805.55023	874.68127
805.56219	871.58136
805.57416	874.7594
805.58612	875.802
805.59808	877.10779
805.61005	877.38263
805.62201	876.59167
805.63397	877.46521
805.64594	876.53918
805.6579	876.98621
805.66986	877.50024
805.68182	876.18311
805.69379	872.9942
805.70575	875.8161
805.71771	876.5083
805.72968	876.15173
805.74164	873.1366
805.7536	872.34583
805.76556	874.11346
805.77753	877.74841
805.78949	874.93036
805.80145	872.57941
805.81342	873.5083
805.82538	873.5083
805.83734	873.7182
805.8493	874.1994
805.86127	875.22382
805.87323	876.66644
805.88519	876.85815
805.89716	876.25299
805.90912	875.61377
805.92108	875.55164
805.93304	873.79761
805.94495	875.56403
805.95691	876.14166
805.96887	877.53375
805.98083	877.51245
805.9928	879.43536
806.00476	874.8429
806.01672	879.92981
806.02869	877.05774
806.04065	876.94958
806.05261	872.67206
806.06458	872.28333
806.07654	873.98187
806.0885	874.51923
806.10046	876.47968
806.11243	876.91785
806.12439	875.05878
806.13635	874.82605
806.14832	876.29144
806.16028	878.69299
806.17224	879.18347
806.1842	877.32892
806.19617	876.4682
806.20813	876.06073
806.22009	876.57709
806.23206	876.22113
806.24402	878
806.25598	878.62054
806.26794	880.48315
806.27991	878.20874
806.29187	879.02496
806.30383	875.21643
806.3158	877.54688
806.32776	878.49139
806.33972	876.5686
806.35168	879.36023
806.36365	878.60608
806.37561	874.15363
806.38757	873.50824
806.39954	874.31403
806.4115	874.5083
806.42346	875.9834
806.43542	874.38892
806.44739	875.88269
806.45935	877.01251
806.47131	879.73224
806.48328	877.78552
806.49524	873.95929
806.5072	874.56238
806.51917	875.79681
806.53113	875.75635
806.54309	876.64105
806.55505	876.19574
806.56696	876.28522
806.57892	878.63733
806.59088	875.09961
806.60284	877.39563
806.61481	878.71039
806.62677	874.83691
806.63873	878.4613
806.6507	877.52283
806.66266	874.31323
806.67462	876.86652
806.68658	874.02094
806.69855	873.51276
806.71051	878.823
806.72247	876.71637
806.73444	876.08606
806.7464	875.57813
806.75836	876.34174
806.77032	878.11395
806.78229	879.68823
806.79425	878.92535
806.80621	877.09314
806.81818	880.93488
806.83014	876.88373
806.8421	877.82849
806.85406	880.25085
806.86603	879.76111
806.87799	878.21124
806.88995	878.24188
806.90192	877.68182
806.91388	874.64758
806.92584	875.12115
806.93781	877.89087
806.94977	878.1756
806.96173	876.91412
806.97369	875.78479
806.98566	876.75494
806.99762	877.51404
807.00958	877.90228
807.02155	878.71503
807.03351	874.76196
807.04547	876.83203
807.05743	879.90784
807.0694	878.65057
807.08136	882.0213
807.09332	878.14056
807.10529	880.36908
807.11725	881.9032
807.12921	876.28778
807.14117	875.96893
807.15314	873.95306
807.1651	875.89258
807.17706	871.93884
807.18896	873.47046
807.20093	877.69879
807.21289	880.04431
807.22485	879.55859
807.23682	880.57056
807.24878	878.5528
807.26074	877.92639
807.27271	877.69196
807.28467	876.01733
807.29663	875.29626
807.30859	877.72076
807.32056	879.56458
807.33252	876.34082
807.34448	874.69745
807.35645	876.1908
807.36841	878.80884
807.38037	879.37286
807.39233	879.1485
807.4043	878.51642
807.41626	875.28479
807.42822	876.99188
807.44019	879.53107
807.45215	878.98651
807.46411	874.80798
807.47607	878.63391
807.48804	880.90479
807.5	874.57288
807.51196	878.87665
807.52393	875.76062
807.53589	879.17535
807.54785	880.39227
807.55981	880.53082
807.57178	878.03436
807.58374	879.10101
807.5957	878.73792
807.60767	878.5083
807.61963	881.38904
807.63159	881.8476
807.64355	878.87506
807.65552	880.06738
807.66748	881.53973
807.67944	881.2276
807.69141	881.01917
807.70337	877.60345
807.71533	877.76038
807.72729	882.44714
807.73926	881.58246
807.75122	880.19885
807.76318	879.38074
807.77515	877.4361
807.78711	881.49036
807.79907	879.5191
807.81104	880.3913
807.82294	880.95837
807.8349	877.4577
807.84686	880.91956
807.85883	882.35345
807.87079	880.4422
807.88275	875.64948
807.89471	883.33679
807.90668	881.27863
807.91864	878.6546
807.9306	881.44348
807.94257	879.05157
807.95453	882.43518
807.96649	876.83044
807.97845	879.27301
807.99042	878.63531
808.00238	881.15686
808.01434	879.82031
808.02631	877.04321
808.03827	882.90302
808.05023	882.97858
808.06219	878.79932
808.07416	877.85455
808.08612	879.02722
808.09808	880.4552
808.11005	879.30487
808.12201	880.19617
808.13397	877.3175
808.14594	878.94836
808.1579	880.81903
808.16986	880.20709
808.18182	881.35828
808.19379	880.72211
808.20575	881.97998
808.21771	881.03571
808.22968	876.97858
808.24164	879.39362
808.2536	879.55933
808.26556	879.48657
808.27753	878.16644
808.28949	877.26886
808.30145	881.34076
808.31342	879.76758
808.32538	878.17529
808.33734	877.69586
808.3493	882.0824
808.36127	877.4328
808.37323	879.12421
808.38519	880.55554
808.39716	885.00494
808.40912	879.86542
808.42108	884.75879
808.43304	881.89697
808.44495	880.5368
808.45691	881.7113
808.46887	882.75403
808.48083	880.92236
808.4928	883.80438
808.50476	885.08228
808.51672	881.45898
808.52869	883.47961
808.54065	878.73492
808.55261	878.98389
808.56458	879.78021
808.57654	878.99902
808.5885	880.8634
808.60046	880.23126
808.61243	877.94287
808.62439	882.31934
808.63635	880.13574
808.64832	877.51752
808.66028	878.5506
808.67224	880.23096
808.6842	882.69781
808.69617	884.44342
808.70813	883.99963
808.72009	881.71295
808.73206	882.17444
808.74402	882.89728
808.75598	881.87994
808.76794	884.38153
808.77991	885.37225
808.79187	885.39447
808.80383	884.36334
808.8158	882.18811
808.82776	885.48987
808.83972	884.44409
808.85168	883.76709
808.86365	883.0058
808.87561	886.72443
808.88757	884.17865
808.89954	878.33447
808.9115	880.88098
808.92346	882.96228
808.93542	884.00781
808.94739	885.64221
808.95935	880.3847
808.97131	879.78827
808.98328	885.51337
808.99524	880.65106
809.0072	884.95166
809.01917	883.12506
809.03113	884.47388
809.04309	884.68671
809.05505	887.09875
809.06696	883.34009
809.07892	886.55725
809.09088	882.86737
809.10284	883.94232
809.11481	883.97839
809.12677	885.47296
809.13873	885.48425
809.1507	885.59442
809.16266	886.65558
809.17462	885.75708
809.18658	885.26031
809.19855	885.65942
809.21051	885.62537
809.22247	887.08356
809.23444	883.13074
809.2464	885.94995
809.25836	888.81879
809.27032	884.80695
809.28229	885.42059
809.29425	886.30994
809.30621	883.72772
809.31818	883.84814
809.33014	886.62994
809.3421	886.52728
809.35406	885.52582
809.36603	884.88397
809.37799	887.19562
809.38995	886.2088
809.40192	886.41992
809.41388	887.11609
809.42584	888.88452
809.43781	888.23474
809.44977	889.63226
809.46173	887.54932
809.47369	888.7381
809.48566	892.76215
809.49762	893.66498
809.50958	892.35706
809.52155	891.51239
809.53351	891.11737
809.54547	891.47552
809.55743	891.15942
809.5694	890.06909
809.58136	887.5752
809.59332	889.15448
809.60529	889.68365
809.61725	885.24567
809.62921	894.45642
809.64117	890.62311
809.65314	888.89874
809.6651	893.62488
809.67706	886.63239
809.68896	887.12903
809.70093	889.29193
809.71289	894.30487
809.72485	891.961
809.73682	897.31866
809.74878	895.93781
809.76074	892.76208
809.77271	893.57068
809.78467	890.38165
809.79663	893.21051
809.80859	886.11926
809.82056	888.96075
809.83252	894.15942
809.84448	893.18121
809.85645	892.62903
809.86841	892.58569
809.88037	892.99933
809.89233	893.36511
809.9043	894.66119
809.91626	897.30273
809.92822	896.09552
809.94019	892.76544
809.95215	896.57758
809.96411	899.98279
809.97607	894.29852
809.98804	893.22144
810	899.16064
810.01196	897.49878
810.02393	896.8111
810.03589	899.05469
810.04785	898.53387
810.05981	900.54865
810.07178	901.93036
810.08374	901.10986
810.0957	901.36908
810.10767	902.98547
810.11963	904.90308
810.13159	900.41284
810.14355	901.76685
810.15552	907.7218
810.16748	903.96643
810.17944	902.72974
810.19141	902.11438
810.20337	906.8877
810.21533	902.61682
810.22729	907.00549
810.23926	906.8067
810.25122	901.27258
810.26318	902.98804
810.27515	907.88983
810.28711	908.87317
810.29907	907.20892
810.31104	913.14941
810.32294	912.43109
810.3349	900.13116
810.34686	912.85565
810.35883	907.46704
810.37079	913.40009
810.38275	912.89459
810.39471	911.76782
810.40668	916.75745
810.41864	915.36707
810.4306	919.75574
810.44257	921.88123
810.45453	919.21448
810.46649	912.50403
810.47845	921.50543
810.49042	928.75372
810.50238	931.03894
810.51434	931.58936
810.52631	936.52832
810.53827	936.41742
810.55023	937.84296
810.56219	939.22241
810.57416	937.21777
810.58612	942.65887
810.59808	939.86212
810.61005	942.98474
810.62201	949.50507
810.63397	945.31964
810.64594	944.91107
810.6579	954.08905
810.66986	961.23633
810.68182	966.29889
810.69379	961.10986
810.70575	955.37848
810.71771	972.05457
810.72968	968.84088
810.74164	969.19171
810.7536	968.33472
810.76556	968.51129
810.77753	969.89294
810.78949	968.9776
810.80145	970.22687
810.81342	970.27405
810.82538	971.21783
810.83734	969.28668
810.8493	974.64563
810.86127	982.01581
810.87323	981.83392
810.88519	980.34973
810.89716	975.08612
810.90912	978.55847
810.92108	979.17035
810.93304	978.56635
810.94495	975.79895
810.95691	972.2597
810.96887	968.56805
810.98083	975.25952
810.9928	976.95746
811.00476	970.04901
811.01672	969.33356
811.02869	966.00598
811.04065	964.495
811.05261	964.97272
811.06458	955.85352
811.07654	952.81494
811.0885	953.69556
811.10046	953.15118
811.11243	949.18274
811.12439	949.59912
811.13635	948.46338
811.14832	946.63751
811.16028	948.65118
811.17224	944.10779
811.1842	941.04858
811.19617	947.36542
811.20813	947.23737
811.22009	941.53833
811.23206	934.24115
811.24402	936.84204
811.25598	936.09137
811.26794	929.51459
811.27991	934.72253
811.29187	933.82794
811.30383	932.50256
811.3158	936.12653
811.32776	931.48932
811.33972	927.82257
811.35168	935.16675
811.36365	923.57587
811.37561	927.57239
811.38757	929.8374
811.39954	923.80725
811.4115	926.92462
811.42346	923.62854
811.43542	929.31311
811.44739	924.75745
811.45935	931.08057
811.47131	927.50391
811.48328	930.88446
811.49524	928.8028
811.5072	927.96283
811.51917	929.99298
811.53113	924.45404
811.54309	929.41669
811.55505	922.77856
811.56696	916.18427
811.57892	920.74969
811.59088	918.66516
811.60284	923.64612
811.61481	921.18353
811.62677	925.22809
811.63873	925.60773
811.6507	926.33765
811.66266	922.09369
811.67462	923.67163
811.68658	924.17584
811.69855	924.25043
811.71051	920.05811
811.72247	925.3056
811.73444	920.99536
811.7464	922.98755
811.75836	924.79553
811.77032	920.28369
811.78229	924.90784
811.79425	921.20782
811.80621	926.55151
811.81818	926.93896
811.83014	919.8288
811.8421	921.01245
811.85406	926.37439
811.86603	921.03357
811.87799	921.16315
811.88995	918.56366
811.90192	922.0415
811.91388	924.992
811.92584	923.24054
811.93781	924.98541
811.94977	925.08636
811.96173	923.49939
811.97369	916.9967
811.98566	916.14777
811.99762	922.12714
812.00958	926.35223
812.02155	929.07782
812.03351	924.09058
812.04547	924.34808
812.05743	924.92859
812.0694	928.99579
812.08136	929.98932
812.09332	925.69965
812.10529	931.03888
812.11725	931.17859
812.12921	932.31702
812.14117	930.9516
812.15314	929.77307
812.1651	932.62665
812.17706	933.89362
812.18896	931.87793
812.20093	934.03223
812.21289	939.47827
812.22485	935.37103
812.23682	932.39862
812.24878	936.80017
812.26074	941.79364
812.27271	941.2547
812.28467	939.56482
812.29663	944.85907
812.30859	947.5675
812.32056	949.2655
812.33252	945.8938
812.34448	949.59369
812.35645	951.15027
812.36841	947.58588
812.38037	950.4668
812.39233	948.60535
812.4043	953.76752
812.41626	958.53223
812.42822	956.60242
812.44019	959.61133
812.45215	959.57196
812.46411	958.38452
812.47607	963.3244
812.48804	963.88074
812.5	966.64172
812.51196	968.32977
812.52393	968.35431
812.53589	976.23511
812.54785	981.5069
812.55981	981.30157
812.57178	977.74377
812.58374	983.20831
812.5957	987.9248
812.60767	989.51807
812.61963	992.17914
812.63159	993.11322
812.64355	996.43201
812.65552	999.11041
812.66748	998.35388
812.67944	1000.8649
812.69141	1004.4872
812.70337	1006.9671
812.71533	1014.7789
812.72729	1019.2767
812.73926	1022.3154
812.75122	1025.8948
812.76318	1037.5549
812.77515	1042.348
812.78711	1048.9364
812.79907	1045.8615
812.81104	1049.7472
812.82294	1064.3071
812.8349	1065.1942
812.84686	1064.5037
812.85883	1070.2266
812.87079	1080.748
812.88275	1088.8771
812.89471	1091.4003
812.90668	1101.5082
812.91864	1112.2057
812.9306	1106.7478
812.94257	1117.9138
812.95453	1133.66
812.96649	1145.403
812.97845	1150.858
812.99042	1158.1357
813.00238	1180.7911
813.01434	1191.3475
813.02631	1198.1924
813.03827	1206.4015
813.05023	1223.8892
813.06219	1219.3138
813.07416	1237.6379
813.08612	1260.6354
813.09808	1277.0441
813.11005	1287.6027
813.12201	1303.6272
813.13397	1326.0206
813.14594	1338.6365
813.1579	1334.5862
813.16986	1361.4974
813.18182	1386.9121
813.19379	1398.8754
813.20575	1411.9481
813.21771	1436.9548
813.22968	1459.451
813.24164	1471.0339
813.2536	1477.0444
813.26556	1477.2001
813.27753	1498.3136
813.28949	1525.5718
813.30145	1515.9089
813.31342	1516.1892
813.32538	1532.4932
813.33734	1521.8391
813.3493	1531.9279
813.36127	1548.0814
813.37323	1549.8989
813.38519	1526.3461
813.39716	1532.0906
813.40912	1548.3605
813.42108	1543.6102
813.43304	1543.3036
813.44495	1533.2167
813.45691	1528.4248
813.46887	1512.16
813.48083	1516.611
813.4928	1513.3093
813.50476	1485.3016
813.51672	1468.3245
813.52869	1481.1643
813.54065	1464.4873
813.55261	1452.9426
813.56458	1435.0658
813.57654	1421.9468
813.5885	1413.3577
813.60046	1407.8256
813.61243	1398.9371
813.62439	1371.9445
813.63635	1361.5106
813.64832	1346.8278
813.66028	1338.2172
813.67224	1336.3762
813.6842	1334.9316
813.69617	1298.5065
813.70813	1277.1011
813.72009	1261.4965
813.73206	1255.993
813.74402	1244.8876
813.75598	1245.3242
813.76794	1235.9614
813.77991	1225.0187
813.79187	1215.2543
813.80383	1194.7948
813.8158	1186.0149
813.82776	1176.1877
813.83972	1168.0306
813.85168	1167.3464
813.86365	1156.2166
813.87561	1145.6638
813.88757	1138.9795
813.89954	1128.2455
813.9115	1119.9298
813.92346	1113.6606
813.93542	1104.0497
813.94739	1096.0216
813.95935	1100.288
813.97131	1094.877
813.98328	1078.3755
813.99524	1066.957
814.0072	1066.698
814.01917	1061.5474
814.03113	1061.9261
814.04309	1052.9398
814.05505	1049.0792
814.06696	1044.5762
814.07892	1040.8162
814.09088	1036.3907
814.10284	1034.433
814.11481	1028.8802
814.12677	1022.5757
814.13873	1021.448
814.1507	1023.9002
814.16266	1014.3589
814.17462	1010.6197
814.18658	1023.0256
814.19855	1019.8333
814.21051	1012.064
814.22247	1010.2128
814.23444	1008.2977
814.2464	1005.5961
814.25836	1011.8244
814.27032	1012.1688
814.28229	1002.2773
814.29425	1009.1811
814.30621	1006.2761
814.31818	1001.483
814.33014	1004.4655
814.3421	1001.1832
814.35406	993.52972
814.36603	997.57159
814.37799	1002.5978
814.38995	1000.1037
814.40192	996.53168
814.41388	997.51483
814.42584	995.93024
814.43781	991.31055
814.44977	994.96643
814.46173	996.23138
814.47369	998.87805
814.48566	995.5885
814.49762	991.51031
814.50958	986.11023
814.52155	994.3877
814.53351	998.71814
814.54547	993.87762
814.55743	992.79071
814.5694	993.60333
814.58136	990.66925
814.59332	988.1496
814.60529	988.31647
814.61725	989.33124
814.62921	992.05389
814.64117	992.49567
814.65314	988.67273
814.6651	985.69965
814.67706	983.68909
814.68896	984.51636
814.70093	986.59967
814.71289	983.89508
814.72485	983.99298
814.73682	985.56836
814.74878	983.80542
814.76074	985.66766
814.77271	982.31268
814.78467	977.44867
814.79663	985.31232
814.80859	985.59528
814.82056	981.41846
814.83252	975.85272
814.84448	988.11127
814.85645	980.86499
814.86841	983.48254
814.88037	984.44415
814.89233	975.69244
814.9043	981.11377
814.91626	979.40771
814.92822	974.4848
814.94019	974.09686
814.95215	979.64349
814.96411	969.74469
814.97607	975.97809
814.98804	973.77905
815	969.94763
815.01196	971.5
815.02393	961.54938
815.03589	965.56128
815.04785	964.89752
815.05981	968.24103
815.07178	967.88635
815.08374	965.19159
815.0957	966.56329
815.10767	970.99316
815.11963	967.23975
815.13159	971.40887
815.14355	969.03046
815.15552	968.55615
815.16748	970.24792
815.17944	969.25262
815.19141	967.66943
815.20337	964.58374
815.21533	965.86591
815.22729	968.02252
815.23926	966.96338
815.25122	967.80365
815.26318	965.37225
815.27515	963.36261
815.28711	962.44012
815.29907	965.1535
815.31104	962.61182
815.32294	960.01978
815.3349	960.0625
815.34686	959.69672
815.35883	959.60022
815.37079	958.73615
815.38275	964.96649
815.39471	961.03418
815.40668	958.37341
815.41864	958.58423
815.4306	958.41791
815.44257	956.47168
815.45453	955.04492
815.46649	956.0296
815.47845	956.88501
815.49042	961.23615
815.50238	959.10205
815.51434	955.99127
815.52631	954.64697
815.53827	956.95471
815.55023	953.38672
815.56219	951.16187
815.57416	954.00208
815.58612	952.64215
815.59808	954.69836
815.61005	952.3429
815.62201	951.47357
815.63397	952.28619
815.64594	956.58099
815.6579	954.87537
815.66986	952.62897
815.68182	952.90039
815.69379	950.34253
815.70575	954.5968
815.71771	951.85712
815.72968	951.90289
815.74164	952.43146
815.7536	950.78784
815.76556	950.74738
815.77753	950.3056
815.78949	947.10052
815.80145	946.66296
815.81342	947.37286
815.82538	950.26947
815.83734	948.26904
815.8493	947.48029
815.86127	947.24518
815.87323	946.2561
815.88519	946.18378
815.89716	948.56561
815.90912	942.98224
815.92108	941.87646
815.93304	944.91058
815.94495	947.75275
815.95691	947.97577
815.96887	946.95184
815.98083	945.87579
815.9928	947.909
816.00476	942.25934
816.01672	939.89105
816.02869	946.23004
816.04065	945.42468
816.05261	938.26752
816.06458	946.33289
816.07654	948.06512
816.0885	941.38324
816.10046	942.67981
816.11243	946.96094
816.12439	950.71906
816.13635	944.07666
816.14832	946.02777
816.16028	952.06757
816.17224	949.78369
816.1842	947.44183
816.19617	944.72699
816.20813	945.81226
816.22009	946.83502
816.23206	944.61542
816.24402	941.76959
816.25598	945.7359
816.26794	943.58325
816.27991	943.20697
816.29187	946.76929
816.30383	949.08752
816.3158	948.81287
816.32776	945.61725
816.33972	946.60052
816.35168	949.75787
816.36365	946.63208
816.37561	945.98254
816.38757	947.28571
816.39954	945.50177
816.4115	948.18781
816.42346	951.2746
816.43542	948.97321
816.44739	947.67084
816.45935	948.73993
816.47131	949.27283
816.48328	946.92792
816.49524	953.7146
816.5072	951.99463
816.51917	948.20813
816.53113	952.55804
816.54309	954.83813
816.55505	947.76062
816.56696	949.13599
816.57892	952.51892
816.59088	953.87476
816.60284	950.77301
816.61481	952.40704
816.62677	949.48608
816.63873	955.42047
816.6507	957.72968
816.66266	954.13416
816.67462	957.60559
816.68658	956.35675
816.69855	956.11157
816.71051	956.72626
816.72247	957.32916
816.73444	956.35663
816.7464	955.50037
816.75836	953.3396
816.77032	960.96265
816.78229	961.55432
816.79425	963.91394
816.80621	960.11938
816.81818	962.56049
816.83014	961.25842
816.8421	961.9726
816.85406	964.25574
816.86603	963.633
816.87799	965.02258
816.88995	966.54443
816.90192	969.26233
816.91388	963.17877
816.92584	959.89087
816.93781	965.86859
816.94977	968.22076
816.96173	968.45319
816.97369	972.09521
816.98566	976.10706
816.99762	976.82281
817.00958	982.901
817.02155	978.39362
817.03351	978.23651
817.04547	986.80066
817.05743	989.68268
817.0694	986.75043
817.08136	980.5589
817.09332	986.18445
817.10529	990.84283
817.11725	991.87799
817.12921	996.05835
817.14117	993.47125
817.15314	995.48584
817.1651	1005.642
817.17706	1007.5411
817.18896	1003.0554
817.20093	1008.9039
817.21289	1010.4728
817.22485	1012.7288
817.23682	1013.6113
817.24878	1020.3336
817.26074	1015.9007
817.27271	1024.6191
817.28467	1021.5827
817.29663	1019.1865
817.30859	1020.6602
817.32056	1020.6418
817.33252	1035.4575
817.34448	1048.5212
817.35645	1051.0773
817.36841	1048.259
817.38037	1051.0011
817.39233	1057.3979
817.4043	1065.6827
817.41626	1066.035
817.42822	1079.8689
817.44019	1089.6472
817.45215	1095.2087
817.46411	1091.4291
817.47607	1106.9451
817.48804	1114.4043
817.5	1122.7312
817.51196	1122.5865
817.52393	1132.2471
817.53589	1144.6265
817.54785	1144.4128
817.55981	1159.5422
817.57178	1178.299
817.58374	1190.0142
817.5957	1188.2534
817.60767	1197.1134
817.61963	1218.8529
817.63159	1233.9413
817.64355	1247.807
817.65552	1263.1442
817.66748	1273.4679
817.67944	1292.4159
817.69141	1312.6592
817.70337	1337.1082
817.71533	1356.704
817.72729	1381.467
817.73926	1414.9226
817.75122	1428.8956
817.76318	1479.2454
817.77515	1505.1769
817.78711	1542.5723
817.79907	1588.7047
817.81104	1642.1758
817.82294	1691.4241
817.8349	1757.4529
817.84686	1841.2697
817.85883	1928.2958
817.87079	2001.4854
817.88275	2102.3682
817.89471	2225.3623
817.90668	2376.6826
817.91864	2551.1445
817.9306	2758.1782
817.94257	3005.5701
817.95453	3357.0293
817.96649	3754.7852
817.97845	4293.8418
817.99042	4980.2095
818.00238	5812.9829
818.01434	6812.0049
818.02631	8104.7275
818.03827	9698.8096
818.05023	11639.728
818.06219	13990.644
818.07416	16749.242
818.08612	19872.066
818.09808	23486.348
818.11005	27418.238
818.12201	31420.047
818.13397	34855.629
818.14594	37483.254
818.1579	39302.309
818.16986	40459.594
818.18182	40098.52
818.19379	38242.082
818.20575	35158.371
818.21771	31130.127
818.22968	26431.029
818.24164	21834.408
818.2536	17445.299
818.26556	13837.823
818.27753	10994.105
818.28949	8726.498
818.30145	7037.9453
818.31342	5782.1372
818.32538	4828.917
818.33734	4107.6665
818.3493	3578.5181
818.36127	3191.6394
818.37323	2825.2437
818.38519	2527.6479
818.39716	2356.2097
818.40912	2153.5913
818.42108	1999.2646
818.43304	1866.3236
818.44495	1763.233
818.45691	1700.0802
818.46887	1608.806
818.48083	1549.4227
818.4928	1502.6429
818.50476	1440.7988
818.51672	1395.6008
818.52869	1353.1676
818.54065	1324.9702
818.55261	1287.4706
818.56458	1254.0002
818.57654	1243.3959
818.5885	1222.9858
818.60046	1185.1473
818.61243	1161.8701
818.62439	1150.3353
818.63635	1133.7452
818.64832	1116.4733
818.66028	1108.8362
818.67224	1096.7726
818.6842	1092.385
818.69617	1074.3259
818.70813	1055.6016
818.72009	1053.0353
818.73206	1044.5511
818.74402	1040.583
818.75598	1034.6757
818.76794	1024.5474
818.77991	1016.9078
818.79187	1009.6622
818.80383	1007.7314
818.8158	1001.3159
818.82776	994.63574
818.83972	988.4104
818.85168	988.22369
818.86365	982.20325
818.87561	973.87506
818.88757	968.72906
818.89954	967.33911
818.9115	968.42181
818.92346	963.87177
818.93542	954.5827
818.94739	953.34058
818.95935	954.61987
818.97131	946.41205
818.98328	944.86127
818.99524	945.66888
819.0072	941.7901
819.01917	937.16907
819.03113	933.44122
819.04309	935.99164
819.05505	933.7774
819.06696	936.19653
819.07892	931.74908
819.09088	926.75977
819.10284	924.75708
819.11481	923.17566
819.12677	926.22882
819.13873	925.974
819.1507	921.81311
819.16266	921.5274
819.17462	918.42426
819.18658	916.36957
819.19855	914.50122
819.21051	914.19202
819.22247	913.91882
819.23444	911.19531
819.2464	909.06329
819.25836	911.35168
819.27032	901.63239
819.28229	912.24609
819.29425	909.4505
819.30621	903.90875
819.31818	903.0061
819.33014	900.33698
819.3421	906.14319
819.35406	903.48566
819.36603	901.8114
819.37799	904.03528
819.38995	901.76135
819.40192	897.16742
819.41388	895.2619
819.42584	896.14313
819.43781	897.6637
819.44977	900.52533
819.46173	895.69708
819.47369	897.18939
819.48566	897.41632
819.49762	893.41931
819.50958	893.60156
819.52155	896.01459
819.53351	893.07416
819.54547	894.61951
819.55743	895.20837
819.5694	893.93781
819.58136	892.98175
819.59332	892.16565
819.60529	893.45612
819.61725	888.672
819.62921	885.85846
819.64117	890.41693
819.65314	888.64471
819.6651	886.82281
819.67706	888.78278
819.68896	886.34869
819.70093	889.0528
819.71289	883.47681
819.72485	885.85413
819.73682	885.34277
819.74878	884.41797
819.76074	884.14307
819.77271	884.94934
819.78467	886.84003
819.79663	878.77734
819.80859	885.89117
819.82056	885.45819
819.83252	884.61053
819.84448	877.06952
819.85645	883.64813
819.86841	885.89746
819.88037	883.40778
819.89233	878.87976
819.9043	882.75696
819.91626	879.74512
819.92822	885.49237
819.94019	882.0094
819.95215	881.46826
819.96411	881.27222
819.97607	878.68475
819.98804	881.72217
820	880.46918
820.01196	875.7016
820.02393	880.68842
820.03589	881.10016
820.04785	878.45483
820.05981	880.71106
820.07178	880.39923
820.08374	877.23444
820.0957	877.49835
820.10767	878.63416
820.11963	875.71118
820.13159	874.75049
820.14355	875.24878
820.15552	876.53967
820.16748	881.11237
820.17944	880.25098
820.19141	878.19598
820.20337	879.34064
820.21533	881.25464
820.22729	879.06372
820.23926	878.38965
820.25122	877.0863
820.26318	876.28241
820.27515	877.17426
820.28711	876.86945
820.29907	877.16187
820.31104	877.68695
820.32294	875.81641
820.3349	876.25879
820.34686	875.31958
820.35883	874.68298
820.37079	877.09631
820.38275	876.57355
820.39471	877.69934
820.40668	877.07776
820.41864	878.43524
820.4306	879.349
820.44257	881.30536
820.45453	875.84601
820.46649	874.18066
820.47845	875.59119
820.49042	876.5896
820.50238	879.15442
820.51434	876.56073
820.52631	875.02246
820.53827	877.79889
820.55023	872.85889
820.56219	873.61835
820.57416	873.98932
820.58612	871.19702
820.59808	876.58618
820.61005	873.1319
820.62201	873.42444
820.63397	871.62976
820.64594	876.35803
820.6579	873.71747
820.66986	873.24963
820.68182	877.56354
820.69379	873.52435
820.70575	874.73688
820.71771	875.51477
820.72968	872.88965
820.74164	874.08093
820.7536	874.28754
820.76556	875.86365
820.77753	872.18866
820.78949	875.10474
820.80145	872.34534
820.81342	872.21069
820.82538	874.35376
820.83734	868.54218
820.8493	869.88629
820.86127	871.80835
820.87323	871.56097
820.88519	871.9104
820.89716	872.27777
820.90912	876.3717
820.92108	874.75763
820.93304	872.21069
820.94495	872.70013
820.95691	872.27576
820.96887	872.46472
820.98083	872.04224
820.9928	873.14148
821.00476	872.2962
821.01672	871.16351
821.02869	872.08496
821.04065	872.26105
821.05261	870.32513
821.06458	871.38818
821.07654	868.04498
821.0885	870.5296
821.10046	872.55872
821.11243	870.34003
821.12439	871.03247
821.13635	872.01215
821.14832	870.90894
821.16028	870.60309
821.17224	868.88672
821.1842	873.22705
821.19617	872.84979
821.20813	873.46344
821.22009	872.3429
821.23206	872.47058
821.24402	870.69189
821.25598	870.82428
821.26794	870.79877
821.27991	872.41309
821.29187	871.41211
821.30383	874.42694
821.3158	869.92493
821.32776	871.23224
821.33972	869.98334
821.35168	871.19824
821.36365	872.13135
821.37561	871.6507
821.38757	865.59259
821.39954	867.8866
821.4115	869.88348
821.42346	868.72198
821.43542	867.52765
821.44739	871.63794
821.45935	867.47565
821.47131	869.42987
821.48328	869.34369
821.49524	871.11566
821.5072	870.48096
821.51917	872.4527
821.53113	872.25336
821.54309	872.7691
821.55505	871.65381
821.56696	869.4848
821.57892	869.12646
821.59088	870.44244
821.60284	869.56543
821.61481	869.96027
821.62677	870.9895
821.63873	873.16406
821.6507	870.77991
821.66266	869.01843
821.67462	869.69501
821.68658	868.86096
821.69855	869.62921
821.71051	872.16394
821.72247	869.32214
821.73444	868.28442
821.7464	870.86664
821.75836	869.92596
821.77032	869.86987
821.78229	868.49023
821.79425	868.51251
821.80621	871.84808
821.81818	872.01428
821.83014	870.91199
821.8421	870.73163
821.85406	871.06262
821.86603	869.52417
821.87799	869.12402
821.88995	871.70099
821.90192	872.63965
821.91388	867.01105
821.92584	871.07208
821.93781	867.58063
821.94977	872.17865
821.96173	871.24445
821.97369	871.51654
821.98566	868.19531
821.99762	871.98022
822.00958	868.6684
822.02155	871.51642
822.03351	871.50824
822.04547	869.72229
822.05743	872.14325
822.0694	871.06287
822.08136	871.38995
822.09332	871.06897
822.10529	870.69427
822.11725	868.21558
822.12921	868.47522
822.14117	869.70569
822.15314	871.73798
822.1651	870.86823
822.17706	870.97583
822.18896	870.67169
822.20093	867.01123
822.21289	868.80255
822.22485	869.46576
822.23682	869.95776
822.24878	868.41205
822.26074	867.47241
822.27271	868.93402
822.28467	869.82745
822.29663	870.04517
822.30859	870.50104
822.32056	870.20752
822.33252	868.19592
822.34448	871.67358
822.35645	867.04144
822.36841	869.70331
822.38037	868.02783
822.39233	871.29431
822.4043	866.63733
822.41626	869.51196
822.42822	869.84534
822.44019	870.42731
822.45215	869.87201
822.46411	869.20929
822.47607	868.18604
822.48804	865.01587
822.5	868.95996
822.51196	867.82684
822.52393	867.39783
822.53589	869.90314
822.54785	870.80536
822.55981	868.85358
822.57178	868.46051
822.58374	868.68884
822.5957	870.03815
822.60767	869.75128
822.61963	867.43219
822.63159	868.59253
822.64355	870.40668
822.65552	868.93164
822.66748	868.37451
822.67944	868.84985
822.69141	869.37994
822.70337	866.56982
822.71533	865.79388
822.72729	869.57684
822.73926	870.69415
822.75122	871.4328
822.76318	872.31573
822.77515	868.49536
822.78711	869.0882
822.79907	873.19293
822.81104	870.19971
822.82294	868.10486
822.8349	870.60956
822.84686	866.36859
822.85883	871.40619
822.87079	867.8219
822.88275	868.88055
822.89471	867.92078
822.90668	867.46826
822.91864	867.64587
822.9306	870.03021
822.94257	865.05627
822.95453	868.33228
822.96649	867.2077
822.97845	869.31042
822.99042	870.82202
823.00238	870.42212
823.01434	868.61517
823.02631	868.32568
823.03827	870.84985
823.05023	870.75403
823.06219	867.24823
823.07416	866.05719
823.08612	867.47943
823.09808	866.35278
823.11005	867.34509
823.12201	871.78925
823.13397	872.65082
823.14594	868.59827
823.1579	866.85583
823.16986	871.06842
823.18182	865.83899
823.19379	864.5979
823.20575	869.15497
823.21771	871.31073
823.22968	868.12744
823.24164	868.64038
823.2536	873.45654
823.26556	869.73279
823.27753	868.62903
823.28949	867.59729
823.30145	866.57336
823.31342	865.67242
823.32538	865.9743
823.33734	867.30743
823.3493	866.31415
823.36127	868.427
823.37323	868.49762
823.38519	871.47693
823.39716	871.74396
823.40912	868.29907
823.42108	867.67236
823.43304	869.13501
823.44495	868.01959
823.45691	868.18988
823.46887	869.5365
823.48083	868.23779
823.4928	869.76331
823.50476	868.72308
823.51672	869.66254
823.52869	869.27911
823.54065	868.67236
823.55261	868.67236
823.56458	866.29913
823.57654	868.97998
823.5885	871.39093
823.60046	869.00006
823.61243	865.90558
823.62439	869.50745
823.63635	869.67236
823.64832	867.50378
823.66028	867.84839
823.67224	870.58228
823.6842	869.67242
823.69617	869.51392
823.70813	869.05206
823.72009	870.22729
823.73206	868.15613
823.74402	867.25452
823.75598	867.69348
823.76794	867.11102
823.77991	869.6723
823.79187	868.81586
823.80383	869.21222
823.8158	868.84991
823.82776	870.0321
823.83972	869.42224
823.85168	867.27155
823.86365	868.30634
823.87561	869.33978
823.88757	872.48267
823.89954	871.46552
823.9115	873.23846
823.92346	870.50287
823.93542	870.51294
823.94739	873.5896
823.95935	869.13263
823.97131	869.61792
823.98328	865.74359
823.99524	864.7547
824.0072	869.12689
824.01917	871.16431
824.03113	867.92163
824.04309	869.83392
824.05505	869.68506
824.06696	866.13269
824.07892	866.87109
824.09088	866.49652
824.10284	870.61359
824.11481	869.43707
824.12677	869.31055
824.13873	870.33295
824.1507	867.22211
824.16266	870.526
824.17462	868.12994
824.18658	867.91797
824.19855	867.82184
824.21051	868.22961
824.22247	868.9165
824.23444	870.89825
824.2464	865.44116
824.25836	870.59106
824.27032	868.33203
824.28229	869.45178
824.29425	870.599
824.30621	867.78162
824.31818	866.00287
824.33014	871.20685
824.3421	864.04431
824.35406	868.44971
824.36603	866.67242
824.37799	866.85852
824.38995	866.76276
824.40192	864.99414
824.41388	868.67236
824.42584	867.31946
824.43781	865.4267
824.44977	866.67236
824.46173	866.67236
824.47369	869.12866
824.48566	871.14136
824.49762	869.53149
824.50958	867.45758
824.52155	864.73944
824.53351	867.66339
824.54547	870.34814
824.55743	868.24725
824.5694	868.30261
824.58136	871.16339
824.59332	870.7912
824.60529	868.67657
824.61725	864.84204
824.62921	863.6745
824.64117	871.46497
824.65314	870.35919
824.6651	868.5578
824.67706	867.80164
824.68896	868.14514
824.70093	867.69098
824.71289	871.18408
824.72485	871.67236
824.73682	871.67236
824.74878	870.02972
824.76074	868.36584
824.77271	869.26233
824.78467	868.83124
824.79663	869.22729
824.80859	868.47754
824.82056	868.30884
824.83252	870.70337
824.84448	869.51404
824.85645	869.0365
824.86841	870.367
824.88037	863.94049
824.89233	867.35669
824.9043	874.14569
824.91626	868.8913
824.92822	874.92682
824.94019	862.67236
824.95215	863.44232
824.96411	871.28833
824.97607	868.72821
824.98804	869.77771
825	871.38776
