780.14618	877.29279
780.15839	877.5
780.17059	876.37219
780.18274	875.63074
780.19495	876.64307
780.20709	875.14667
780.2193	871.6189
780.23151	876.07391
780.24365	876.66003
780.25586	876.99298
780.26801	876.67255
780.28021	874.82593
780.29242	873.04681
780.30457	874.07532
780.31677	875.43518
780.32892	875.36139
780.34113	874.30206
780.35333	875.98859
780.36548	877.62506
780.37769	875.55444
780.38989	875.61389
780.40204	875.68335
780.41425	873.09192
780.42639	876.44617
780.4386	875.37994
780.45081	874.70172
780.46295	875.37842
780.47516	872.46307
780.4873	872.36456
780.49951	876.47516
780.51172	877.40479
780.52386	875.97211
780.53607	876.04962
780.54822	875.60187
780.56042	875.02496
780.57263	877.24878
780.58478	875.8877
780.59698	877.41711
780.60919	876.65955
780.62134	873.64362
780.63354	874.57635
780.64569	876.3833
780.6579	875.61517
780.6701	875.36377
780.68225	874.7832
780.69446	875.63025
780.7066	876.97931
780.71881	876.13831
780.73102	875.87701
780.74316	877.19733
780.75537	876.68677
780.76752	876.73694
780.77972	874.25372
780.79193	875.48718
780.80408	873.96228
780.81628	877.6933
780.82843	873.96729
780.84064	874.33258
780.85284	876.90442
780.86499	875.4397
780.8772	873.95313
780.8894	875.77362
780.90155	878.01331
780.91376	874.19421
780.9259	870.9245
780.93811	874.55524
780.95032	873.67926
780.96246	872.02057
780.97467	873.85864
780.98682	875.20514
780.99902	872.65546
781.01123	874.2478
781.02338	871.12781
781.03558	872.42651
781.04773	876.56024
781.05994	872.30292
781.07214	872.31641
781.08429	871.04987
781.0965	869.13092
781.1087	870.91199
781.12085	873.61554
781.13306	875.70056
781.1452	875.8432
781.15741	872.96771
781.16962	870.17297
781.18176	874.65259
781.19397	874.85938
781.20612	876.49609
781.21832	876.8316
781.23053	876.68896
781.24268	875.08118
781.25488	873.26343
781.26703	874.36603
781.27924	875.03705
781.29144	873.68835
781.30359	873.97803
781.3158	876.21539
781.328	876.14191
781.34015	874.0249
781.35236	872.99091
781.3645	873.92926
781.37671	876.31799
781.38892	871.74493
781.40106	877.92584
781.41327	875.51306
781.42542	873.92731
781.43762	875.25903
781.44983	873.86932
781.46198	873.93988
781.47418	874.64301
781.48633	876.98218
781.49854	876.36853
781.51074	871.51794
781.52289	872.11163
781.5351	874.75806
781.54724	873.02509
781.55945	878.24615
781.57166	875.07538
781.5838	876.48108
781.59601	873.72638
781.60822	872.75812
781.62036	875.05359
781.63257	874.16174
781.64471	872.86469
781.65692	874.58423
781.66913	875.18414
781.68127	875.99316
781.69348	875.74255
781.70563	874.47498
781.71783	875.16492
781.73004	873.89606
781.74219	874.06207
781.75439	872.16626
781.76654	875.55573
781.77875	874.414
781.79095	879.23376
781.8031	875.18677
781.81531	877.71588
781.82751	875.51147
781.83966	875.604
781.85187	875.76917
781.86401	876.0658
781.87622	877.48663
781.88843	877.6366
781.90057	875.98102
781.91278	873.50848
781.92493	872.13049
781.93713	875.13782
781.94934	873.133
781.96149	875.74792
781.97369	876.59027
781.98584	875.51904
781.99805	874.70746
782.01025	872.04401
782.0224	874.05548
782.03461	874.64307
782.04681	871.89771
782.05896	874.4104
782.07117	875.63458
782.08331	874.75201
782.09552	875.53882
782.10773	877.36884
782.11987	877.89001
782.13208	875.38367
782.14423	872.28552
782.15643	873.45972
782.16864	874.23114
782.18079	876.5
782.19299	876.5
782.20514	872.83142
782.21735	874.95911
782.22955	873.19672
782.2417	875.59149
782.25391	877.1322
782.26605	875.81323
782.27826	873.61621
782.29047	874.08112
782.30261	874.67383
782.31482	873.72827
782.32703	875.50372
782.33917	878.26514
782.35138	876.19208
782.36353	874.27783
782.37573	873.24243
782.38794	875.64996
782.40009	879.41614
782.41229	873.86194
782.42444	873.60522
782.43665	873.52765
782.44885	874.24823
782.461	875.8797
782.47321	876.41406
782.48535	876.72827
782.49756	876.22827
782.50977	875.5
782.52191	875.64532
782.53412	875.3479
782.54633	874.15802
782.55847	873.69318
782.57068	873.99573
782.58282	874.78326
782.59503	875.78687
782.60724	874.50281
782.61938	875.57391
782.63159	874.95319
782.64374	872.08075
782.65594	875.73431
782.66815	875.22223
782.6803	873.28284
782.6925	872.64307
782.70465	872.64307
782.71686	874.1015
782.72906	874.51263
782.74121	873
782.75342	872.68665
782.76563	872.42749
782.77777	873.84265
782.78998	874.40594
782.80212	872.97522
782.81433	872.62201
782.82654	872.01654
782.83868	876.14722
782.85089	873.17578
782.86304	872.64307
782.87524	873.93353
782.88745	876.54285
782.8996	875.67786
782.9118	873.10455
782.92395	874.44055
782.93616	874.29608
782.94836	873.0376
782.96051	874.87158
782.97272	874.34033
782.98486	874.47412
782.99707	876.71497
783.00928	875.5
783.02142	875.65222
783.03363	877.30878
783.04584	875.0791
783.05798	873.96051
783.07019	872.8172
783.08234	875.05115
783.09454	877.03845
783.10675	874.72321
783.1189	874.22894
783.1311	874.06104
783.14325	875.22717
783.15546	876.74768
783.16766	875.6095
783.17981	874.04443
783.19202	874.44965
783.20416	874.60681
783.21637	874.37311
783.22858	874.33331
783.24072	877.04022
783.25293	874.4989
783.26514	873.58185
783.27728	875.28424
783.28949	875.87885
783.30164	873.95087
783.31384	875.11847
783.32605	874.21356
783.3382	874.74371
783.3504	876.00861
783.36255	874.85315
783.37476	874.93494
783.38696	874.42938
783.39911	873.50403
783.41132	876.24902
783.42346	877.22266
783.43567	877.7843
783.44788	875.44574
783.46002	871.29657
783.47223	874.63074
783.48438	872.06519
783.49658	872.38477
783.50879	877.87939
783.52094	875.55518
783.53314	872.32794
783.54535	874.90662
783.5575	874.9303
783.5697	874.04688
783.58185	872.9519
783.59406	872.95544
783.60626	874.2691
783.61841	874.0509
783.63062	873.17719
783.64276	874.36884
783.65497	874.51996
783.66718	874.10291
783.67932	873.22498
783.69153	871.84259
783.70367	872.87115
783.71588	875.50153
783.72809	873.9118
783.74023	877.40863
783.75244	875.50415
783.76465	873.52466
783.77679	873.38678
783.789	876.62006
783.80115	876.77301
783.81335	876.05481
783.82556	875.16339
783.83771	874.61945
783.84991	875.16534
783.86206	875.72327
783.87427	874.63837
783.88647	874.20642
783.89862	873.73212
783.91083	873.9502
783.92297	874.25385
783.93518	871.65863
783.94739	872.51215
783.95953	876.74078
783.97174	873.13239
783.98395	872.62048
783.99609	874.81549
784.0083	873.38483
784.02045	873.5116
784.03265	875.15179
784.04486	876.4361
784.05701	875.41602
784.06921	872.164
784.08136	871.67786
784.09357	873.4743
784.10577	873.92474
784.11792	875.85773
784.13013	874.62299
784.14227	873.27118
784.15448	875.39453
784.16669	873.8031
784.17883	874.46661
784.19104	873.18042
784.20319	873.62244
784.21539	873.07977
784.2276	872.24615
784.23975	873.35034
784.25195	873.0484
784.26416	873.94769
784.27631	875.39001
784.28851	874.85175
784.30066	874.08502
784.31287	873.9826
784.32507	872.25726
784.33722	871.82324
784.34943	872.48041
784.36157	873.02069
784.37378	874.7713
784.38599	875.39948
784.39813	875.14587
784.41034	877.258
784.42249	875.01306
784.43469	875.45636
784.4469	870.1969
784.45905	874.11035
784.47125	874.89142
784.48346	874.29883
784.49561	874.9043
784.50781	875.1134
784.51996	872.87744
784.53217	871.77185
784.54437	873.10266
784.55652	873.22369
784.56873	874.04456
784.58087	874.9126
784.59308	874.72284
784.60529	871.99042
784.61743	872.59192
784.62964	874.92053
784.64178	873.45868
784.65399	874.43909
784.6662	873.271
784.67834	872.9458
784.69055	872.50732
784.70276	871.95221
784.7149	873.97748
784.72711	876.17603
784.73926	875.30463
784.75146	874.3479
784.76367	873.64081
784.77582	874.711
784.78802	875.2782
784.80017	875.3736
784.81238	874.42963
784.82458	873.039
784.83673	872.36835
784.84894	872.13379
784.86108	872.92499
784.87329	874.04889
784.8855	874.31067
784.89764	874.68298
784.90985	873.84015
784.922	872.66339
784.9342	873.63922
784.94641	868.52881
784.95856	874.74219
784.97076	873.80505
784.98297	876.92267
784.99512	875.97784
785.00732	874.03735
785.01947	874.13013
785.03168	874.39874
785.04388	873.10889
785.05603	874.0105
785.06824	876.53259
785.08038	877.26611
785.09259	875.23413
785.1048	873.92664
785.11694	875.58606
785.12915	872.52423
785.1413	873.50867
785.1535	874.79187
785.16571	874.79657
785.17786	873.55426
785.19006	875.1106
785.20227	875.57355
785.21442	876.86487
785.22662	872.90607
785.23877	873.78601
785.25098	871.08557
785.26318	871.57556
785.27533	872.50336
785.28754	873.47412
785.29968	874.57324
785.31189	873.90869
785.3241	872.64764
785.33624	873.62866
785.34845	874.35663
785.3606	873.35132
785.3728	872.44147
785.38501	874.85364
785.39716	873.03314
785.40936	873.28729
785.42157	872.47174
785.43372	873.85645
785.44592	875.23505
785.45807	872.90143
785.47028	872.47821
785.48248	873.56519
785.49463	873.53387
785.50684	872.87915
785.51898	872.64868
785.53119	871.71851
785.5434	872.83716
785.55554	874.39813
785.56775	873.96472
785.5799	871.26166
785.5921	872.04956
785.60431	873.22699
785.61646	872.32739
785.62866	873.66711
785.64081	874.23254
785.65302	872.82837
785.66522	873.5791
785.67737	871.98315
785.68958	873.3576
785.70178	875.13049
785.71393	874.42804
785.72614	872.70081
785.73828	872.15973
785.75049	873.7807
785.7627	870.67786
785.77484	873.09576
785.78705	874.00916
785.79919	872.95667
785.8114	873.04272
785.82361	872.65277
785.83575	872.96375
785.84796	873.89307
785.86011	873.59003
785.87231	874.08618
785.88452	874.76001
785.89667	873.32288
785.90887	874.47559
785.92108	874.00354
785.93323	872.54852
785.94543	873.00464
785.95758	870.08496
785.96979	869.74713
785.98199	871.47449
785.99414	873.86688
786.00635	874.57544
786.01849	872.4447
786.0307	873.93341
786.04291	877.70697
786.05505	874.15723
786.06726	875.69556
786.07941	874.57648
786.09161	873.77814
786.10382	874.49841
786.11597	873.37366
786.12817	875.57715
786.14038	875.06696
786.15253	874.29742
786.16473	874.64087
786.17688	873.82733
786.18909	874.12396
786.20129	874.39069
786.21344	873.15106
786.22565	873.46509
786.23779	873.88739
786.25	873.11877
786.26221	873.5127
786.27435	873.03528
786.28656	872.323
786.29871	870.97699
786.31091	871.48682
786.32312	871.7937
786.33527	872.09991
786.34747	872.64032
786.35962	874.7973
786.37183	873.83655
786.38403	871.64795
786.39618	871.72583
786.40839	873.98486
786.42059	875.57507
786.43274	876.13336
786.44495	875.08234
786.45709	874.05548
786.4693	873.26721
786.48151	873.0564
786.49365	874.48395
786.50586	874.25189
786.51801	873.49408
786.53021	874.27899
786.54242	873.64221
786.55457	873.53784
786.56677	873.02209
786.57892	874.17493
786.59113	873.01569
786.60333	876.25415
786.61548	873.64734
786.62769	874.53918
786.63989	875.94427
786.65204	873.31903
786.66425	874.45844
786.67639	872.38647
786.6886	870.76007
786.70081	872.60443
786.71295	874.36798
786.72516	872.85858
786.7373	872.29675
786.74951	873.10931
786.76172	872.40796
786.77386	872.42548
786.78607	873.61108
786.79822	873.61676
786.81042	874.14514
786.82263	873.90723
786.83478	872.50659
786.84698	870.86609
786.85919	874.99408
786.87134	875.09149
786.88354	873.75946
786.89569	873.12177
786.9079	872.7934
786.9201	873.13733
786.93225	875.41559
786.94446	872.8031
786.9566	871.4917
786.96881	874.99408
786.98102	873.05151
786.99316	873.86481
787.00537	873.573
787.01752	872.64783
787.02972	872.43365
787.04193	871.69421
787.05408	871.82574
787.06628	872.83173
787.07843	873.50952
787.09064	874.63593
787.10284	874.63196
787.11499	873.09094
787.1272	872.40283
787.1394	873.7915
787.15155	873.21661
787.16376	873.67847
787.1759	874.98517
787.18811	872.20374
787.20032	872.82245
787.21246	872.11609
787.22467	874.789
787.23682	873.84393
787.24902	872.92108
787.26123	873.50897
787.27338	873.40466
787.28558	873.82526
787.29773	874.19678
787.30994	874.12799
787.32214	874.29376
787.33429	873.42242
787.3465	872.92065
787.3587	875.216
787.37085	875.01764
787.38306	874.82996
787.3952	873.76477
787.40741	872.75671
787.41962	872.72363
787.43176	873.52374
787.44397	872.75897
787.45612	873.50397
787.46832	873.40283
787.48053	872.2774
787.49268	871.22375
787.50488	872.33203
787.51703	873.35077
787.52924	871.86072
787.54144	871.61249
787.55359	871.74634
787.5658	872.21844
787.578	874.63049
787.59015	872.91357
787.60236	872.92383
787.6145	873.71027
787.62671	873.76135
787.63892	873.49329
787.65106	872.01666
787.66327	872.60706
787.67542	872.8952
787.68762	873.95465
787.69983	874.31873
787.71198	872.72388
787.72418	871.38794
787.73633	871.67902
787.74854	872.08569
787.76074	872.88867
787.77289	873.00342
787.7851	874.19489
787.79724	875.09497
787.80945	872.67731
787.82166	872.13147
787.8338	871.16949
787.84601	871.33801
787.85822	874.40497
787.87036	871.95374
787.88257	873.3653
787.89471	874.11536
787.90692	871.42883
787.91913	871.65991
787.93127	875.18292
787.94348	875.08533
787.95563	872.03455
787.96783	871.99396
787.98004	872.83801
787.99219	872.31714
788.00439	873.2262
788.01654	874.13831
788.02875	875.39935
788.04095	875.33362
788.0531	874.27478
788.06531	872.65625
788.07751	872.10748
788.08966	873.06055
788.10187	871.68622
788.11401	871.35345
788.12622	873.75793
788.13843	873.57233
788.15057	873.19238
788.16278	873.03693
788.17493	871.7345
788.18713	870.57373
788.19934	872.25214
788.21149	871.58911
788.22369	874.3349
788.23584	874.71661
788.24805	874.08557
788.26025	871.87939
788.2724	872.57117
788.28461	873.12476
788.29681	871.09564
788.30896	874.53882
788.32117	872.39728
788.33331	872.86908
788.34552	873.65448
788.35773	875.67114
788.36987	873.85461
788.38208	873.34515
788.39423	872.76019
788.40643	873.43207
788.41864	872.76019
788.43079	871.78448
788.44299	872.07581
788.45514	872.92633
788.46735	871.32574
788.47955	872.52661
788.4917	871.81244
788.50391	873.03192
788.51605	873.33789
788.52826	874.60461
788.54047	873.27728
788.55261	875.06653
788.56482	872.87134
788.57703	872.84656
788.58917	873.80359
788.60138	872.98456
788.61353	873.3988
788.62573	873.70245
788.63794	872.3479
788.65009	873.95789
788.66229	873.05365
788.67444	872.6438
788.68665	873.09943
788.69885	872.29657
788.711	871.48547
788.72321	871.08612
788.73535	872.24286
788.74756	873.61633
788.75977	871.91107
788.77191	873.03015
788.78412	872.81
788.79633	871.46497
788.80847	872.51257
788.82068	871.37329
788.83282	872.20215
788.84503	873.73932
788.85724	870.80225
788.86938	872.31616
788.88159	873.13995
788.89374	871.35291
788.90594	871.01007
788.91815	871.43274
788.9303	872.4823
788.9425	873.64276
788.95465	873.86053
788.96686	872.12347
788.97906	871.14929
788.99121	872.75616
789.00342	870.75806
789.01563	871.09894
789.02777	872.8479
789.03998	873.26276
789.05212	873.62286
789.06433	872.12073
789.07654	872.63232
789.08868	873.82611
789.10089	872.64679
789.11304	871.2356
789.12524	871.1778
789.13745	871.33197
789.1496	872.10175
789.1618	872.86072
789.17395	872.04132
789.18616	872.25238
789.19836	871.69409
789.21051	872.67157
789.22272	872.41486
789.23486	872.44073
789.24707	873.76257
789.25928	872.54749
789.27142	871.13867
789.28363	872.66162
789.29584	873.90607
789.30798	873.56665
789.32019	871.42743
789.33234	870.66132
789.34454	871.04358
789.35675	871.7738
789.3689	872.50671
789.3811	872.08765
789.39325	871.77997
789.40546	871.70026
789.41766	873.11218
789.42981	873.27325
789.44202	872.32086
789.45416	873.23853
789.46637	871.75391
789.47858	872.89484
789.49072	870.47882
789.50293	872.86621
789.51514	872.55664
789.52728	872.51746
789.53949	872.16418
789.55164	871.92767
789.56384	871.74133
789.57605	872.18463
789.5882	871.95935
789.6004	871.62079
789.61255	873.51758
789.62476	873.08173
789.63696	872.31079
789.64911	872.08459
789.66132	873.03119
789.67346	873.56274
789.68567	871.91925
789.69788	871.60577
789.71002	871.91663
789.72223	872.32733
789.73438	873.05536
789.74658	872.3103
789.75879	871.26654
789.77094	871.69904
789.78314	870.54559
789.79535	871.16803
789.8075	872.83673
789.8197	872.78949
789.83185	872.14899
789.84406	872.4823
789.85626	872.35504
789.86841	873.6496
789.88062	874.06232
789.89276	874.04828
789.90497	873.88391
789.91718	872.06079
789.92932	873.15717
789.94153	872.30713
789.95367	871.00146
789.96588	872.17487
789.97809	873.58246
789.99023	875.07397
790.00244	871.83679
790.01465	872.00439
790.02679	872.57007
790.039	872.66888
790.05115	872.37152
790.06335	872.81482
790.07556	873.19873
790.08771	871.88428
790.09991	871.93011
790.11206	871.44031
790.12427	872.74231
790.13647	872.17273
790.14862	873.04803
790.16083	872.5199
790.17297	873.12488
790.18518	872.38281
790.19739	871.54767
790.20953	872.22845
790.22174	873.01563
790.23395	874.22571
790.24609	872.84955
790.2583	873.01788
790.27045	871.0307
790.28265	871.30609
790.29486	872.72607
790.30701	873.12024
790.31921	871.90997
790.33136	872.65625
790.34357	871.84961
790.35577	872.6203
790.36792	871.39539
790.38013	872.45441
790.39227	872.57629
790.40448	871.86774
790.41669	872.76007
790.42883	870.50189
790.44104	873.2135
790.45319	871.71088
790.46539	872.43323
790.4776	872.77405
790.48975	873.34894
790.50195	873.25549
790.51416	872.66992
790.52631	869.89197
790.53851	871.52374
790.55066	872.8938
790.56287	873.98273
790.57507	873.65033
790.58722	872.90869
790.59943	872.91858
790.61157	872.72858
790.62378	872.29492
790.63599	871.10559
790.64813	873.29114
790.66034	872.6687
790.67249	873.50665
790.68469	872.94641
790.6969	873.33203
790.70905	872.3949
790.72125	872.98853
790.73346	875.29736
790.74561	872.77167
790.75781	871.91217
790.76996	870.9223
790.78217	872.14301
790.79437	871.57471
790.80652	872.05774
790.81873	872.58789
790.83087	873.7663
790.84308	873.32367
790.85529	872.02179
790.86743	872.3269
790.87964	874.08051
790.89178	873.97742
790.90399	873.2489
790.9162	873.17834
790.92834	872.4809
790.94055	872.3031
790.95276	873.07983
790.9649	873.22101
790.97711	873.21289
790.98926	871.57178
791.00146	871.82361
791.01367	872.70819
791.02582	873.19525
791.03802	873.55591
791.05017	872.52203
791.06238	872.34943
791.07458	872.73175
791.08673	872.78625
791.09894	874.21124
791.11108	872.07111
791.12329	871.79303
791.1355	871.30981
791.14764	872.0907
791.15985	874.02167
791.172	873.11658
791.1842	873.10797
791.19641	873.52155
791.20856	872.8233
791.22076	872.63574
791.23297	872.37372
791.24512	870.83142
791.25732	871.87213
791.26947	872.04645
791.28168	872.02148
791.29388	872.72015
791.30603	872.48328
791.31824	872.23663
791.33038	871.89832
791.34259	872.99884
791.3548	873.38208
791.36694	871.2713
791.37915	873.0224
791.3913	872.03369
791.4035	871.12469
791.41571	873.85376
791.42786	871.33203
791.44006	872.08264
791.45227	872.65625
791.46442	872.01086
791.47662	873.23035
791.48877	872.23761
791.50098	872.1358
791.51318	873.35669
791.52533	872.32629
791.53754	871.95343
791.54968	872.8526
791.56189	873.49707
791.5741	873.32965
791.58624	873.61957
791.59845	871.68268
791.6106	871.948
791.6228	871.92242
791.63501	871.55316
791.64716	872.72833
791.65936	872.93475
791.67157	870.30444
791.68372	872.54413
791.69592	872.03693
791.70807	872.862
791.72028	872.31549
791.73248	872.21564
791.74463	870.01489
791.75684	872.02264
791.76898	873.75946
791.78119	873.24091
791.7934	874.11633
791.80554	874.14569
791.81775	872.99078
791.8299	870.4696
791.8421	871.13733
791.85431	872.93018
791.86646	872.71606
791.87866	873.3457
791.89081	872.79309
791.90302	871.95264
791.91522	871.70142
791.92737	871.48944
791.93958	871.52155
791.95178	872.17297
791.96393	871.00433
791.97614	872.2182
791.98828	872.98309
792.00049	872.41119
792.0127	873.19775
792.02484	871.99066
792.03705	873.53564
792.04919	873.21869
792.0614	871.10468
792.07361	871.99725
792.08575	873.66779
792.09796	872.20569
792.11011	873.20844
792.12231	872.07208
792.13452	872.28522
792.14667	870.87549
792.15887	871.72327
792.17108	870.43225
792.18323	871.30103
792.19543	872.26001
792.20758	872.89105
792.21979	872.9978
792.23199	872.60004
792.24414	872.9715
792.25635	872.63879
792.26849	871.64752
792.2807	872.27051
792.29291	873.39471
792.30505	872.73816
792.31726	873.42578
792.32941	871.99335
792.34161	873.33051
792.35382	874.11646
792.36597	873.0481
792.37817	871.90973
792.39038	872.27936
792.40253	872.75604
792.41473	871.96002
792.42688	873.30774
792.43909	872.38818
792.45129	871.33105
792.46344	873.08569
792.47565	873.66022
792.48779	870.40912
792.5	871.91016
792.51221	869.96899
792.52435	872.79205
792.53656	873.05701
792.54871	872.71283
792.56091	871.86511
792.57312	871.84521
792.58527	873.1474
792.59747	871.61176
792.60962	872.02869
792.62183	872.98102
792.63403	871.49902
792.64618	871.48169
792.65839	872.74274
792.67059	873.58673
792.68274	872.3139
792.69495	871.78503
792.70709	872.02618
792.7193	872.26941
792.73151	871.96484
792.74365	870.71893
792.75586	872.94659
792.76801	873.66174
792.78021	874.06036
792.79242	874.02435
792.80457	871.68652
792.81677	870.20013
792.82892	871.43353
792.84113	871.67908
792.85333	872.26068
792.86548	872.96729
792.87769	874.08997
792.88989	873.16412
792.90204	872.12451
792.91425	871.00781
792.92639	871.62439
792.9386	872.02063
792.95081	871.51495
792.96295	872.49292
792.97516	872.92969
792.9873	872.90765
792.99951	870.88055
793.01172	871.80231
793.02386	872.65808
793.03607	871.51288
793.04822	871.03497
793.06042	871.39838
793.07263	871.73151
793.08478	870.9798
793.09698	871.70563
793.10919	872.86761
793.12134	873.50134
793.13354	872.75757
793.14569	872.82159
793.1579	871.70801
793.1701	871.4162
793.18225	872.64484
793.19446	872.89093
793.2066	873.71649
793.21881	872.27039
793.23102	872.59277
793.24316	872.57892
793.25537	870.68323
793.26752	869.29657
793.27972	873.47736
793.29193	871.58832
793.30408	871.88623
793.31628	872.70282
793.32843	872.11682
793.34064	873.32782
793.35284	871.44061
793.36499	872.97101
793.3772	872.55823
793.3894	871.5766
793.40155	872.27667
793.41376	871.48853
793.4259	871.01862
793.43811	872.87427
793.45032	872.49103
793.46246	871.56464
793.47467	871.32086
793.48682	871.07776
793.49902	872.32788
793.51123	872.90955
793.52338	873.3291
793.53558	871.90338
793.54773	872.11328
793.55994	870.25787
793.57214	871.31122
793.58429	872.68048
793.5965	872.85571
793.6087	871.37775
793.62085	871.21564
793.63306	872.85382
793.6452	872.25299
793.65741	871.7594
793.66962	869.70801
793.68176	870.7052
793.69397	872.04956
793.70612	872.7663
793.71832	871.70062
793.73053	870.58832
793.74268	871.62854
793.75488	872.21777
793.76703	871.80487
793.77924	873.45221
793.79144	872.70923
793.80359	872.74445
793.8158	870.7063
793.828	872.49805
793.84015	873.57922
793.85236	871.42175
793.8645	873.16071
793.87671	872.23346
793.88892	872.55109
793.90106	872.93011
793.91327	872.37305
793.92542	870.74152
793.93762	872.91937
793.94983	872.60089
793.96198	873.53644
793.97418	870.77435
793.98633	873.29498
793.99854	873.08264
794.01074	874.33295
794.02289	873.2226
794.0351	873.78625
794.04724	873.30896
794.05945	872.4859
794.07166	873.10309
794.0838	872.3089
794.09601	871.73462
794.10822	872.49963
794.12036	872.92761
794.13257	872.60345
794.14471	872.01691
794.15692	872.10858
794.16913	873.35162
794.18127	872.83691
794.19348	872.55493
794.20563	872.65283
794.21783	873.49683
794.23004	873.04974
794.24219	872.06244
794.25439	872.54132
794.26654	872.41046
794.27875	873.85156
794.29095	872.19208
794.3031	872.39258
794.31531	872.88574
794.32751	872.88116
794.33966	871.72723
794.35187	871.73291
794.36401	873.35162
794.37622	873.7793
794.38843	873.41376
794.40057	872.33087
794.41278	872.23364
794.42493	871.77307
794.43713	872.97955
794.44934	872.49231
794.46149	872.33643
794.47369	872.5813
794.48584	871.8089
794.49805	870.7135
794.51025	872.44305
794.5224	873.71259
794.53461	872.37018
794.54681	870.17603
794.55896	872.56
794.57117	872.57172
794.58331	872.35925
794.59552	873.09924
794.60773	872.86786
794.61987	872.67419
794.63208	872.6535
794.64423	872.12225
794.65643	871.82367
794.66864	871.38721
794.68079	872.09637
794.69299	871.41589
794.70514	871.42346
794.71735	873.39081
794.72955	873.25525
794.7417	872.08124
794.75391	871.85046
794.76605	872.09473
794.77826	871.27417
794.79047	871.80048
794.80261	873.28223
794.81482	871.0351
794.82703	871.86517
794.83917	873.01324
794.85138	872.00592
794.86353	873.47363
794.87573	871.44165
794.88794	870.67712
794.90009	871.97888
794.91229	873.81085
794.92444	873.17419
794.93665	872.31824
794.94885	872.21661
794.961	873.12225
794.97321	872.42426
794.98535	872.16766
794.99756	873.16278
795.00977	874.00024
795.02191	872.24579
795.03412	873.00751
795.04633	872.06543
795.05847	871.75024
795.07068	873.43774
795.08282	874.51007
795.09503	873.34631
795.10724	872.6239
795.11938	873.11523
795.13159	871.08325
795.14374	873.88605
795.15594	873.22888
795.16815	872.27246
795.1803	873.84528
795.1925	873.04974
795.20465	873.07751
795.21686	872.47723
795.22906	873.01062
795.24121	873.64508
795.25342	874.39142
795.26563	872.43439
795.27777	871.46698
795.28998	872.62598
795.30212	872.44281
795.31433	871.64764
795.32654	870.59491
795.33868	871.74359
795.35089	871.66815
795.36304	870.34082
795.37524	871.68658
795.38745	872.17548
795.3996	871.12018
795.4118	872.74347
795.42395	873.36438
795.43616	873.40106
795.44836	872.63873
795.46051	873.14789
795.47272	873.47998
795.48486	872.89105
795.49707	872.66962
795.50928	872.01447
795.52142	871.74426
795.53363	873.26379
795.54584	873.94397
795.55798	872.87445
795.57019	872.08289
795.58234	872.14136
795.59454	871.98102
795.60675	872.31305
795.6189	872.66467
795.6311	873.05096
795.64325	872.6131
795.65546	874.42444
795.66766	872.11365
795.67981	871.61969
795.69202	873.13995
795.70416	874.70758
795.71637	872.80878
795.72858	871.4917
795.74072	871.80951
795.75293	871.64258
795.76514	872.46069
795.77728	874.84778
795.78949	873.50519
795.80164	873.31689
795.81384	871.75287
795.82605	873.34088
795.8382	874.2489
795.8504	873.3894
795.86255	873.76056
795.87476	871.57141
795.88696	872.4433
795.89911	872.11597
795.91132	871.2442
795.92346	873.09637
795.93567	872.3147
795.94788	874.15082
795.96002	874.08167
795.97223	873.00232
795.98438	871.0625
795.99658	871.81812
796.00879	871.78326
796.02094	871.73254
796.03314	872.52966
796.04535	873.4743
796.0575	874.52814
796.0697	873.13287
796.08185	872.74597
796.09406	873.18854
796.10626	872.4682
796.11841	871.64734
796.13062	872.38336
796.14276	873.40314
796.15497	872.36035
796.16718	871.10864
796.17932	871.2489
796.19153	872.68872
796.20367	871.03406
796.21588	870.33417
796.22809	872.4353
796.24023	872.30841
796.25244	872.30212
796.26465	872.5061
796.27679	872.61725
796.289	873.02539
796.30115	872.98596
796.31335	871.23499
796.32556	871.78021
796.33771	872.73175
796.34991	874.25281
796.36206	871.48816
796.37427	871.48529
796.38647	872.28552
796.39862	874.18256
796.41083	873.01855
796.42297	872.98492
796.43518	873.26733
796.44739	873.60999
796.45953	872.14691
796.47174	871.40759
796.48395	872.70557
796.49609	872.43781
796.5083	871.73981
796.52045	872.82428
796.53265	873.01849
796.54486	872.32623
796.55701	872.04218
796.56921	873.34308
796.58136	874.02509
796.59357	873.54633
796.60577	872.1084
796.61792	872.42603
796.63013	873.76453
796.64227	872.60724
796.65448	871.87994
796.66669	873.28857
796.67883	873.51001
796.69104	873.87238
796.70319	873.995
796.71539	873.25275
796.7276	872.87494
796.73975	873.32928
796.75195	872.79089
796.76416	873.0592
796.77631	873.2536
796.78851	873.1225
796.80066	873.3186
796.81287	872.03436
796.82507	873.36591
796.83722	873.25299
796.84943	873.79553
796.86157	873.33685
796.87378	874.2276
796.88599	874.14539
796.89813	871.4162
796.91034	872.19763
796.92249	871.78131
796.93469	872.09442
796.9469	874.70966
796.95905	873.81458
796.97125	875.04919
796.98346	873.60095
796.99561	872.24866
797.00781	872.90601
797.01996	873.04327
797.03217	873.86481
797.04437	874.06
797.05652	874.22827
797.06873	872.64703
797.08087	873.12396
797.09308	873.763
797.10529	872.58057
797.11743	873.72076
797.12964	871.73022
797.14178	873.40332
797.15399	874.65228
797.1662	874.76654
797.17834	874.04846
797.19055	874.04102
797.20276	874.81616
797.2149	874.10559
797.22711	872.8493
797.23926	872.78809
797.25146	873.63989
797.26367	873.12628
797.27582	874.00208
797.28802	874.33368
797.30017	873.79736
797.31238	873.83441
797.32458	873.79138
797.33673	871.46271
797.34894	872.72522
797.36108	873.54285
797.37329	873.16577
797.3855	873.6441
797.39764	874.10846
797.40985	873.01636
797.422	872.41803
797.4342	872.42102
797.44641	873.15222
797.45856	874.45276
797.47076	873.95789
797.48297	874.34943
797.49512	874.13171
797.50732	874.40997
797.51947	873.65045
797.53168	873.59698
797.54388	873.90735
797.55603	872.80585
797.56824	872.52405
797.58038	873.31268
797.59259	874.07483
797.6048	873.87793
797.61694	872.33234
797.62915	871.92145
797.6413	873.07593
797.6535	872.94824
797.66571	874.50323
797.67786	874.21765
797.69006	872.28375
797.70227	872.84534
797.71442	873.15466
797.72662	873.96124
797.73877	873.24939
797.75098	871.91803
797.76318	873.55042
797.77533	872.9646
797.78754	873.95422
797.79968	872.41479
797.81189	873.77979
797.8241	872.92932
797.83624	873.85754
797.84845	873.65338
797.8606	872.51031
797.8728	875.43506
797.88501	874.03192
797.89716	872.98438
797.90936	871.86066
797.92157	872.10321
797.93372	872.77405
797.94592	873.29333
797.95807	873.93073
797.97028	875.23145
797.98248	873.16132
797.99463	872.78333
798.00684	874.46826
798.01898	874.82214
798.03119	875.04199
798.0434	875.46088
798.05554	875.56207
798.06775	874.4798
798.0799	874.11719
798.0921	873.6521
798.10431	874.42334
798.11646	873.81549
798.12866	873.62573
798.14081	874.19696
798.15302	875.07721
798.16522	874.44171
798.17737	873.65131
798.18958	874.3468
798.20178	874.86438
798.21393	873.38104
798.22614	873.65924
798.23828	874.86334
798.25049	874.83789
798.2627	874.83142
798.27484	873.90326
798.28705	873.43829
798.29919	872.37665
798.3114	873.97266
798.32361	873.07617
798.33575	873.18384
798.34796	873.2204
798.36011	875.53717
798.37231	874.69525
798.38452	873.21454
798.39667	874.22455
798.40887	874.54962
798.42108	874.11304
798.43323	873.60089
798.44543	873.54803
798.45758	875.06738
798.46979	874.77802
798.48199	874.36029
798.49414	874.91589
798.50635	874.57196
798.51849	874.70752
798.5307	875.03522
798.54291	871.73303
798.55505	873.52734
798.56726	874.66077
798.57941	873.55341
798.59161	872.95233
798.60382	874.65924
798.61597	874.30994
798.62817	875.65277
798.64038	874.08667
798.65253	875.39832
798.66473	874.34326
798.67688	874.85803
798.68909	874.34009
798.70129	874.65704
798.71344	875.19403
798.72565	874.88654
798.73779	875.06805
798.75	875.50739
798.76221	876.22546
798.77435	876.19879
798.78656	874.45862
798.79871	874.39661
798.81091	874.53668
798.82312	875.58264
798.83527	874.38403
798.84747	874.487
798.85962	874.10876
798.87183	874.7663
798.88403	872.78412
798.89618	874.8609
798.90839	873.41638
798.92059	872.71509
798.93274	873.61456
798.94495	873.33838
798.95709	873.00372
798.9693	875.63226
798.98151	874.31512
798.99365	873.20966
799.00586	874.70367
799.01801	875.69482
799.03021	875.45978
799.04242	874.49036
799.05457	873.98132
799.06677	875.39069
799.07892	874.20239
799.09113	874.54968
799.10333	875.56042
799.11548	875.62445
799.12769	875.68274
799.13989	873.4895
799.15204	873.62799
799.16425	873.93634
799.17639	873.28119
799.1886	872.94373
799.20081	873.74591
799.21295	875.02936
799.22516	875.86731
799.2373	874.88922
799.24951	874.46655
799.26172	874.00818
799.27386	873.09601
799.28607	873.3446
799.29822	874.97577
799.31042	874.72546
799.32263	873.95038
799.33478	873.97687
799.34698	874.51514
799.35919	873.64844
799.37134	874.0918
799.38354	874.505
799.39569	873.87567
799.4079	873.76324
799.4201	875.25122
799.43225	874.50549
799.44446	873.0946
799.4566	874.2149
799.46881	875.49414
799.48102	873.9541
799.49316	874.88513
799.50537	874.91302
799.51752	874.64703
799.52972	873.94324
799.54193	874.02594
799.55408	873.28156
799.56628	873.44049
799.57843	874.88409
799.59064	875.42572
799.60284	872.79382
799.61499	874.00916
799.6272	875.67108
799.6394	874.703
799.65155	875.44183
799.66376	874.04926
799.6759	874.47656
799.68811	875.36523
799.70032	874.92877
799.71246	874.46069
799.72467	874.97382
799.73682	874.06427
799.74902	874.48407
799.76123	875.17255
799.77338	875.78705
799.78558	875.44897
799.79773	874.98193
799.80994	875.15424
799.82214	874.99463
799.83429	875.18463
799.8465	876.24786
799.8587	874.33289
799.87085	874.80267
799.88306	875.12909
799.8952	874.50299
799.90741	874.70105
799.91962	874.90076
799.93176	875.82837
799.94397	875.22961
799.95612	876.21234
799.96832	876.6405
799.98053	875.8172
799.99268	873.78357
800.00488	874.69012
800.01703	875.0177
800.02924	874.1615
800.04144	874.79602
800.05359	873.31909
800.0658	874.2406
800.078	875.51355
800.09015	875.51636
800.10236	875.79486
800.1145	875.37854
800.12671	875.45721
800.13892	874.93518
800.15106	876.12659
800.16327	875.34009
800.17542	874.69519
800.18762	873.43518
800.19983	875.6651
800.21198	875.43433
800.22418	874.95715
800.23633	873.63812
800.24854	875.51385
800.26074	873.24731
800.27289	871.7041
800.2851	874.60828
800.29724	875.96051
800.30945	875.55792
800.32166	874.65613
800.3338	874.495
800.34601	875.14008
800.35822	875.53876
800.37036	875.48688
800.38257	874.94287
800.39471	875.39899
800.40692	874.95673
800.41913	874.15527
800.43127	874.67944
800.44348	875.59674
800.45563	875.83289
800.46783	875.53699
800.48004	874.97015
800.49219	875.15637
800.50439	875.02319
800.51654	876.4389
800.52875	875.30963
800.54095	875.71399
800.5531	875.2807
800.56531	873.86011
800.57751	873.77704
800.58966	872.68799
800.60187	875.45374
800.61401	875.40143
800.62622	876.67242
800.63843	876.19824
800.65057	875.79761
800.66278	875.77954
800.67493	875.39697
800.68713	875.35974
800.69934	875.50525
800.71149	876.13055
800.72369	875.69922
800.73584	876.29449
800.74805	875.2677
800.76025	876.17224
800.7724	877.40869
800.78461	874.96381
800.79681	875.33215
800.80896	876.67145
800.82117	874.78662
800.83331	875.97766
800.84552	874.93695
800.85773	874.67633
800.86987	876.85175
800.88208	875.99139
800.89423	874.29095
800.90643	874.00024
800.91864	875.17285
800.93079	874.40869
800.94299	874.21722
800.95514	875.11005
800.96735	875.18823
800.97955	876.0647
800.9917	874.87219
801.00391	874.64209
801.01605	875.8147
801.02826	875.61908
801.04047	875.01324
801.05261	877.09045
801.06482	876.36133
801.07703	876.64728
801.08917	877.32135
801.10138	874.90424
801.11353	874.27032
801.12573	875.17126
801.13794	875.91766
801.15009	875.53589
801.16229	875.40747
801.17444	875.39716
801.18665	875.26733
801.19885	873.85339
801.211	873.2724
801.22321	875.54694
801.23535	876.68671
801.24756	874.68872
801.25977	873.39038
801.27191	874.48334
801.28412	875.53699
801.29633	875.29297
801.30847	875.11115
801.32068	874.42029
801.33282	874.80133
801.34503	875.57416
801.35724	876.4964
801.36938	874.30768
801.38159	876.34088
801.39374	876.05719
801.40594	876.13525
801.41815	875.81299
801.4303	874.89014
801.4425	875.63403
801.45465	876.34607
801.46686	874.93134
801.47906	875.0296
801.49121	875.513
801.50342	876.18182
801.51563	876.9967
801.52777	876.85046
801.53998	875.32446
801.55212	876.23688
801.56433	876.16077
801.57654	877.6817
801.58868	876.21667
801.60089	875.54883
801.61304	876.06097
801.62524	875.89935
801.63745	877.33301
801.6496	876.11188
801.6618	874.72992
801.67395	876.09174
801.68616	874.672
801.69836	874.4541
801.71051	876.54193
801.72272	875.67944
801.73486	873.07275
801.74707	874.77368
801.75928	875.69275
801.77142	874.8371
801.78363	875.91406
801.79584	876.24493
801.80798	875.42505
801.82019	876.37982
801.83234	876.45313
801.84454	875.53918
801.85675	874.65375
801.8689	876.87634
801.8811	876.40247
801.89325	875.86176
801.90546	876.55298
801.91766	876.91589
801.92981	876.04059
801.94202	874.27197
801.95416	874.71021
801.96637	876.33893
801.97858	876.83105
801.99072	876.35559
802.00293	875.54767
802.01514	875.81537
802.02728	877.49902
802.03949	876.38055
802.05164	875.66962
802.06384	877.46191
802.07605	877.09509
802.0882	875.62115
802.1004	875.89752
802.11255	875.9115
802.12476	876.09656
802.13696	875.45764
802.14911	876.55011
802.16132	876.57294
802.17346	876.20508
802.18567	875.38507
802.19788	875.06738
802.21002	876.52521
802.22223	875.78473
802.23438	876.27795
802.24658	876.6507
802.25879	877.2525
802.27094	876.65332
802.28314	876.22559
802.29535	874.95282
802.3075	876.24963
802.3197	875.64417
802.33185	876.36591
802.34406	876.51312
802.35626	874.31543
802.36841	875.42218
802.38062	876.74164
802.39276	875.64343
802.40497	876.45557
802.41718	877.31494
802.42932	874.99567
802.44153	876.27991
802.45367	876.10394
802.46588	875.42896
802.47809	874.94885
802.49023	873.98474
802.50244	875.6109
802.51465	876.19574
802.52679	875.52271
802.539	876.86542
802.55115	876.4494
802.56335	877.9942
802.57556	876.31232
802.58771	874.78442
802.59991	876.41736
802.61206	875.58972
802.62427	876.07196
802.63647	877.04492
802.64862	877.05933
802.66083	878.78528
802.67297	878.03088
802.68518	877.23126
802.69739	875.4046
802.70953	876.89679
802.72174	877.73108
802.73395	877.59851
802.74609	877.8244
802.7583	876.01331
802.77045	875.30255
802.78265	876.07855
802.79486	875.89288
802.80701	876.6543
802.81921	874.55341
802.83136	874.83838
802.84357	875.99841
802.85577	875.00854
802.86792	875.98889
802.88013	875.05927
802.89227	876.27612
802.90448	873.60663
802.91669	874.92151
802.92883	875.10626
802.94104	876.58295
802.95319	877.62109
802.96539	876.79681
802.9776	875.80072
802.98975	875.55731
803.00195	875.21857
803.01416	875.81982
803.02631	876.25311
803.03851	876.98682
803.05066	876.77386
803.06287	875.83203
803.07507	876.77637
803.08722	875.25684
803.09943	875.08698
803.11157	876.59808
803.12378	877.65039
803.13599	874.54907
803.14813	874.97986
803.16034	875.31213
803.17249	876.03308
803.18469	875.68872
803.1969	875.52716
803.20905	876.49139
803.22125	876.34808
803.23346	875.44482
803.24561	875.84558
803.25781	875.35712
803.26996	877.23724
803.28217	876.91473
803.29437	877.9903
803.30652	875.90601
803.31873	877.27087
803.33087	875.98132
803.34308	876.23938
803.35529	875.2677
803.36743	875.1369
803.37964	874.63605
803.39178	875.79669
803.40399	875.79944
803.4162	875.73059
803.42834	875.08917
803.44055	874.49866
803.45276	877.25525
803.4649	877.59692
803.47711	877.22498
803.48926	875.18384
803.50146	874.73761
803.51367	876.44025
803.52582	876.39441
803.53802	875.51196
803.55017	876.19891
803.56238	876.30365
803.57458	875.78436
803.58673	876.95508
803.59894	876.29236
803.61108	873.8053
803.62329	874.51306
803.6355	876.24084
803.64764	875.20087
803.65985	875.64368
803.672	876.22186
803.6842	874.69867
803.69641	874.88251
803.70856	876.8584
803.72076	877.526
803.73297	877.25757
803.74512	875.8847
803.75732	877.39465
803.76947	877.16742
803.78168	875.38635
803.79388	875.21655
803.80603	874.61304
803.81824	877.69757
803.83038	877.62213
803.84259	875.57245
803.8548	876.32886
803.86694	875.16315
803.87915	875.79407
803.8913	876.60565
803.9035	875.36835
803.91571	874.46075
803.92786	874.66876
803.94006	876.18762
803.95227	874.82751
803.96442	874.54388
803.97662	877.06384
803.98877	874.66211
804.00098	874.53192
804.01318	874.44287
804.02533	875.38361
804.03754	874.81561
804.04968	872.33417
804.06189	876.21228
804.0741	876.64258
804.08624	875.14301
804.09845	875.77814
804.1106	873.8407
804.1228	875.65247
804.13501	876.51215
804.14716	874.17773
804.15936	876.65625
804.17157	875.94867
804.18372	875.51825
804.19592	876.64398
804.20807	877.67499
804.22028	876.12079
804.23248	876.21948
804.24463	875.40387
804.25684	875.87158
804.26898	874.88983
804.28119	875.10345
804.2934	876.30652
804.30554	876.67334
804.31775	874.79498
804.3299	874.82977
804.3421	874.4577
804.35431	875.74542
804.36646	876.07043
804.37866	875.86816
804.39081	876.05469
804.40302	876.4353
804.41522	874.80768
804.42737	875.74292
804.43958	875.04266
804.45178	875.83209
804.46393	876.39679
804.47614	876.66626
804.48828	874.13934
804.50049	874.9212
804.5127	877.28156
804.52484	876.17853
804.53705	874.92212
804.54919	876.08868
804.5614	874.63837
804.57361	875.14319
804.58575	875.56561
804.59796	876.20593
804.61011	877.35504
804.62231	876.67529
804.63452	874.79413
804.64667	875.25024
804.65887	874.09491
804.67108	875.12775
804.68323	874.74316
804.69543	875.21344
804.70758	875.95532
804.71979	876.60559
804.73199	875.50452
804.74414	876.05591
804.75635	875.6994
804.76849	875.0224
804.7807	875.82452
804.79291	873.84119
804.80505	875.23444
804.81726	875.83661
804.82941	875.07819
804.84161	875.64349
804.85382	875.50269
804.86597	876.07391
804.87817	876.85504
804.89038	877.20508
804.90253	876.39624
804.91473	875.59692
804.92688	875.79456
804.93909	876.22528
804.95129	875.31506
804.96344	875.46606
804.97565	874.40271
804.98779	874.31659
805	876.05481
805.01221	875.19714
805.02435	874.80621
805.03656	874.90417
805.04871	876.16254
805.06091	876.16705
805.07312	876.31671
805.08527	873.72131
805.09747	874.40558
805.10962	874.80908
805.12183	874.21967
805.13403	872.70605
805.14618	874.07849
805.15839	874.77014
805.17059	875.22205
805.18274	875.99402
805.19495	874.78442
805.20709	876.26495
805.2193	877.02936
805.23151	875.04492
805.24365	875.02826
805.25586	875.13428
805.26801	875.02948
805.28021	876.42639
805.29242	875.95331
805.30457	876.06122
805.31677	875.36548
805.32892	875.69843
805.34113	876.95996
805.35333	876.67865
805.36548	875.22375
805.37769	874.98468
805.38989	875.23743
805.40204	874.37439
805.41425	875.14905
805.42639	873.52478
805.4386	875.07733
805.45081	874.92328
805.46295	875.95172
805.47516	875.86584
805.4873	875.7536
805.49951	875.57007
805.51172	874.87775
805.52386	875.44904
805.53607	876.59265
805.54822	876.33179
805.56042	875.8559
805.57263	877.50934
805.58478	875.76306
805.59698	875.54498
805.60919	876.08783
805.62134	876.12744
805.63354	873.65802
805.64569	875.8866
805.6579	875.11639
805.6701	877.39099
805.68225	876.61401
805.69446	876.8031
805.7066	874.31665
805.71881	874.42334
805.73102	875.51904
805.74316	874.93591
805.75537	875.42834
805.76752	875.24792
805.77972	874.98163
805.79193	874.70654
805.80408	873.45599
805.81628	874.68701
805.82843	875.28125
805.84064	875.96381
805.85284	875.63098
805.86499	874.59943
805.8772	875.12305
805.8894	875.78516
805.90155	875.82971
805.91376	875.34668
805.9259	875.64539
805.93811	875.70538
805.95032	877.01526
805.96246	876.81226
805.97467	877.20013
805.98682	875.45093
805.99902	875.67261
806.01123	876.41302
806.02338	877.77655
806.03558	876.33289
806.04773	876.36041
806.05994	876.55768
806.07214	876.72668
806.08429	875.91852
806.0965	874.45038
806.1087	875.10626
806.12085	876.53052
806.13306	876.79529
806.1452	875.26343
806.15741	872.60199
806.16962	874.11536
806.18176	875.10931
806.19397	876.01807
806.20612	877.1239
806.21832	876.06891
806.23053	874.98889
806.24268	875.51862
806.25488	876.88611
806.26703	876.9621
806.27924	874.96466
806.29144	876.33069
806.30359	876.1535
806.3158	875.58875
806.328	876.82965
806.34015	874.35248
806.35236	875.52588
806.3645	876.81165
806.37671	876.20367
806.38892	875.35254
806.40106	875.31384
806.41327	875.92114
806.42542	875.3266
806.43762	876.05347
806.44983	874.67505
806.46198	873.88892
806.47418	873.90735
806.48633	876.13434
806.49854	876.80334
806.51074	876.11035
806.52289	876.71918
806.5351	876.487
806.54724	875.71649
806.55945	875.89111
806.57166	875.64264
806.5838	877.10291
806.59601	878.40503
806.60822	876.0802
806.62036	875.83844
806.63257	877.5528
806.64471	877.65045
806.65692	875.96332
806.66913	875.64252
806.68127	877.26965
806.69348	876.42468
806.70563	878.11505
806.71783	876.91248
806.73004	875.93188
806.74219	876.37592
806.75439	877.08734
806.76654	876.86945
806.77875	877.83203
806.79095	877.25269
806.8031	877.21991
806.81531	876.35004
806.82751	877.03827
806.83966	877.49951
806.85187	876.57947
806.86401	876.10498
806.87622	875.49469
806.88843	876.39752
806.90057	876.97461
806.91278	877.57593
806.92493	876.58929
806.93713	876.8006
806.94934	873.76801
806.96149	875.56189
806.97369	876.97925
806.98584	877.71228
806.99805	876.78082
807.01025	874.72028
807.0224	876.22388
807.03461	876.02045
807.04681	876.24115
807.05896	878.72522
807.07117	878.63538
807.08331	877.40491
807.09552	876.86542
807.10773	876.72339
807.11987	876.84949
807.13208	877.65369
807.14423	878.04816
807.15643	877.74896
807.16864	877.57336
807.18079	877.80463
807.19299	875.53021
807.20514	876.53918
807.21735	877.42291
807.22955	875.83398
807.2417	877.22742
807.25391	879.33789
807.26605	876.96228
807.27826	876.56091
807.29047	878.05145
807.30261	878.80225
807.31482	876.47961
807.32703	876.33038
807.33917	874.17462
807.35138	876.25256
807.36353	875.41827
807.37573	876.61047
807.38794	876.19757
807.40009	876.89917
807.41229	878.06085
807.42444	876.87976
807.43665	877.66449
807.44885	876.88452
807.461	877.32275
807.47321	875.85138
807.48535	878.00195
807.49756	876.24872
807.50977	876.6474
807.52191	878.53766
807.53412	878.86841
807.54633	877.60956
807.55847	876.13428
807.57068	877.25604
807.58282	877.50165
807.59503	876.6084
807.60724	879.74902
807.61938	879.22504
807.63159	876.64581
807.64374	876.23419
807.65594	876.82965
807.66815	878.62317
807.6803	877.08429
807.6925	875.88898
807.70465	876.05328
807.71686	877.53394
807.72906	877.39655
807.74121	878.58612
807.75342	878.46765
807.76563	873.86798
807.77777	878.97437
807.78998	877.42218
807.80212	879.28705
807.81433	876.33783
807.82654	875.00378
807.83868	876.95313
807.85089	876.57495
807.86304	880.82257
807.87524	878.28302
807.88745	877.67328
807.8996	875.30933
807.9118	877.40863
807.92395	877.86182
807.93616	877.59491
807.94836	877.05682
807.96051	879.25433
807.97272	879.66138
807.98486	877.00775
807.99707	879.56
808.00928	876.88025
808.02142	875.12866
808.03363	879.31696
808.04584	876.46985
808.05798	879.11511
808.07019	880.13531
808.08234	878.97705
808.09454	879.68054
808.10675	877.85992
808.1189	876.89874
808.1311	880.62091
808.14325	879.36969
808.15546	876.25854
808.16766	880.96466
808.17981	879.43518
808.19202	876.69751
808.20416	879.12152
808.21637	879.54388
808.22858	879.99207
808.24072	879.84259
808.25293	877.48932
808.26514	879.52893
808.27728	881.14398
808.28949	878.8324
808.30164	879.32117
808.31384	879.77429
808.32605	875.94531
808.3382	877.12054
808.3504	878.73468
808.36255	880.46497
808.37476	878.1402
808.38696	878.22559
808.39911	877.40198
808.41132	881.18304
808.42346	881.44574
808.43567	876.84601
808.44788	879.38995
808.46002	878.94525
808.47223	877.78351
808.48438	877.89246
808.49658	878.20367
808.50879	881.95428
808.52094	877.49017
808.53314	880.81665
808.54535	879.56525
808.5575	878.97174
808.5697	877.96014
808.58185	880.42426
808.59406	878.78131
808.60626	877.59875
808.61841	879.98901
808.63062	879.6366
808.64276	880.7627
808.65497	880.12762
808.66718	880.17053
808.67932	881.99719
808.69153	879.96252
808.70367	879.49359
808.71588	879.7605
808.72809	878.89606
808.74023	880.22595
808.75244	881.64056
808.76465	880.44519
808.77679	881.49164
808.789	877.73083
808.80115	880.46368
808.81335	881.42969
808.82556	880.31195
808.83771	879.67596
808.84991	880.31207
808.86206	882.70148
808.87427	882.63086
808.88647	880.86005
808.89862	881.86395
808.91083	880.20526
808.92297	882.9054
808.93518	881.16986
808.94739	881.96802
808.95953	882.7771
808.97174	883.90802
808.98395	881.93921
808.99609	881.86578
809.0083	880.28638
809.02045	880.3252
809.03265	882.92249
809.04486	883.77356
809.05701	881.88629
809.06921	884.55396
809.08136	882.71161
809.09357	883.38916
809.10577	883.19946
809.11792	881.36188
809.13013	882.4873
809.14227	883.63538
809.15448	884.71191
809.16669	884.42969
809.17883	882.38678
809.19104	883.65637
809.20319	883.35382
809.21539	883.51971
809.2276	883.41644
809.23975	884.1441
809.25195	885.38849
809.26416	884.87378
809.27631	885.02728
809.28851	884.24097
809.30066	884.13843
809.31287	883.87622
809.32507	884.2276
809.33722	885.19501
809.34943	884.90259
809.36157	884.0423
809.37378	883.89417
809.38599	885.13464
809.39813	884.08331
809.41034	885.33185
809.42249	887.10449
809.43469	885.15405
809.4469	884.51312
809.45905	885.76654
809.47125	886.48798
809.48346	884.32324
809.49561	886.38159
809.50781	887.22815
809.51996	886.78815
809.53217	888.32574
809.54437	888.73566
809.55652	886.22473
809.56873	886.46875
809.58087	886.73468
809.59308	886.91516
809.60529	886.23615
809.61743	887.2417
809.62964	889.10938
809.64178	885.87842
809.65399	886.93805
809.6662	890.81158
809.67834	891.30499
809.69055	890.18396
809.70276	888.80664
809.7149	889.71149
809.72711	888.52673
809.73926	886.76276
809.75146	887.18549
809.76367	887.36853
809.77582	888.91046
809.78802	887.23138
809.80017	887.34375
809.81238	891.72437
809.82458	892.56219
809.83673	891.81689
809.84894	893.1167
809.86108	891.96497
809.87329	889.68201
809.8855	892.7702
809.89764	895.39429
809.90985	892.37177
809.922	888.04572
809.9342	891.91937
809.94641	891.60284
809.95856	893.49054
809.97076	890.88641
809.98297	892.59937
809.99512	893.9519
810.00732	894.80035
810.01947	896.82196
810.03168	893.34686
810.04388	894.47864
810.05603	895.09235
810.06824	896.16223
810.08038	895.9621
810.09259	896.76563
810.1048	895.98914
810.11694	899.87103
810.12915	897.72327
810.1413	899.09705
810.1535	902.35242
810.16571	900.23865
810.17786	899.00775
810.19006	900.34778
810.20227	897.62231
810.21442	899.17188
810.22662	902.87634
810.23877	904.31488
810.25098	899.31946
810.26318	902.80865
810.27533	903.89984
810.28754	905.45813
810.29968	905.92322
810.31189	905.35187
810.3241	906.74847
810.33624	909.35632
810.34845	910.84021
810.3606	908.40057
810.3728	911.46576
810.38501	909.97095
810.39716	911.99707
810.40936	915.54193
810.42157	916.55847
810.43372	914.91583
810.44592	917.36395
810.45807	919.56262
810.47028	922.33215
810.48248	920.91553
810.49463	921.72931
810.50684	922.24872
810.51898	920.65894
810.53119	922.73468
810.5434	922.6261
810.55554	925.77148
810.56775	930.52637
810.5799	935.73822
810.5921	931.98987
810.60431	934.93854
810.61646	934.86896
810.62866	934.96069
810.64081	941.56616
810.65302	941.08167
810.66522	944.22302
810.67737	945.44214
810.68958	950.77954
810.70178	951.66602
810.71393	955.32446
810.72614	955.79449
810.73828	955.67157
810.75049	954.66254
810.7627	955.3526
810.77484	958.10925
810.78705	961.00208
810.79919	964.57507
810.8114	964.58704
810.82361	957.86761
810.83575	960.71771
810.84796	963.25275
810.86011	961.7627
810.87231	967.88971
810.88452	970.10059
810.89667	969.97717
810.90887	970.21246
810.92108	971.55334
810.93323	969.26654
810.94543	969.33038
810.95758	971.61224
810.96979	970.93677
810.98199	966.23816
810.99414	959.52643
811.00635	965.86298
811.01849	963.07477
811.0307	962.13251
811.04291	960.87598
811.05505	959.35791
811.06726	962.41162
811.07941	950.9671
811.09161	944.02002
811.10382	945.4549
811.11597	943.55206
811.12817	944.50665
811.14038	942.04962
811.15253	945.03229
811.16473	940.23468
811.17688	943.19989
811.18909	936.56067
811.20129	934.69739
811.21344	928.39178
811.22565	933.75739
811.23779	934.47229
811.25	932.98224
811.26221	929.36713
811.27435	929.70715
811.28656	931.33722
811.29871	929.34845
811.31091	926.64044
811.32312	929.1582
811.33527	924.9798
811.34747	928.6449
811.35962	926.28369
811.37183	924.32739
811.38403	926.84924
811.39618	923.79828
811.40839	927.2406
811.42059	924.93115
811.43274	919.91254
811.44495	925.39282
811.45709	929.11176
811.4693	921.73907
811.48151	922.45233
811.49365	921.38977
811.50586	920.29913
811.51801	917.36536
811.53021	924.44019
811.54242	917.67493
811.55457	921.13538
811.56677	920.61707
811.57892	922.67719
811.59113	919.43475
811.60333	922.24127
811.61548	917.82813
811.62769	921.50665
811.63989	922.34485
811.65204	922.90192
811.66425	916.29181
811.67639	918.47552
811.6886	918.87213
811.70081	918.62677
811.71295	921.31238
811.72516	922.638
811.7373	922.3938
811.74951	918.54028
811.76172	921.46326
811.77386	921.38397
811.78607	918.96875
811.79822	921.90393
811.81042	918.04706
811.82263	919.07202
811.83478	921.97723
811.84698	918.01141
811.85919	916.08215
811.87134	915.70764
811.88354	918.8642
811.89569	920.2926
811.9079	919.86206
811.9201	920.25348
811.93225	922.11078
811.94446	922.07739
811.9566	922.83002
811.96881	922.97394
811.98102	924.86731
811.99316	924.00934
812.00537	921.6001
812.01752	923.38904
812.02972	925.89905
812.04193	924.81525
812.05408	922.91278
812.06628	924.4201
812.07843	925.4953
812.09064	921.72498
812.10284	921.64539
812.11499	921.81586
812.1272	925.76764
812.1394	926.354
812.15155	928.75537
812.16376	927.53461
812.1759	927.36322
812.18811	933.22015
812.20032	927.24817
812.21246	929.48053
812.22467	927.10004
812.23682	929.11865
812.24902	934.84442
812.26123	933.98334
812.27338	933.68945
812.28558	931.34265
812.29773	934.95129
812.30994	934.38635
812.32214	940.63751
812.33429	934.99945
812.3465	934.80524
812.3587	931.06274
812.37085	937.82458
812.38306	943.63654
812.3952	945.25958
812.40741	947.29425
812.41962	944.77057
812.43176	941.84009
812.44397	947.099
812.45612	951.91425
812.46832	953.67505
812.48053	955.26123
812.49268	955.58301
812.50488	954.90601
812.51703	958.08429
812.52924	962.48242
812.54144	962.54932
812.55359	960.91101
812.5658	965.53693
812.578	967.30353
812.59015	967.98633
812.60236	970.84033
812.6145	974.18311
812.62671	984.25732
812.63892	981.9024
812.65106	981.7843
812.66327	982.04773
812.67542	987.32397
812.68762	989.74786
812.69983	995.48608
812.71198	997.70081
812.72418	1001.0623
812.73633	1000.1972
812.74854	1006.549
812.76074	1012.1298
812.77289	1011.8593
812.7851	1007.8179
812.79724	1008.8231
812.80945	1023.4757
812.82166	1030.777
812.8338	1031.6145
812.84601	1033.298
812.85822	1047.0676
812.87036	1047.9666
812.88257	1047.0553
812.89471	1057.9258
812.90692	1070.0206
812.91913	1076.4515
812.93127	1086.4298
812.94348	1088.688
812.95563	1097.9092
812.96783	1096.7245
812.98004	1109.8577
812.99219	1112.9491
813.00439	1118.795
813.01654	1135.8619
813.02875	1135.9547
813.04095	1147.288
813.0531	1163.3132
813.06531	1175.4507
813.07751	1187.9395
813.08966	1194.7501
813.10187	1209.3912
813.11401	1232.3243
813.12622	1235.0411
813.13843	1244.3799
813.15057	1256.8712
813.16278	1274.7023
813.17493	1293.7816
813.18713	1305.6494
813.19934	1318.2123
813.21149	1336.4724
813.22369	1350.3292
813.23584	1373.7291
813.24805	1381.7081
813.26025	1405.601
813.2724	1420.9006
813.28461	1421.7936
813.29681	1431.3196
813.30896	1462.7913
813.32117	1472.6426
813.33331	1467.2029
813.34552	1456.4976
813.35773	1508.0415
813.36987	1520.896
813.38208	1517.1855
813.39423	1499.0674
813.40643	1512.6295
813.41864	1517.0332
813.43079	1522.757
813.44299	1518.4342
813.45514	1506.1912
813.46735	1496.4836
813.47955	1507.9393
813.4917	1490.0446
813.50391	1488.8857
813.51605	1490.4943
813.52826	1470.2129
813.54047	1461.5179
813.55261	1455.8469
813.56482	1451.3413
813.57703	1445.1381
813.58917	1417.8289
813.60138	1413.5726
813.61353	1405.4021
813.62573	1388.0551
813.63794	1385.2234
813.65009	1371.3124
813.66229	1354.9489
813.67444	1345.5708
813.68665	1329.1934
813.69885	1313.4121
813.711	1306.9325
813.72321	1288.8218
813.73535	1282.6549
813.74756	1275.3988
813.75977	1256.4592
813.77191	1249.3538
813.78412	1236.9678
813.79633	1222.4558
813.80847	1212.4227
813.82068	1198.9474
813.83282	1202.0304
813.84503	1190.3772
813.85724	1176.5438
813.86938	1169.3125
813.88159	1163.24
813.89374	1150.2483
813.90594	1144.3529
813.91815	1133.0258
813.9303	1127.6094
813.9425	1123.8956
813.95465	1113.313
813.96686	1102.0867
813.97906	1095.3975
813.99121	1087.4797
814.00342	1076.4564
814.01563	1073.1761
814.02777	1063.5574
814.03998	1064.3154
814.05212	1060.1979
814.06433	1047.5546
814.07654	1052.2499
814.08868	1043.3038
814.10089	1039.9058
814.11304	1032.1493
814.12524	1025.1497
814.13745	1013.4567
814.1496	1011.3913
814.1618	1010.7057
814.17395	1019.7603
814.18616	1015.8513
814.19836	1008.9888
814.21051	1008.7014
814.22272	1007.0818
814.23486	1006.6984
814.24707	1009.245
814.25928	1005.6681
814.27142	1005.3014
814.28363	1006.2814
814.29584	995.21521
814.30798	1001.0167
814.32019	996.11029
814.33234	999.3302
814.34454	1005.05
814.35675	996.65625
814.3689	996.76636
814.3811	1001.5989
814.39325	994.66858
814.40546	994.62305
814.41766	996.29169
814.42981	987.74951
814.44202	991.98755
814.45416	999.25714
814.46637	1000.4077
814.47858	991.32196
814.49072	991.59326
814.50293	992.62201
814.51514	990.95074
814.52728	988.88068
814.53949	990.57709
814.55164	993.84979
814.56384	986.32202
814.57605	988.19501
814.5882	989.71588
814.6004	986.05725
814.61255	987.73083
814.62476	991.43622
814.63696	991.96332
814.64911	978.55402
814.66132	976.08893
814.67346	978.15253
814.68567	981.7699
814.69788	978.30695
814.71002	982.40643
814.72223	983.55353
814.73438	980.46063
814.74658	976.53339
814.75879	982.92468
814.77094	982.33618
814.78314	981.02979
814.79535	982.39069
814.8075	978.4035
814.8197	976.9483
814.83185	975.23041
814.84406	978.00861
814.85626	979.83301
814.86841	976.18579
814.88062	975.92267
814.89276	976.7182
814.90497	976.22156
814.91718	971.44843
814.92932	974.80304
814.94153	968.26593
814.95367	969.01337
814.96588	970.37225
814.97809	968.40582
814.99023	967.66425
815.00244	967.36609
815.01465	971.88861
815.02679	970.31403
815.039	970.34399
815.05115	964.72382
815.06335	967.3905
815.07556	966.82172
815.08771	969.59436
815.09991	964.80872
815.11206	965.41315
815.12427	969.64954
815.13647	962.698
815.14862	967.91522
815.16083	963.77521
815.17297	963.57397
815.18518	957.47534
815.19739	960.80219
815.20953	959.39368
815.22174	956.8446
815.23395	956.85382
815.24609	960.34113
815.2583	957.64819
815.27045	957.17432
815.28265	957.85797
815.29486	952.13202
815.30701	953.56085
815.31921	949.14923
815.33136	951.46051
815.34357	951.64282
815.35577	948.33905
815.36792	953.5108
815.38013	950.68268
815.39227	950.69684
815.40448	949.97009
815.41669	948.36841
815.42883	946.7915
815.44104	949.42139
815.45319	950.46448
815.46539	951.23187
815.4776	957.3454
815.48975	954.74414
815.50195	945.89539
815.51416	947.71539
815.52631	944.83136
815.53851	945.21271
815.55066	958.27026
815.56287	949.45581
815.57507	945.60956
815.58722	947.66187
815.59943	946.75739
815.61157	946.69214
815.62378	946.56982
815.63599	946.48413
815.64813	939.56537
815.66034	941.95471
815.67249	946.77161
815.68469	944.57721
815.6969	943.08759
815.70905	942.79651
815.72125	935.90387
815.73346	940.43378
815.74561	939.61798
815.75781	940.52124
815.76996	940.23242
815.78217	942.34814
815.79437	937.81818
815.80652	936.71838
815.81873	937.09027
815.83087	940.5871
815.84308	937.87286
815.85529	938.49939
815.86743	940.07568
815.87964	941.17059
815.89178	941.66138
815.90399	937.12848
815.9162	936.76465
815.92834	936.2511
815.94055	935.00037
815.95276	935.75037
815.9649	937.34918
815.97711	936.77209
815.98926	935.71295
816.00146	939.08636
816.01367	938.95502
816.02582	930.39221
816.03802	931.83887
816.05017	933.79462
816.06238	934.56458
816.07458	933.60663
816.08673	936.16077
816.09894	935.95099
816.11108	936.37177
816.12329	932.79779
816.1355	936.65527
816.14764	938.6756
816.15985	933.03735
816.172	935.00275
816.1842	938.09015
816.19641	935.80475
816.20856	935.42487
816.22076	934.10437
816.23297	930.71375
816.24512	934.09637
816.25732	933.66681
816.26947	932.83258
816.28168	935.28265
816.29388	934.80127
816.30603	935.62469
816.31824	938.19458
816.33038	933.73901
816.34259	931.67218
816.3548	936.71735
816.36694	935.94025
816.37915	931.14185
816.3913	931.80322
816.4035	932.45654
816.41571	932.3504
816.42786	929.17627
816.44006	931.42407
816.45227	930.73145
816.46442	935.15295
816.47662	929.47357
816.48877	936.21185
816.50098	939.11176
816.51318	933.79932
816.52533	929.06396
816.53754	934.35107
816.54968	944.03473
816.56189	938.92578
816.5741	937.59186
816.58624	937.92175
816.59845	939.32837
816.6106	937.54694
816.6228	936.46991
816.63501	934.18622
816.64716	933.11859
816.65936	936.41058
816.67157	935.48627
816.68372	936.80426
816.69592	936.75372
816.70807	934.37799
816.72028	937.9552
816.73248	940.28809
816.74463	940.1394
816.75684	939.10333
816.76898	938.5658
816.78119	940.08698
816.7934	942.5979
816.80554	943.29095
816.81775	940.66492
816.8299	939.38098
816.8421	939.96967
816.85431	939.97736
816.86646	942.97974
816.87866	949.7854
816.89081	946.64368
816.90302	945.08099
816.91522	945.67896
816.92737	942.56409
816.93958	942.86719
816.95178	942.81128
816.96393	947.0993
816.97614	939.25873
816.98828	944.71484
817.00049	948.38696
817.0127	955.57227
817.02484	947.71753
817.03705	948.56165
817.04919	952.05029
817.0614	953.6806
817.07361	950.65112
817.08575	948.91547
817.09796	952.5509
817.11011	959.46832
817.12231	958.89996
817.13452	959.51801
817.14667	959.94629
817.15887	952.63696
817.17108	956.51941
817.18323	959.9361
817.19543	960.74579
817.20758	958.15454
817.21979	959.73718
817.23199	957.18878
817.24414	957.91785
817.25635	959.31921
817.26849	963.2406
817.2807	964.70459
817.29291	966.05322
817.30505	968.8468
817.31726	968.59796
817.32941	969.4198
817.34161	971.54456
817.35382	976.45337
817.36597	978.50592
817.37817	979.12561
817.39038	982.74103
817.40253	986.31488
817.41473	982.87396
817.42688	985.82288
817.43909	985.96863
817.45129	986.90479
817.46344	986.27057
817.47565	997.14771
817.48779	999.86792
817.5	996.4267
817.51221	1001.1024
817.52435	1004.5897
817.53656	1015.9084
817.54871	1011.7173
817.56091	1015.08
817.57312	1021.9589
817.58527	1026.8651
817.59747	1027.6947
817.60962	1026.8464
817.62183	1035.2363
817.63403	1041.9457
817.64618	1046.8444
817.65839	1042.8693
817.67059	1048.7122
817.68274	1052.4076
817.69495	1051.0634
817.70709	1067.8682
817.7193	1072.9525
817.73151	1080.0167
817.74365	1075.8099
817.75586	1077.1519
817.76801	1096.3728
817.78021	1097.0773
817.79242	1099.7957
817.80457	1107.905
817.81677	1118.2196
817.82892	1124.8478
817.84113	1141.2401
817.85333	1152.6466
817.86548	1160.3038
817.87769	1167.5133
817.88989	1179.8259
817.90204	1195.5055
817.91425	1210.3627
817.92639	1215.4562
817.9386	1228.5476
817.95081	1256.1823
817.96295	1270.1809
817.97516	1280.6759
817.9873	1299.9661
817.99951	1320.8313
818.01172	1353.7227
818.02386	1393.1951
818.03607	1408.7926
818.04822	1438.9344
818.06042	1474.6498
818.07263	1526.5815
818.08478	1550.7408
818.09698	1597.4431
818.10919	1684.3036
818.12134	1725.8837
818.13354	1818.7461
818.14569	1873.4655
818.1579	1957.0068
818.1701	2083.2031
818.18225	2217.9802
818.19446	2397.0405
818.2066	2606.7512
818.21881	2850.4731
818.23102	3140.5344
818.24316	3500.3579
818.25537	3986.1853
818.26752	4563.5879
818.27972	5313.3013
818.29193	6223.873
818.30408	7508.9448
818.31628	9249.7383
818.32843	11624.525
818.34064	14486.16
818.35284	17847.012
818.36499	21520.715
818.3772	25378.084
818.3894	29164.779
818.40155	32856.039
818.41376	35843.406
818.4259	37967.563
818.43811	39302.371
818.45032	39806.957
818.46246	38731.59
818.47467	35836.672
818.48682	31792.07
818.49902	27239.012
818.51123	23025.648
818.52338	19197.396
818.53558	15714.602
818.54773	12848.517
818.55994	10489.405
818.57214	8554.5605
818.58429	7042.2495
818.5965	5882.8691
818.6087	4947.4243
818.62085	4210.9346
818.63306	3630.3323
818.6452	3166.1885
818.65741	2786.0139
818.66962	2507.7588
818.68176	2275.4514
818.69397	2105.5017
818.70612	1971.6633
818.71832	1832.6422
818.73053	1726.8977
818.74268	1645.551
818.75488	1573.1021
818.76703	1512.8992
818.77924	1445.0306
818.79144	1404.2302
818.80359	1359.3516
818.8158	1324.7926
818.828	1301.5046
818.84015	1265.4214
818.85236	1238.6146
818.8645	1213.5778
818.87671	1183.5031
818.88892	1184.5227
818.90106	1162.1327
818.91327	1141.0513
818.92542	1122.9257
818.93762	1118.4669
818.94983	1100.2919
818.96198	1081.1375
818.97418	1079.7026
818.98633	1071.1764
818.99854	1063.5739
819.01074	1054.8964
819.02289	1045.2223
819.0351	1028.8427
819.04724	1025.9907
819.05945	1019.7314
819.07166	1015.5938
819.0838	1010.2862
819.09601	1007.2479
819.10822	1001.3584
819.12036	993.93188
819.13257	992.15833
819.14471	987.05627
819.15692	980.18176
819.16913	973.4884
819.18127	967.78888
819.19348	969.35754
819.20563	966.11609
819.21783	956.69574
819.23004	953.4635
819.24219	953.11591
819.25439	954.04761
819.26654	948.20398
819.27875	948.79346
819.29095	943.61096
819.3031	943.10175
819.31531	944.50989
819.32751	940.60846
819.33966	938.35748
819.35187	936.85803
819.36401	930.57727
819.37622	932.57697
819.38843	930.15515
819.40057	931.4903
819.41278	926.23517
819.42493	926.44861
819.43713	922.36316
819.44934	919.12347
819.46149	922.98511
819.47369	917.19574
819.48584	917.44147
819.49805	917.91901
819.51025	915.95276
819.5224	914.0473
819.53461	913.81897
819.54681	911.13422
819.55896	909.72919
819.57117	910.70782
819.58331	911.87219
819.59552	910.98083
819.60773	907.76355
819.61987	906.41846
819.63208	906.12134
819.64423	909.07837
819.65643	903.90222
819.66864	904.53882
819.68079	904.97546
819.69299	902.9306
819.70514	902.01306
819.71735	901.0871
819.72955	902.58301
819.7417	901.53839
819.75391	900.54211
819.76605	899.24518
819.77826	898.31946
819.79047	897.4079
819.80261	897.54651
819.81482	895.05804
819.82703	895.58777
819.83917	894.10901
819.85138	895.63306
819.86353	896.06531
819.87573	896.58929
819.88794	894.87457
819.90009	893.76227
819.91229	892.22858
819.92444	893.93536
819.93665	891.87927
819.94885	890.97296
819.961	893.79718
819.97321	890.30066
819.98535	888.0224
819.99756	890.65833
820.00977	888.70081
820.02191	885.92139
820.03412	890.28101
820.04633	890.55981
820.05847	889.08716
820.07068	889.03864
820.08282	888.78375
820.09503	888.53033
820.10724	887.66321
820.11938	887.08441
820.13159	886.81592
820.14374	887.6861
820.15594	886.17902
820.16815	885.9472
820.1803	886.43298
820.1925	886.1059
820.20465	887.27423
820.21686	887.72101
820.22906	885.65533
820.24121	885.7641
820.25342	886.91351
820.26563	884.04437
820.27777	884.70435
820.28998	884.7688
820.30212	885.31366
820.31433	885.22137
820.32654	885.42365
820.33868	882.82642
820.35089	884.53705
820.36304	882.48767
820.37524	881.59821
820.38745	882.84949
820.3996	884.31628
820.4118	882.20233
820.42395	883.14612
820.43616	881.66602
820.44836	882.17969
820.46051	883.16119
820.47272	884.63257
820.48486	883.16681
820.49707	879.17883
820.50928	880.4989
820.52142	882.53699
820.53363	882.61365
820.54584	881.80408
820.55798	878.92871
820.57019	881.84424
820.58234	880.65637
820.59454	880.4574
820.60675	881.28503
820.6189	881.19757
820.6311	882.68231
820.64325	883.0498
820.65546	881.06531
820.66766	882.35876
820.67981	881.06476
820.69202	879.3136
820.70416	880.34918
820.71637	880.36053
820.72858	879.74829
820.74072	881.34521
820.75293	881.2359
820.76514	879.80341
820.77728	877.82355
820.78949	880.28912
820.80164	879.34668
820.81384	879.98871
820.82605	879.4649
820.8382	876.9162
820.8504	878.05872
820.86255	879.63934
820.87476	878.87036
820.88696	878.2702
820.89911	879.20654
820.91132	879.01843
820.92346	877.83282
820.93567	877.55475
820.94788	877.83398
820.96002	878.63446
820.97223	880.3844
820.98438	879.98737
820.99658	878.9928
821.00879	879.21924
821.02094	879.35822
821.03314	878.26227
821.04535	877.05035
821.0575	876.3941
821.0697	879.4256
821.08185	878.77893
821.09406	879.15631
821.10626	878.59369
821.11841	877.3299
821.13062	878.68298
821.14276	878.59662
821.15497	879.62762
821.16718	877.44617
821.17932	875.96527
821.19153	877.8952
821.20367	876.11816
821.21588	877.17114
821.22809	877.63379
821.24023	876.56366
821.25244	877.19971
821.26465	876.94244
821.27679	876.32813
821.289	877.77209
821.30115	877.97388
821.31335	876.92322
821.32556	876.33215
821.33771	878.04718
821.34991	877.71637
821.36206	876.91528
821.37427	877.84692
821.38647	877.14789
821.39862	877.77515
821.41083	877.28882
821.42297	878.06702
821.43518	879.57581
821.44739	878.97357
821.45953	876.4837
821.47174	877.40912
821.48395	876.56354
821.49609	876.17126
821.5083	877.68689
821.52045	876.0141
821.53265	876.1571
821.54486	876.33325
821.55701	877.91907
821.56921	876.81201
821.58136	875.9953
821.59357	875.47925
821.60577	876.79181
821.61792	877.13751
821.63013	876.69318
821.64227	877.09814
821.65448	875.48511
821.66669	875.75165
821.67883	876.01593
821.69104	876.73889
821.70319	876.18872
821.71539	876.27881
821.7276	875.49933
821.73975	874.09131
821.75195	874.30957
821.76416	875.97601
821.77631	874.31262
821.78851	874.57281
821.80066	876.4162
821.81287	876.67755
821.82507	874.4386
821.83722	875.34375
821.84943	875.94727
821.86157	874.54181
821.87378	874.84851
821.88599	876.00854
821.89813	875.47803
821.91034	876.04211
821.92249	874.87622
821.93469	876.99811
821.9469	875.06067
821.95905	875.33398
821.97125	875.51691
821.98346	876.19971
821.99561	874.78381
822.00781	873.96362
822.01996	874.37085
822.03217	874.85065
822.04437	873.62592
822.05652	873.55865
822.06873	875.78076
822.08087	875.43439
822.09308	875.30328
822.10529	874.73859
822.11743	875.37402
822.12964	875.33441
822.14178	875.6394
822.15399	875.87628
822.1662	875.51648
822.17834	874.75916
822.19055	875.74286
822.20276	875.72595
822.2149	875.82483
822.22711	875.29419
822.23926	876.50098
822.25146	875.2229
822.26367	875.42096
822.27582	876.06897
822.28802	872.40918
822.30017	873.99927
822.31238	875.85492
822.32458	875.36902
822.33673	874.34052
822.34894	875.10315
822.36108	874.61407
822.37329	873.90302
822.3855	873.33417
822.39764	875.45758
822.40985	874.18347
822.422	875.89484
822.4342	877.15778
822.44641	877.38519
822.45856	874.89148
822.47076	874.51605
822.48297	875.2605
822.49512	877.61139
822.50732	875.97766
822.51947	875.01703
822.53168	875.69043
822.54388	875.67609
822.55603	874.55621
822.56824	875.36713
822.58038	875.13983
822.59259	876.56506
822.6048	875.20813
822.61694	874.67224
822.62915	875.24371
822.6413	875.04608
822.6535	874.56396
822.66571	876.31378
822.67786	876.33887
822.69006	875.11652
822.70227	875.25238
822.71442	874.28687
822.72662	875.64825
822.73877	873.79846
822.75098	873.94037
822.76318	874.58264
822.77533	874.63611
822.78754	874.69556
822.79968	874.31281
822.81189	874.94275
822.8241	874.46606
822.83624	873.3678
822.84845	875.16705
822.8606	875.07001
822.8728	874.74561
822.88501	875.9129
822.89716	875.60907
822.90936	875.08765
822.92157	875.3689
822.93372	875.28564
822.94592	874.60535
822.95807	874.16315
822.97028	873.41809
822.98248	875.6582
822.99463	874.4671
823.00684	876.48462
823.01898	876.1424
823.03119	874.65015
823.0434	875.70758
823.05554	875.4306
823.06775	874.34979
823.0799	874.5033
823.0921	874.67993
823.10431	875.23407
823.11646	874.48285
823.12866	873.58124
823.14081	874.18036
823.15302	874.81171
823.16522	875.84088
823.17737	874.96246
823.18958	874.45459
823.20178	874.95679
823.21393	875.89764
823.22614	875.16119
823.23828	874.31787
823.25049	876.28094
823.2627	875.97058
823.27484	875.26477
823.28705	874.74927
823.29919	873.1225
823.3114	873.57605
823.32361	875.38422
823.33575	874.9325
823.34796	875.25867
823.36011	874.34686
823.37231	874.99103
823.38452	876.66705
823.39667	875.60156
823.40887	875.20709
823.42108	875.23438
823.43323	874.12732
823.44543	874.60034
823.45758	876.34534
823.46979	875.12506
823.48199	875.56439
823.49414	874.97705
823.50635	876.35095
823.51849	874.87555
823.5307	874.01538
823.54291	873.5882
823.55505	874.15234
823.56726	874.83362
823.57941	874.11768
823.59161	875.35297
823.60382	874.96472
823.61597	874.92181
823.62817	876.02832
823.64038	875.62781
823.65253	874.87451
823.66473	875.42932
823.67688	872.96582
823.68909	875.81488
823.70129	874.99908
823.71344	874.76807
823.72565	874.74847
823.73779	874.59888
823.75	874.72614
823.76221	874.19
823.77435	873.16058
823.78656	874.39099
823.79871	875.46954
823.81091	876.29901
823.82312	875.41998
823.83527	875.56982
823.84747	874.36646
823.85962	875.27521
823.87183	873.81421
823.88403	874.36871
823.89618	874.83453
823.90839	875.12506
823.92059	875.51343
823.93274	875.22644
823.94495	874.88959
823.95709	873.98407
823.9693	874.39148
823.98151	874.0993
823.99365	874.30347
824.00586	875.85675
824.01801	875.14471
824.03021	873.4917
824.04242	874.66632
824.05457	874.65204
824.06677	873.95819
824.07892	875.04736
824.09113	872.81604
824.10333	874.60901
824.11548	873.89178
824.12769	875.39471
824.13989	875.08905
824.15204	875.03436
824.16425	875.44763
824.17639	874.62878
824.1886	874.02362
824.20081	874.44348
824.21295	874.41064
824.22516	875.32324
824.2373	874.67889
824.24951	873.77667
824.26172	873.44397
824.27386	873.22552
824.28607	874.7403
824.29822	874.40906
824.31042	875.52222
824.32263	873.61633
824.33478	874.69769
824.34698	876.20581
824.35919	872.0672
824.37134	872.42151
824.38354	876.17578
824.39569	876.3642
824.4079	874.79773
824.4201	873.24158
824.43225	873.82062
824.44446	874.41565
824.4566	874.63257
824.46881	873.68207
824.48102	874.05511
824.49316	874.15723
824.50537	873.4212
824.51752	876.14618
824.52972	875.56689
824.54193	875.54053
824.55408	874.61115
824.56628	873.61896
824.57843	875.56818
824.59064	874.00854
824.60284	874.31189
824.61499	875.90601
824.6272	874.34741
824.6394	874.39545
824.65155	871.46448
824.66376	873.49127
824.6759	873.7724
824.68811	874.995
824.70032	873.92413
824.71246	874.70544
824.72467	873.75543
824.73682	873.82611
824.74902	874.68994
824.76123	874.97382
824.77338	873.12701
824.78558	873.43707
824.79773	873.54877
824.80994	874.60571
824.82214	874.75763
824.83429	873.5271
824.8465	872.80719
824.8587	873.43097
824.87085	874.18646
824.88306	875.03418
824.8952	874.96991
824.90741	874.74316
824.91962	874.99634
824.93176	875.17303
824.94397	873.31219
824.95612	874.37561
824.96832	874.86292
824.98053	873.61072
824.99268	873.89355
825.00488	873.26068
825.01703	873.04388
825.02924	873.79797
825.04144	874.9469
825.05359	873.92944
825.0658	874.95227
825.078	874.76526
825.09015	874.6601
825.10236	874.87903
825.1145	875.95129
825.12671	875.9137
825.13892	875.02203
825.15106	875.21558
825.16327	872.25366
825.17542	872.25049
825.18762	875.5639
825.19983	874.6756
825.21198	875.01331
825.22418	875.32281
825.23633	873.60571
825.24854	872.14679
825.26074	872.00555
825.27289	872.96973
825.2851	874.56696
825.29724	873.35394
825.30945	873.26672
825.32166	875.54272
825.3338	875.01587
825.34601	875.92767
825.35822	876.39343
825.37036	875.55408
825.38257	874.19055
825.39471	873.54889
825.40692	876.67633
825.41913	874.69043
825.43127	874.37811
825.44348	874.55975
825.45563	875.46851
825.46783	874.98761
825.48004	874.65088
825.49219	874.36987
825.50439	875.10748
825.51654	874.68011
825.52875	873.81201
825.54095	874.82013
825.5531	876.18164
825.56531	874.86017
825.57751	874.87891
825.58966	875.06689
825.60187	873.92578
825.61401	875.87909
825.62622	874.10205
825.63843	874.68451
825.65057	874.92413
825.66278	872.66846
825.67493	874.03363
825.68713	873.00537
825.69934	873.80072
825.71149	874.83209
825.72369	875.50537
825.73584	874.13538
825.74805	874.89777
825.76025	875.38184
825.7724	874.21686
825.78461	873.38049
825.79681	873.2962
825.80896	874.70587
825.82117	876.60736
825.83331	874.88232
825.84552	873.76758
825.85773	874.53003
825.86987	873.48889
825.88208	875.22845
825.89423	873.61572
825.90643	876.53198
825.91864	872.53711
825.93079	873.60626
825.94299	873.93048
825.95514	873.02649
825.96735	873.83984
825.97955	874.05029
825.9917	874.11145
826.00391	873.50024
826.01605	874.36206
826.02826	875.80768
826.04047	873.76495
826.05261	873.8064
826.06482	874.9812
826.07703	874.35284
826.08917	872.95886
826.10138	872.09619
826.11353	873.94751
826.12573	873.20392
826.13794	874.47986
826.15009	874.41199
826.16229	874.07593
826.17444	872.89966
826.18665	872.40881
826.19885	874.04108
826.211	874.08344
826.22321	874.46985
826.23535	872.86493
826.24756	872.7121
826.25977	873.99542
826.27191	873.51373
826.28412	873.76361
826.29633	874.46832
826.30847	874.08398
826.32068	873.95886
826.33282	876.224
826.34503	874.58759
826.35724	874.73279
826.36938	874.28711
826.38159	875.0816
826.39374	873.88037
826.40594	873.59625
826.41815	874.27045
826.4303	873.53284
826.4425	876.2124
826.45465	873.22852
826.46686	873.12885
826.47906	873.25946
826.49121	873.15631
826.50342	873.05078
826.51563	873.30701
826.52777	874.27118
826.53998	872.67542
826.55212	872.91772
826.56433	875.40125
826.57654	876.22815
826.58868	874.51453
826.60089	874.32697
826.61304	873.33435
826.62524	873.18732
826.63745	875.53101
826.6496	874.94824
826.6618	874.21753
826.67395	874.47064
826.68616	873.8667
826.69836	873.12408
826.71051	875.31696
826.72272	874.65552
826.73486	873.36371
826.74707	874.48395
826.75928	874.41656
826.77142	874.008
826.78363	874.64539
826.79584	875.35669
826.80798	874.12518
826.82019	874.42328
826.83234	873.49127
826.84454	873.49713
826.85675	873.98212
826.8689	875.34705
826.8811	874.40601
826.89325	874.67743
826.90546	874.55011
826.91766	874.63892
826.92981	872.7301
826.94202	871.71698
826.95416	872.54077
826.96637	870.76544
826.97858	871.42401
826.99072	873.34186
827.00293	874.60773
827.01514	872.7865
827.02728	873.06781
827.03949	873.65338
827.05164	875.36591
827.06384	875.21289
827.07605	873.67688
827.0882	873.42065
827.1004	872.08038
827.11255	873.83612
827.12476	872.20087
827.13696	875.10968
827.14911	873.46704
827.16132	873.5213
827.17346	874.435
827.18567	873.29706
827.19788	874.68048
827.21002	874.00543
827.22223	873.51349
827.23438	874.41089
827.24658	873.25549
827.25879	874.47577
827.27094	874.35876
827.28314	874.26892
827.29535	873.09692
827.3075	875.50403
827.3197	873.65784
827.33185	875.66583
827.34406	873.78937
827.35626	873.97766
827.36841	872.41394
827.38062	874.79382
827.39276	873.24048
827.40497	874.4649
827.41718	874.22919
827.42932	872.65839
827.44153	874.04132
827.45367	873.52075
827.46588	873.66589
827.47809	872.81226
827.49023	874.80048
827.50244	874.69989
827.51465	874.00439
827.52679	872.07184
827.539	872.39575
827.55115	874.10425
827.56335	873.71246
827.57556	873.77112
827.58771	870.51178
827.59991	872.07397
827.61206	870.97516
827.62427	874.77795
827.63647	873.22174
827.64862	874.31921
827.66083	874.53259
827.67297	874.42664
827.68518	874.63361
827.69739	873.41547
827.70953	873.50134
827.72174	874.01593
827.73395	875.06647
827.74609	872.39661
827.7583	873.64227
827.77045	874.07922
827.78265	873.58636
827.79486	874.58057
827.80701	873.8999
827.81921	872.14063
827.83136	873.28522
827.84357	873.22058
827.85577	873.84711
827.86792	873.83453
827.88013	873.62677
827.89227	873.19104
827.90448	872.34283
827.91669	874.02374
827.92883	875.61267
827.94104	872.80725
827.95319	872.72601
827.96539	872.53778
827.9776	871.93005
827.98975	871.77264
828.00195	872.7597
828.01416	873.81921
828.02631	874.37573
828.03851	875.06586
828.05066	873.90912
828.06287	872.55695
828.07507	875.08075
828.08722	875.17065
828.09943	874.92816
828.11157	872.80872
828.12378	870.46307
828.13599	872.93579
828.14813	873.08527
828.16034	873.93561
828.17249	872.23798
828.18469	872.51105
828.1969	871.95996
828.20905	873.11127
828.22125	871.03186
828.23346	872.6488
828.24561	873.37787
828.25781	875.36829
828.26996	873.96759
828.28217	872.72638
828.29437	872.17181
828.30652	873.37988
828.31873	872.95911
828.33087	873.6825
828.34308	872.83661
828.35529	874.48474
828.36743	871.94745
828.37964	872.76178
828.39178	871.52039
828.40399	874.25989
828.4162	875.9342
828.42834	873.91486
828.44055	874.18616
828.45276	874.37488
828.4649	873.47241
828.47711	872.77087
828.48926	871.06995
828.50146	870.26227
828.51367	873.15924
828.52582	873.49414
828.53802	873.05652
828.55017	871.11682
828.56238	872.44128
828.57458	872.48291
828.58673	873.39282
828.59894	876.26563
828.61108	873.64111
828.62329	875.07178
828.6355	873.0932
828.64764	872.73022
828.65985	873.99146
828.672	875.8858
828.6842	873.63239
828.69641	872.60461
828.70856	871.94849
828.72076	871.68616
828.73297	869.5943
828.74512	871.28082
828.75732	873.72809
828.76947	871.57556
828.78168	872.90692
828.79388	873.24188
828.80603	874.04303
828.81824	873.00085
828.83038	873.99585
828.84259	872.7312
828.8548	872.71173
828.86694	873.21179
828.87915	871.46777
828.8913	873.15436
828.9035	872.98407
828.91571	872.04071
828.92786	873.75098
828.94006	874.03772
828.95227	874.89368
828.96442	870.38666
828.97662	871.06329
828.98877	873.15002
829.00098	873.68524
829.01318	874.16705
829.02533	874.896
829.03754	870.56195
829.04968	870.87775
829.06189	875.14771
829.0741	874.97241
829.08624	872.66492
829.09845	874.14563
829.1106	873.367
829.1228	873.36169
829.13501	873.578
829.14716	871.90747
829.15936	873.50714
829.17157	871.21429
829.18372	871.96582
829.19592	875.54498
829.20807	872.37885
829.22028	871.24414
829.23248	869.99677
829.24463	871.64032
829.25684	872.44415
829.26898	873.58472
829.28119	874.63916
829.2934	871.83557
829.30554	875.25232
829.31775	872.18555
829.3299	873.24304
829.3421	871.69281
829.35431	872.64246
829.36646	871.95154
829.37866	872.99371
829.39081	872.34558
829.40302	872.19415
829.41522	873.04449
829.42737	871.67865
829.43958	871.32965
829.45178	872.68542
829.46393	871.6275
829.47614	874.1037
829.48828	874.8006
829.50049	874.08807
829.5127	874.5368
829.52484	875.07751
829.53705	874.45032
829.54919	873.79364
829.5614	874.91376
829.57361	870.96405
829.58575	869.84692
829.59796	872.97357
829.61011	871.26184
829.62231	871.26917
829.63452	872.98328
829.64667	874.58496
829.65887	869.39905
829.67108	868.36304
829.68323	872.94257
829.69543	873.03033
829.70758	872.58966
829.71979	874.42828
829.73199	873.37927
829.74414	874.89929
829.75635	874.56293
829.76849	873.47601
829.7807	872.65045
829.79291	873.60858
829.80505	873.37671
829.81726	874.198
829.82941	872.4126
829.84161	870.76837
829.85382	873.99609
829.86597	872.31891
829.87817	870.56299
829.89038	868.82703
829.90253	872.34979
829.91473	869.46991
829.92688	867.10205
829.93909	870.89941
829.95129	870.97394
829.96344	872.0592
829.97565	872.00397
829.98779	871.51971
830	871.85217
