800	857.21289
800.01166	863.8291
800.02338	867.53955
800.03503	868.09656
800.04675	869.00537
800.05841	871.83191
800.07013	872.03522
800.08179	873.35297
800.09351	876.00085
800.10516	875.32855
800.11682	873.29236
800.12854	874.18097
800.1402	872.96289
800.15192	873.56506
800.16357	870.56104
800.17529	876.51471
800.18695	871.091
800.19867	874.27972
800.21033	875.50073
800.22198	874.54309
800.2337	871.96295
800.24536	871.97937
800.25708	871.3562
800.26874	872.22559
800.28046	875.54333
800.29211	873.13275
800.30383	870.9895
800.31549	872.36346
800.32721	871.771
800.33887	872.77533
800.35052	872.95563
800.36224	873.81494
800.3739	873.76868
800.38562	877.01764
800.39728	874.39838
800.409	872.46088
800.42065	873.91663
800.43237	874.37378
800.44403	872.32904
800.45569	871.5968
800.46741	874.19873
800.47906	873.50861
800.49078	873.73114
800.50244	873.04053
800.51416	872.05823
800.52582	875.26941
800.53754	875.44843
800.54919	876.11377
800.56085	873.93103
800.57257	874.48254
800.58423	872.1947
800.59595	871.86133
800.6076	874.95142
800.61932	874.66388
800.63098	874.67322
800.6427	874.88666
800.65436	873.25623
800.66602	874.59204
800.67773	873.75745
800.68939	873.36829
800.70111	874.23853
800.71277	872.89288
800.72449	870.93488
800.73615	871.17584
800.74786	872.79718
800.75952	872.66846
800.77118	872.8916
800.7829	874.28339
800.79456	874.56317
800.80627	874.94519
800.81793	872.63007
800.82965	873.55634
800.84131	872.79669
800.85303	872.96454
800.86469	871.87079
800.87634	874.49561
800.88806	872.53729
800.89972	872.43079
800.91144	872.72638
800.9231	872.57324
800.93481	875.38068
800.94647	876.58215
800.95819	874.78583
800.96985	875.86676
800.98157	874.90594
800.99323	873.0697
801.00488	872.99158
801.0166	872.37152
801.02826	872.08734
801.03998	873.22937
801.05164	874.49506
801.06335	874.15979
801.07501	874.27057
801.08673	873.72076
801.09839	873.0191
801.11005	872.62891
801.12177	873.84216
801.13342	874.83185
801.14514	874.0719
801.1568	875.81342
801.16852	873.22583
801.18018	871.20654
801.19189	873.67694
801.20355	875.32861
801.21521	874.15472
801.22693	874.86005
801.23859	873.02325
801.25031	870.02136
801.26196	871.69495
801.27368	874.43298
801.28534	874.47406
801.29706	873.49371
801.30872	873.94104
801.32037	874.32251
801.33209	872.55981
801.34375	872.47205
801.35547	873.00586
801.36713	870.55493
801.37885	874.67719
801.3905	876.60742
801.40222	875.0462
801.41388	874.7749
801.42554	874.73376
801.43726	874.27832
801.44891	875.94257
801.46063	876.65375
801.47229	876.66016
801.48401	875.45062
801.49567	872.3631
801.50739	872.95386
801.51904	874.79901
801.53076	874.61401
801.54242	871.91022
801.55408	874.73706
801.5658	873.54022
801.57745	873.43286
801.58917	875.0257
801.60083	873.84589
801.61255	872.92053
801.62421	872.94458
801.63593	873.25592
801.64758	873.71564
801.65924	873.75403
801.67096	873.48273
801.68262	873.78723
801.69434	873.85345
801.70599	873.05652
801.71771	871.28717
801.72937	873.39044
801.74109	873.70178
801.75275	876.10175
801.7644	872.62457
801.77612	873.88214
801.78778	871.72198
801.7995	872.86597
801.81116	876.02411
801.82288	876.32544
801.83453	874.93268
801.84625	874.24365
801.85791	872.9942
801.86957	872.48297
801.88129	874.98248
801.89294	871.90192
801.90466	874.90881
801.91632	876.04456
801.92804	875.0105
801.9397	872.32898
801.95142	872.34869
801.96307	874.45245
801.97473	873.328
801.98645	871.83539
801.99811	871.20966
802.00983	872.46429
802.02148	874.49823
802.0332	873.9176
802.04486	872.34998
802.05658	873.85095
802.06824	874.33429
802.0799	874.08087
802.09161	874.07977
802.10327	873.73718
802.11499	877.2738
802.12665	873.14539
802.13837	872.99438
802.15002	871.98877
802.16174	872.61053
802.1734	874.77155
802.18512	874.49323
802.19678	872.76093
802.20844	873.25568
802.22015	875.39514
802.23181	875.69983
802.24353	874.26587
802.25519	873.3855
802.26691	871.98492
802.27856	874.91406
802.29028	874.04187
802.30194	875.63324
802.3136	873.62744
802.32532	873.61298
802.33698	874.7868
802.34869	876.32147
802.36035	875.37238
802.37207	874.74249
802.38373	875.14807
802.39545	876.57373
802.4071	876.43701
802.41876	873.77258
802.43048	872.77179
802.44214	874.34326
802.45386	874.24878
802.46552	873.47693
802.47723	874.04895
802.48889	873.75354
802.50061	875.01105
802.51227	876.2179
802.52393	874.92859
802.53564	872.83411
802.5473	874.03955
802.55902	874.28674
802.57068	871.23639
802.5824	872.67896
802.59406	875.20081
802.60577	873.78302
802.61743	872.67517
802.62909	872.86908
802.64081	872.84717
802.65247	874.49286
802.66418	874.69843
802.67584	872.1792
802.68756	875.71582
802.69922	872.617
802.71094	871.82251
802.7226	873.29224
802.73431	874.97711
802.74597	873.75983
802.75763	873.7077
802.76935	873.04266
802.78101	872.21033
802.79272	872.43427
802.80438	872.62372
802.8161	872.12122
802.82776	872.49597
802.83948	874.2558
802.85114	872.97101
802.86279	872.98798
802.87451	873.04944
802.88617	871.72321
802.89789	873.82477
802.90955	873.67841
802.92126	873.74005
802.93292	873.94305
802.94464	873.38538
802.9563	872.5954
802.96796	872.92316
802.97968	873.68292
802.99133	870.82306
803.00305	870.36084
803.01471	873.38019
803.02643	871.69012
803.03809	872.89337
803.0498	871.60931
803.06146	873.02264
803.07312	875.60291
803.08484	873.35944
803.0965	873.69373
803.10822	874.26923
803.11987	873.54547
803.13159	872.87579
803.14325	873.48029
803.15497	872.78162
803.16663	872.93378
803.17828	872.66211
803.19	871.77557
803.20166	872.70386
803.21338	875.34766
803.22504	875.69189
803.23676	873.11334
803.24841	873.47101
803.26013	873.8855
803.27179	872.35608
803.28345	874.32764
803.29517	874.59778
803.30682	877.11664
803.31854	875.67725
803.3302	872.22052
803.34192	874.33673
803.35358	874.72357
803.3653	873.61938
803.37695	873.53448
803.38867	876.60864
803.40033	876.51257
803.41199	873.74115
803.42371	872.49249
803.43536	871.94885
803.44708	874.64001
803.45874	873.05951
803.47046	873.49713
803.48212	872.28375
803.49384	873.31842
803.50549	871.58893
803.51715	871.17712
803.52887	872.02551
803.54053	873.30829
803.55225	872.27374
803.5639	872.72858
803.57562	874.33563
803.58728	874.99786
803.599	874.83624
803.61066	875.31042
803.62231	874.45013
803.63403	872.89496
803.64569	874.33252
803.65741	873.80115
803.66907	870.97327
803.68079	873.26538
803.69244	875.95972
803.70416	873.68427
803.71582	875.29333
803.72748	874.07971
803.7392	874.79089
803.75085	873.099
803.76257	875.41174
803.77423	873.50916
803.78595	872.01501
803.79761	873.0929
803.80933	873.42078
803.82098	873.37585
803.83264	872.95508
803.84436	872.60803
803.85602	872.65839
803.86774	873.47357
803.87939	874.35889
803.89111	874.82135
803.90277	874.96381
803.91449	871.7616
803.92615	873.35266
803.93787	874.61206
803.94952	875.25439
803.96118	872.98322
803.9729	871.24109
803.98456	873.86145
803.99628	874.6795
804.00793	874.54547
804.01965	874.43262
804.03131	874.02216
804.04303	873.1969
804.05469	873.40314
804.06635	872.63538
804.07806	872.98151
804.08972	874.17139
804.10144	873.28638
804.1131	875.39972
804.12482	875.1391
804.13647	874.01233
804.14819	873.02332
804.15985	873.73029
804.17151	872.95819
804.18323	873.63135
804.19489	872.99847
804.2066	874.16498
804.21826	874.13196
804.22998	874.41101
804.24164	874.33289
804.25336	873.95819
804.26501	873.86377
804.27667	875.16504
804.28839	876.32104
804.30005	874.93982
804.31177	875.07526
804.32343	875.38629
804.33514	874.59338
804.3468	873.9743
804.35852	875.48419
804.37018	876.7951
804.38184	875.9964
804.39355	874.25409
804.40521	873.68494
804.41693	877.26257
804.42859	874.77686
804.44031	873.82635
804.45197	874.20685
804.46368	874.56757
804.47534	875.65778
804.487	873.21179
804.49872	872.95062
804.51038	874.85822
804.52209	873.37946
804.53375	873.55988
804.54547	874.21185
804.55713	872.15192
804.56885	873.21637
804.58051	871.61279
804.59222	874.28479
804.60388	873.9353
804.61554	874.17377
804.62726	874.63934
804.63892	872.2019
804.65063	873.23016
804.66229	873.28705
804.67401	873.32324
804.68567	874.67108
804.69739	874.2514
804.70905	874.0379
804.7207	873.79425
804.73242	873.41833
804.74408	875.13025
804.7558	875.79474
804.76746	873.76947
804.77917	874.06909
804.79083	871.85626
804.80255	872.48553
804.81421	872.80621
804.82587	872.76807
804.83759	874.25201
804.84924	876.40839
804.86096	874.09369
804.87262	873.86182
804.88434	871.32452
804.896	874.01941
804.90771	876.15814
804.91937	874.89789
804.93103	872.82056
804.94275	872.06958
804.95441	874.02704
804.96613	874.40686
804.97778	873.27289
804.9895	873.14941
805.00116	872.86609
805.01288	872.30194
805.02454	874.1488
805.03619	874.26843
805.04791	875.18115
805.05957	876.99005
805.07129	876.22485
805.08295	873.17249
805.09467	872.97955
805.10632	873.2486
805.11804	874.72418
805.1297	872.95978
805.14142	874.15869
805.15308	874.52808
805.16473	874.18353
805.17645	874.3421
805.18811	874.76575
805.19983	874.18353
805.21149	874.6178
805.22321	874.54401
805.23486	874.05194
805.24658	872.92456
805.25824	872.83588
805.2699	873.50311
805.28162	872.20306
805.29327	873.75311
805.30499	872.94556
805.31665	874.87585
805.32837	876.56372
805.34003	876.59216
805.35175	872.77802
805.3634	872.00153
805.37506	871.25427
805.38678	873.41016
805.39844	874.40387
805.41016	874.38806
805.42181	874.48517
805.43353	873.37408
805.44519	873.97412
805.45691	875.49524
805.46857	875.4364
805.48022	874.76849
805.49194	875.15222
805.5036	874.55945
805.51532	875.70172
805.52698	874.35364
805.5387	873.073
805.55035	874.427
805.56207	874.47534
805.57373	874.21472
805.58539	875.25848
805.59711	871.70074
805.60876	873.83759
805.62048	874.78796
805.63214	874.71497
805.64386	874.17615
805.65552	875.07977
805.66724	876.03003
805.67889	875.27551
805.69055	873.66968
805.70227	873.33661
805.71393	874.8595
805.72565	875.02527
805.7373	875.18378
805.74902	874.70911
805.76068	873.63348
805.7724	875.31812
805.78406	873.35596
805.79578	876.24707
805.80743	877.40381
805.81909	874.60211
805.83081	874.53729
805.84247	874.33087
805.85419	875.56024
805.86584	874.01563
805.87756	875.69623
805.88922	874.86133
805.90094	876.72955
805.9126	877.55554
805.92426	877.05328
805.93597	876.39185
805.94763	876.24512
805.95935	876.2345
805.97101	875.49902
805.98273	874.51892
805.99438	874.09125
806.0061	874.76575
806.01776	875.35211
806.02942	875.10645
806.04114	874.19757
806.0528	873.71008
806.06451	872.21875
806.07617	875.44299
806.08789	875.74182
806.09955	875.92285
806.11127	873.30603
806.12292	873.91791
806.13458	875.41608
806.1463	875.76691
806.15796	875.39917
806.16968	874.00537
806.18134	876.39246
806.19305	877.47528
806.20471	874.71655
806.21643	873.86237
806.22809	875.07391
806.23975	875.43121
806.25146	874.6601
806.26312	873.7179
806.27484	874.00635
806.2865	875.55072
806.29822	876.02362
806.30988	875.46295
806.32159	876.1731
806.33325	873.61768
806.34497	875.17877
806.35663	874.14307
806.36829	873.07703
806.38	873.49896
806.39166	876.12256
806.40338	875.04895
806.41504	873.16412
806.42676	873.91101
806.43842	875.29938
806.45013	873.68005
806.46179	875.86621
806.47345	876.02563
806.48517	874.69153
806.49683	874.52124
806.50854	873.71747
806.5202	873.15082
806.53192	873.03107
806.54358	873.73315
806.5553	874.33044
806.56696	874.2926
806.57861	875.62842
806.59033	876.37238
806.60199	876.83582
806.61371	875.63239
806.62537	876.27075
806.63708	875.15985
806.64874	873.38824
806.66046	875.68243
806.67212	875.31799
806.68378	874.38751
806.6955	875.93225
806.70715	874.13116
806.71887	873.53125
806.73053	875.38654
806.74225	875.33575
806.75391	875.50574
806.76563	877.73035
806.77728	875.26044
806.78894	874.65399
806.80066	874.43555
806.81232	876.35614
806.82404	874.45154
806.83569	872.76007
806.84741	874.33502
806.85907	874.77112
806.87079	873.99042
806.88245	873.81616
806.8941	874.92352
806.90582	874.4389
806.91748	874.81073
806.9292	874.72955
806.94086	875.07788
806.95258	873.87665
806.96423	876.78986
806.97595	874.64026
806.98761	874.96478
806.99933	874.27881
807.01099	873.35071
807.02264	874.88947
807.03436	874.85718
807.04602	873.88892
807.05774	875.1015
807.0694	875.77521
807.08112	874.20746
807.09277	875.2851
807.10449	875.83307
807.11615	875.34564
807.12781	874.6228
807.13953	875.06226
807.15118	876.97327
807.1629	876.5094
807.17456	874.74231
807.18628	874.78613
807.19794	874.77472
807.20966	874.24072
807.22131	874.70209
807.23297	876.138
807.24469	876.6969
807.25635	877.01324
807.26807	873.44611
807.27972	874.7757
807.29144	874.82703
807.3031	875.48529
807.31482	875.32184
807.32648	875.3512
807.33813	875.74585
807.34985	873.69958
807.36151	873.37872
807.37323	874.42047
807.38489	874.54669
807.39661	874.86853
807.40826	875.14117
807.41998	875.58801
807.43164	874.51263
807.4433	874.08246
807.45502	873.70343
807.46667	872.9809
807.47839	874.79309
807.49005	874.78534
807.50177	875.64331
807.51343	876.31311
807.52515	876.1037
807.5368	875.57397
807.54852	875.17542
807.56018	877.58234
807.57184	877.46332
807.58356	875.31403
807.59521	873.04572
807.60693	876.85272
807.61859	876.60944
807.63031	876.20056
807.64197	875.39618
807.65369	875.00702
807.66534	875.82928
807.677	875.22668
807.68872	875.14844
807.70038	875.28241
807.7121	875.96558
807.72375	875.21936
807.73547	874.60992
807.74713	876.1615
807.75885	875.87207
807.77051	873.12659
807.78217	874.09991
807.79388	875.35724
807.80554	877.328
807.81726	874.88983
807.82892	875.37396
807.84064	875.01007
807.85229	875.13269
807.86401	874.77338
807.87567	873.70251
807.88733	874.4931
807.89905	874.62964
807.91071	875.91364
807.92242	875.75861
807.93408	876.18829
807.9458	875.74054
807.95746	873.94348
807.96918	875.52893
807.98083	873.84375
807.99249	874.48877
808.00421	875.86377
808.01587	875.96155
808.02759	875.62744
808.03925	875.24451
808.05096	873.1535
808.06262	875.07373
808.07434	875.8302
808.086	874.72668
808.09766	873.3111
808.10938	875.03998
808.12103	874.97693
808.13275	876.02014
808.14441	875.82642
808.15613	875.02118
808.16779	875.83875
808.1795	877.26678
808.19116	876.13452
808.20288	873.85229
808.21454	873.26721
808.2262	874.71698
808.23792	876.71844
808.24957	875.59595
808.26129	875.4054
808.27295	876.52118
808.28467	874.72095
808.29633	872.8493
808.30804	874.45197
808.3197	876.03827
808.33136	875.18707
808.34308	875.78937
808.35474	876.57544
808.36646	876.02716
808.37811	873.90857
808.38983	874.66571
808.40149	874.55292
808.41321	873.50232
808.42487	874.55072
808.43652	875.02246
808.44824	875.49359
808.4599	875.8819
808.47162	876.08173
808.48328	875.96582
808.495	874.22937
808.50665	874.55573
808.51837	876.19159
808.53003	876.21118
808.54169	875.99213
808.55341	875.33435
808.56506	873.9494
808.57678	874.38495
808.58844	875.0874
808.60016	875.91736
808.61182	875.92371
808.62354	874.5506
808.63519	874.98303
808.64685	875.32532
808.65857	876.18201
808.67023	877.52045
808.68195	875.05963
808.6936	876.78003
808.70532	875.70715
808.71698	874.04333
808.7287	874.771
808.74036	875.86823
808.75208	875.44952
808.76373	875.79065
808.77539	875.73029
808.78711	876.09039
808.79877	875.35352
808.81049	875.60516
808.82214	875.41779
808.83386	875.22241
808.84552	875.7392
808.85724	876.55902
808.8689	875.93439
808.88055	875.01154
808.89227	874.94995
808.90393	873.85614
808.91565	874.39813
808.92731	877.5708
808.93903	877.46545
808.95068	875.46576
808.9624	876.43677
808.97406	876.93494
808.98572	877.15906
808.99744	876.33923
809.00909	875.29755
809.02081	875.36884
809.03247	875.88379
809.04419	875.41028
809.05585	876.40405
809.06757	876.48334
809.07922	876.7063
809.09088	876.55762
809.1026	876.58069
809.11426	875.85632
809.12598	876.01965
809.13763	875.94922
809.14935	875.03381
809.16101	874.37927
809.17273	875.92841
809.18439	876.59015
809.19604	874.91168
809.20776	877.67316
809.21942	876.79999
809.23114	875.34424
809.2428	875.47571
809.25452	876.37177
809.26617	876.41913
809.27789	878.24884
809.28955	878.20728
809.30121	876.16315
809.31293	875.37756
809.32458	876.40326
809.3363	877.1712
809.34796	877.11462
809.35968	877.49005
809.37134	875.53174
809.38306	875.58368
809.39471	877.26544
809.40643	877.95129
809.41809	877.61108
809.42975	876.7486
809.44147	876.60699
809.45313	875.53638
809.46484	875.51385
809.4765	876.72913
809.48822	877.74219
809.49988	877.87219
809.5116	877.60931
809.52325	876.40295
809.53491	876.84442
809.54663	876.1554
809.55829	875.59448
809.57001	876.52631
809.58167	876.6297
809.59338	878.13306
809.60504	877.93817
809.61676	877.13654
809.62842	876.31812
809.64008	875.15173
809.65179	876.42395
809.66345	876.16022
809.67517	876.57117
809.68683	876.51581
809.69855	877.63715
809.71021	877.41901
809.72192	877.49615
809.73358	876.66852
809.74524	876.44257
809.75696	876.93591
809.76862	877.24115
809.78033	876.13477
809.79199	875.53979
809.80371	875.63281
809.81537	876.16071
809.82709	875.77319
809.83875	876.84479
809.8504	876.58392
809.86212	877.04236
809.87378	876.18726
809.8855	875.72644
809.89716	875.80389
809.90887	876.12256
809.92053	876.65222
809.93225	876.35773
809.94391	877.66791
809.95563	877.77197
809.96729	877.90247
809.97894	877.63104
809.99066	877.6618
810.00232	877.48785
810.01404	878.59265
810.0257	877.85541
810.03741	877.54968
810.04907	877.88385
810.06079	877.43451
810.07245	878.58282
810.08411	876.901
810.09583	876.48645
810.10748	876.2179
810.1192	876.94611
810.13086	877.0116
810.14258	876.55341
810.15424	875.92102
810.16595	876.02338
810.17761	876.75452
810.18927	878.35083
810.20099	877.84515
810.21265	877.06335
810.22437	876.19373
810.23602	875.75006
810.24774	877.43799
810.2594	878.05273
810.27112	875.5882
810.28278	877.48694
810.29443	878.11963
810.30615	878.47498
810.31781	877.55786
810.32953	877.10779
810.34119	876.92395
810.35291	877.29126
810.36456	877.69324
810.37628	876.03284
810.38794	878.18286
810.3996	881.06439
810.41132	876.94189
810.42297	876.38257
810.43469	875.79437
810.44635	878.16974
810.45807	878.5545
810.46973	877.9361
810.48145	877.5481
810.4931	876.09424
810.50476	876.17169
810.51648	878.07721
810.52814	878.56348
810.53986	877.41992
810.55151	877.40955
810.56323	878.45013
810.57489	878.48193
810.58661	878.45483
810.59827	877.54572
810.60999	878.26031
810.62164	878.95654
810.6333	878.84875
810.64502	876.96277
810.65668	877.53754
810.6684	877.79944
810.68005	879.9447
810.69177	879.06628
810.70343	878.43994
810.71515	879.08368
810.72681	877.92462
810.73846	875.55316
810.75018	876.30182
810.76184	877.89484
810.77356	877.97913
810.78522	879.59241
810.79694	879.52039
810.80859	878.30646
810.82031	878.63513
810.83197	877.8277
810.84363	877.27618
810.85535	877.02783
810.867	877.86725
810.87872	878.80615
810.89038	877.59375
810.9021	878.74817
810.91376	879.57275
810.92548	880.00934
810.93713	879.51825
810.94879	879.03351
810.96051	879.57837
810.97217	879.57172
810.98389	881.20807
810.99554	882.27435
811.00726	881.7099
811.01892	880.64532
811.03064	880.61951
811.0423	879.01978
811.05396	879.9881
811.06567	880.43915
811.07733	881.29626
811.08905	880.92633
811.10071	880.16376
811.11243	879.35559
811.12408	880.87207
811.1358	880.52441
811.14746	879.94342
811.15918	880.18915
811.17084	881.70831
811.1825	880.36609
811.19421	882.4765
811.20587	883.75916
811.21759	879.74976
811.22925	883.65771
811.24097	882.53577
811.25262	882.24951
811.26434	882.5849
811.276	885.28314
811.28766	882.57019
811.29938	883.66583
811.31104	884.03009
811.32275	883.2973
811.33441	883.17297
811.34613	884.20746
811.35779	884.59802
811.36951	887.64301
811.38116	884.84814
811.39282	884.84985
811.40454	884.53528
811.4162	883.34448
811.42792	883.24988
811.43958	884.22296
811.45129	886.40753
811.46295	885.80005
811.47467	887.08923
811.48633	887.75677
811.49799	886.69312
811.5097	887.34027
811.52136	885.25098
811.53308	889.31329
811.54474	888.39514
811.55646	887.29224
811.56812	886.12097
811.57983	887.61859
811.59149	887.12
811.60315	888.2843
811.61487	888.43286
811.62653	890.5376
811.63824	887.26013
811.6499	887.83142
811.66162	889.15735
811.67328	889.198
811.685	889.77789
811.69666	890.41168
811.70831	888.40601
811.72003	891.93964
811.73169	891.83032
811.74341	894.24915
811.75507	895.35327
811.76678	893.4906
811.77844	891.19568
811.79016	890.80511
811.80182	890.60748
811.81354	890.05676
811.8252	891.39819
811.83685	892.67456
811.84857	892.51233
811.86023	892.07672
811.87195	891.92334
811.88361	889.99371
811.89532	891.18921
811.90698	891.40686
811.9187	891.10065
811.93036	889.00098
811.94202	892.47064
811.95374	891.74994
811.96539	888.66718
811.97711	889.44379
811.98877	887.6582
812.00049	891.7522
812.01215	888.47424
812.02386	888.27332
812.03552	890.4646
812.04718	890.16583
812.0589	892.05914
812.07056	891.07269
812.08228	890.59186
812.09393	889.43744
812.10565	889.46338
812.11731	890.20258
812.12903	889.15082
812.14069	888.81573
812.15234	888.21704
812.16406	887.92401
812.17572	887.82983
812.18744	886.56433
812.1991	887.10651
812.21082	888.06995
812.22247	888.94983
812.23419	889.27911
812.24585	887.01044
812.25751	887.7583
812.26923	889.1936
812.28088	891.17041
812.2926	888.67389
812.30426	888.41229
812.31598	888.06897
812.32764	887.48401
812.33936	889.35229
812.35101	889.5282
812.36273	889.16504
812.37439	885.15802
812.38605	886.02307
812.39777	883.60956
812.40942	885.42084
812.42114	886.67877
812.4328	884.65326
812.44452	884.0921
812.45618	883.41223
812.4679	885.77417
812.47955	885.96381
812.49121	885.65485
812.50293	885.41663
812.51459	885.07861
812.52631	885.6311
812.53796	885.72894
812.54968	885.07642
812.56134	884.078
812.57306	884.55292
812.58472	885.42236
812.59637	883.18481
812.60809	884.5224
812.61975	882.99121
812.63147	885.58844
812.64313	886.66693
812.65485	886.91278
812.6665	885.05988
812.67822	885.89734
812.68988	887.75385
812.70154	885.47034
812.71326	886.19794
812.72491	883.99146
812.73663	885.08032
812.74829	885.95782
812.76001	884.89862
812.77167	886.34082
812.78339	883.2218
812.79504	883.03827
812.8067	885.07709
812.81842	885.4696
812.83008	883.31445
812.8418	884.7774
812.85345	883.84265
812.86517	885.08435
812.87683	885.42535
812.88855	885.26855
812.90021	883.19873
812.91187	881.48706
812.92358	882.52032
812.93524	883.8512
812.94696	885.12463
812.95862	884.77667
812.97034	883.27789
812.98199	885.32245
812.99371	885.65649
813.00537	885.51343
813.01709	884.82123
813.02875	884.62366
813.04041	883.55371
813.05212	884.34058
813.06378	885.25653
813.0755	885.05383
813.08716	884.34296
813.09888	885.42682
813.11053	884.63947
813.12225	883.02655
813.13391	883.83502
813.14557	884.68463
813.15729	885.02734
813.16895	885.1983
813.18066	882.93213
813.19232	885.20477
813.20404	887.34711
813.2157	887.11023
813.22742	886.34204
813.23907	886.46954
813.25073	886.50818
813.26245	886.79706
813.27411	886.34235
813.28583	885.57788
813.29749	886.06476
813.3092	886.91095
813.32086	887.06561
813.33258	888.31604
813.34424	888.55316
813.3559	887.56635
813.36761	888.53125
813.37927	888.76324
813.39099	886.65424
813.40265	888.93359
813.41437	888.26172
813.42603	888.21143
813.43774	889.2207
813.4494	888.66278
813.46106	889.00116
813.47278	889.76477
813.48444	890.76038
813.49615	892.22797
813.50781	891.17761
813.51953	890.46027
813.53119	890.85852
813.54291	891.00684
813.55457	890.59912
813.56628	890.70203
813.57794	889.69598
813.5896	891.95697
813.60132	893.68884
813.61298	896.27289
813.62469	892.513
813.63635	891.93848
813.64807	894.65015
813.65973	893.10046
813.67145	892.61847
813.68311	893.07178
813.69476	894.70868
813.70648	894.61218
813.71814	894.13525
813.72986	895.70184
813.74152	896.04266
813.75323	898.94324
813.76489	897.43054
813.77661	898.9679
813.78827	898.11108
813.79993	896.66882
813.81165	898.65076
813.8233	898.26794
813.83502	897.58649
813.84668	901.80518
813.8584	903.27307
813.87006	901.96008
813.88177	903.15863
813.89343	903.79102
813.90509	900.94818
813.91681	902.5885
813.92847	905.3175
813.94019	906.2359
813.95184	904.43982
813.96356	905.39777
813.97522	908.60492
813.98694	910.27612
813.9986	910.39905
814.01025	911.74152
814.02197	913.59576
814.03363	912.50079
814.04535	911.7077
814.05701	911.10376
814.06873	914.38379
814.08038	915.28607
814.0921	917.80981
814.10376	919.79553
814.11542	921.17877
814.12714	922.32367
814.13879	920.47668
814.15051	924.87421
814.16217	926.34839
814.17389	924.94574
814.18555	926.06671
814.19727	925.90173
814.20892	926.2876
814.22064	928.98132
814.2323	931.29938
814.24396	932.99652
814.25568	941.07367
814.26733	933.60547
814.27905	930.2077
814.29071	936.18469
814.30243	937.84515
814.31409	938.82245
814.32581	942.98578
814.33746	936.8999
814.34912	935.53027
814.36084	942.96997
814.3725	942.47418
814.38422	941.13715
814.39587	943.46954
814.40759	947.35803
814.41925	953.94562
814.43097	947.28558
814.44263	951.18243
814.45428	948.08752
814.466	951.34375
814.47766	950.23181
814.48938	947.26196
814.50104	950.49738
814.51276	947.53571
814.52441	945.96503
814.53613	946.16278
814.54779	947.33801
814.55945	947.62775
814.57117	948.32037
814.58282	947.85144
814.59454	946.9151
814.6062	944.80127
814.61792	941.789
814.62958	938.27545
814.6413	939.38568
814.65295	943.81335
814.66461	939.57794
814.67633	938.34259
814.68799	937.90094
814.69971	936.85205
814.71136	934.54364
814.72308	936.51807
814.73474	935.98602
814.74646	933.40411
814.75812	933.13525
814.76984	924.80377
814.78149	925.80469
814.79315	926.87738
814.80487	928.03613
814.81653	925.2135
814.82825	923.79718
814.8399	925.84839
814.85162	919.23743
814.86328	918.04126
814.875	920.85895
814.88666	921.58795
814.89832	917.00275
814.91003	917.4527
814.92169	914.55542
814.93341	918.36505
814.94507	917.30981
814.95679	914.11566
814.96844	911.07501
814.98016	914.07941
814.99182	914.74457
815.00348	912.02997
815.0152	910.15503
815.02686	912.95789
815.03857	911.05133
815.05023	908.94421
815.06195	905.98883
815.07361	904.69208
815.08533	906.06689
815.09698	903.58606
815.10864	903.03986
815.12036	901.50092
815.13202	902.33356
815.14374	903.67694
815.1554	900.25
815.16711	900.01672
815.17877	901.9516
815.19049	901.22742
815.20215	898.71942
815.21381	900.25812
815.22552	900.76331
815.23718	897.37671
815.2489	897.39948
815.26056	897.58289
815.27228	898.56207
815.28394	893.38867
815.29565	899.74139
815.30731	897.50793
815.31897	897.37762
815.33069	897.37769
815.34235	895.24445
815.35406	893.60901
815.36572	895.72375
815.37744	894.17206
815.3891	892.75806
815.40082	891.08441
815.41248	892.59595
815.42419	891.5246
815.43585	891.97107
815.44751	891.17328
815.45923	890.64868
815.47089	891.78412
815.4826	892.42651
815.49426	891.62396
815.50598	892.76483
815.51764	892.56018
815.52936	889.61237
815.54102	890.14209
815.55267	888.18726
815.56439	888.927
815.57605	892.27783
815.58777	891.2049
815.59943	887.70929
815.61115	888.41425
815.6228	888.86713
815.63452	886.86584
815.64618	887.66821
815.65784	887.82025
815.66956	887.1933
815.68121	886.93701
815.69293	887.07062
815.70459	885.66693
815.71631	888.56207
815.72797	885.76025
815.73969	885.4364
815.75134	885.47345
815.763	883.67267
815.77472	886.41223
815.78638	886.19397
815.7981	884.75977
815.80975	885.67126
815.82147	883.89313
815.83313	882.57507
815.84485	885.7995
815.85651	883.82745
815.86816	883.1377
815.87988	883.37482
815.89154	882.06567
815.90326	884.06116
815.91492	882.77258
815.92664	883.87018
815.93829	884.67542
815.95001	883.00806
815.96167	883.52924
815.97339	883.47858
815.98505	882.51465
815.9967	882.48132
816.00842	881.61224
816.02008	882.4635
816.0318	883.30847
816.04346	884.15564
816.05518	880.93915
816.06683	879.65839
816.07855	881.06891
816.09021	881.45135
816.10187	881.16534
816.11359	880.94189
816.12524	879.8006
816.13696	881.71179
816.14862	880.41168
816.16034	880.95148
816.172	879.72504
816.18372	878.94342
816.19537	879.23169
816.20703	879.84619
816.21875	878.80011
816.23041	877.88647
816.24213	877.77014
816.25378	877.71704
816.2655	879.09424
816.27716	879.41528
816.28888	879.99927
816.30054	878.69611
816.31219	879.30499
816.32391	878.20544
816.33557	879.91101
816.34729	879.16614
816.35895	878.32593
816.37067	878.02545
816.38232	878.31158
816.39404	879.69312
816.4057	876.90607
816.41736	878.70929
816.42908	878.8111
816.44073	878.30359
816.45245	877.6994
816.46411	878.16437
816.47583	879.63885
816.48749	878.03729
816.49921	877.47589
816.51086	878.23523
816.52252	875.39514
816.53424	879.00745
816.5459	879.35803
816.55762	877.97906
816.56927	876.21246
816.58099	876.80194
816.59265	876.96942
816.60437	878.01593
816.61603	878.55493
816.62775	879.82312
816.6394	878.50281
816.65106	877.59125
816.66278	878.90265
816.67444	877.92346
816.68616	876.48022
816.69781	877.35693
816.70953	877.54187
816.72119	877.53882
816.73291	877.01532
816.74457	877.599
816.75623	877.66498
816.76794	877.7699
816.7796	877.15479
816.79132	876.73566
816.80298	878.09894
816.8147	877.18793
816.82635	876.44177
816.83807	876.03662
816.84973	876.87463
816.86139	876.77802
816.87311	875.78607
816.88477	875.36816
816.89648	877.28711
816.90814	876.23975
816.91986	874.47845
816.93152	876.06781
816.94324	877.75043
816.9549	876.48761
816.96655	876.25464
816.97827	876.61499
816.98993	878.0437
817.00165	874.60645
817.01331	875.64471
817.02502	874.164
817.03668	874.64917
817.0484	876.60968
817.06006	876.51556
817.07172	876.21234
817.08344	874.75262
817.09509	874.82391
817.10681	875.56549
817.11847	875.20044
817.13019	875.10272
817.14185	875.83197
817.15356	876.2666
817.16522	874.8949
817.17694	875.67859
817.1886	876.34436
817.20026	875.82446
817.21198	876.21234
817.22363	875.02985
817.23535	875.9577
817.24701	875.99329
817.25873	873.79749
817.27039	875.24298
817.2821	875.56299
817.29376	875.5174
817.30542	876.55988
817.31714	874.73737
817.3288	874.05182
817.34052	873.97192
817.35217	876.17657
817.36389	874.15027
817.37555	875.51447
817.38727	875.69733
817.39893	875.89362
817.41058	875.80725
817.4223	875.17926
817.43396	873.92767
817.44568	875.31598
817.45734	876.40497
817.46906	876.62537
817.48071	876.10547
817.49243	876.09106
817.50409	875.25421
817.51575	875.56738
817.52747	874.98541
817.53912	875.03345
817.55084	874.52673
817.5625	874.67114
817.57422	876.16559
817.58588	874.71594
817.5976	874.14661
817.60925	875.30127
817.62091	874.59857
817.63263	875.53113
817.64429	876.11823
817.65601	874.45184
817.66766	873.90619
817.67938	874.45892
817.69104	874.9809
817.70276	874.25098
817.71442	873.61438
817.72607	874.14655
817.73779	874.28339
817.74945	874.14551
817.76117	873.82941
817.77283	874.57843
817.78455	874.10345
817.7962	874.41821
817.80792	875.05548
817.81958	875.18561
817.8313	873.91034
817.84296	874.43799
817.85461	876.30054
817.86633	874.46466
817.87799	873.138
817.88971	874.34607
817.90137	874.35693
817.91309	874.24939
817.92474	875.43628
817.93646	875.30347
817.94812	874.84583
817.95978	876.03705
817.9715	875.91125
817.98315	875.59039
817.99487	873.36011
818.00653	875.69214
818.01825	874.81085
818.02991	874.81799
818.04163	876.19696
818.05328	873.96814
818.06494	874.35944
818.07666	873.91583
818.08832	873.83362
818.10004	874.68024
818.11169	875.01221
818.12341	873.91022
818.13507	874.87341
818.14679	874.74921
818.15845	875.57013
818.1701	874.77161
818.18182	874.88501
818.19348	875.67371
818.2052	874.40045
818.21686	874.44141
818.22858	875.64111
818.24023	875.87708
818.25195	875.4776
818.26361	874.61249
818.27527	873.66125
818.28699	873.73877
818.29865	874.39648
818.31036	875.4043
818.32202	874.40289
818.33374	874.08429
818.3454	874.79248
818.35712	875.8606
818.36877	874.41144
818.38049	874.35541
818.39215	876.20868
818.40381	874.93512
818.41553	874.03778
818.42719	875.09058
818.4389	875.81061
818.45056	874.36823
818.46228	872.51196
818.47394	874.01721
818.48566	873.83105
818.49731	874.68695
818.50897	874.77509
818.52069	872.64441
818.53235	873.06378
818.54407	873.88068
818.55573	874.96362
818.56744	874.20618
818.5791	871.49872
818.59082	873.43439
818.60248	874.16333
818.61414	873.49414
818.62585	873.47552
818.63751	874.06012
818.64923	874.82605
818.66089	874.82813
818.67261	874.5368
818.68427	873.90491
818.69598	874.93628
818.70764	874.41858
818.7193	873.56042
818.73102	874.46857
818.74268	874.7608
818.75439	874.76007
818.76605	875.01563
818.77777	874.88983
818.78943	873.85522
818.80115	873.6579
818.81281	872.87708
818.82446	874.79163
818.83618	875.0354
818.84784	874.14862
818.85956	874.30487
818.87122	875.67145
818.88293	873.60608
818.89459	874.83496
818.90631	874.95569
818.91797	874.54364
818.92963	875.25983
818.94135	874.02759
818.953	873.57861
818.96472	873.32104
818.97638	874.87372
818.9881	874.77185
818.99976	873.81195
819.01147	873.94342
819.02313	873.45026
819.03485	874.29218
819.04651	875.33478
819.05817	873.88293
819.06989	874.48657
819.08154	874.45819
819.09326	874.76874
819.10492	875.47058
819.11664	874.69354
819.1283	874.13104
819.14001	873.84357
819.15167	873.02722
819.16333	874.39795
819.17505	874.10834
819.18671	875.63538
819.19843	874.32037
819.21008	873.7334
819.2218	875.99341
819.23346	876.00183
819.24518	874.89465
819.25684	874.64526
819.26849	873.91125
819.28021	874.12518
819.29187	873.84595
819.30359	874.07349
819.31525	873.89709
819.32697	874.72156
819.33862	874.01947
819.35034	873.51019
819.362	873.69611
819.37366	874.38281
819.38538	875.45294
819.39703	876.33655
819.40875	875.27631
819.42041	875.24817
819.43213	874.15753
819.44379	874.30585
819.45551	874.66486
819.46716	873.19525
819.47882	873.29755
819.49054	872.79425
819.5022	874.76416
819.51392	873.9491
819.52557	875.14484
819.53729	875.75842
819.54895	874.7027
819.56067	872.07507
819.57233	873.85724
819.58405	873.84186
819.5957	872.66632
819.60736	874.57715
819.61908	875.43488
819.63074	874.22766
819.64246	873.57727
819.65411	874.45361
819.66583	875.44342
819.67749	875.36829
819.68921	874.67871
819.70087	872.64429
819.71252	874.38232
819.72424	874.95868
819.7359	874.99005
819.74762	875.07581
819.75928	873.05133
819.771	873.4057
819.78265	873.74316
819.79437	873.35962
819.80603	873.70331
819.81769	875.6524
819.82941	875.95874
819.84106	874.55737
819.85278	875.49695
819.86444	873.82648
819.87616	874.30566
819.88782	874.19537
819.89954	874.09924
819.91119	873.57294
819.92285	873.94128
819.93457	874.17395
819.94623	874.83228
819.95795	874.06934
819.9696	874.29913
819.98132	874.10736
819.99298	873.60474
820.0047	874.00348
820.01636	874.68683
820.02802	874.25354
820.03973	873.59644
820.05139	874.1568
820.06311	874.71674
820.07477	876.23718
820.08649	876.64099
820.09814	875.5979
820.10986	873.97314
820.12152	874.25909
820.13318	875.16095
820.1449	874.55933
820.15656	875.74268
820.16827	875.42023
820.17993	874.29608
820.19165	875.0929
820.20331	875.12054
820.21503	873.93488
820.22668	873.06696
820.2384	873.14496
820.25006	873.88501
820.26172	874.56702
820.27344	874.427
820.2851	873.38678
820.29681	874.23895
820.30847	874.104
820.32019	875.25317
820.33185	873.98352
820.34357	873.13129
820.35522	874.21979
820.36688	873.06366
820.3786	873.10388
820.39026	873.69299
820.40198	873.63782
820.41364	873.25195
820.42535	874.63031
820.43701	875.09271
820.44873	873.90613
820.46039	873.71503
820.47205	874.17529
820.48376	874.68976
820.49542	875.35211
820.50714	874.05908
820.5188	873.79633
820.53052	874.01001
820.54218	874.10681
820.55389	874.71521
820.56555	874.33179
820.57721	874.14789
820.58893	873.82178
820.60059	873.83087
820.6123	873.73114
820.62396	874.11426
820.63568	874.05566
820.64734	874.43719
820.65906	874.37384
820.67072	874.38824
820.68237	873.79205
820.69409	874.13873
820.70575	874.18372
820.71747	873.45844
820.72913	873.7074
820.74084	874.00531
820.7525	874.69922
820.76422	873.97833
820.77588	873.8667
820.7876	875.85944
820.79926	874.40985
820.81091	873.80115
820.82263	874.72552
820.83429	873.69403
820.84601	873.57709
820.85767	874.61267
820.86938	873.44641
820.88104	873.18555
820.89276	874.25574
820.90442	873.88538
820.91608	873.90894
820.9278	874.10571
820.93945	874.34033
820.95117	873.34692
820.96283	874.20288
820.97455	875.26306
820.98621	874.59204
820.99792	875.84772
821.00958	874.68445
821.02124	873.8269
821.03296	874.06818
821.04462	875.39349
821.05634	874.42352
821.06799	875.02759
821.07971	873.61511
821.09137	874.8916
821.10309	875.28094
821.11475	875.07251
821.1264	873.57703
821.13812	874.2774
821.14978	871.99139
821.1615	875.70935
821.17316	874.7757
821.18488	874.61566
821.19653	874.62305
821.20825	875.24603
821.21991	874.39685
821.23157	874.50446
821.24329	873.69135
821.25494	875.62476
821.26666	876.40735
821.27832	873.81403
821.29004	876.01971
821.3017	875.0014
821.31342	875.45276
821.32507	874.02142
821.33673	874.18604
821.34845	874.20477
821.36011	874.49457
821.37183	872.27289
821.38348	874.10083
821.3952	873.43671
821.40686	874.73596
821.41858	874.98627
821.43024	874.17242
821.44196	874.63403
821.45361	874.52802
821.46527	876.54724
821.47699	875.03644
821.48865	871.9342
821.50037	872.82715
821.51202	874.51233
821.52374	874.21643
821.5354	874.00995
821.54712	874.02472
821.55878	872.41486
821.57043	873.48914
821.58215	874.43854
821.59381	874.1264
821.60553	874.5426
821.61719	875.35315
821.62891	875.63556
821.64056	873.46265
821.65228	873.9649
821.66394	875.99194
821.6756	875.57336
821.68732	874.09229
821.69897	873.77112
821.71069	872.91919
821.72235	873.31158
821.73407	874.28992
821.74573	874.20624
821.75745	873.5061
821.7691	874.10614
821.78076	873.61035
821.79248	873.53314
821.80414	874.91473
821.81586	874.55969
821.82751	873.60211
821.83923	874.53357
821.85089	873.99261
821.86261	874.21313
821.87427	875.34198
821.88593	874.85815
821.89764	873.22711
821.9093	872.73578
821.92102	873.47815
821.93268	874.41522
821.9444	875.12152
821.95605	875.10858
821.96777	874.85199
821.97943	874.50916
821.99115	874.95001
822.00281	874.47357
822.01447	874.02094
822.02618	874.47394
822.03784	873.2099
822.04956	873.75446
822.06122	876.51306
822.07294	875.54224
822.08459	874.78925
822.09631	874.35455
822.10797	874.68689
822.11963	874.50116
822.13135	874.2522
822.14301	873.66827
822.15472	873.60248
822.16638	874.60211
822.1781	874.93054
822.18976	873.80988
822.20148	874.21912
822.21313	874.41614
822.22479	874.02649
822.23651	875.28961
822.24817	874.81232
822.25989	874.78552
822.27155	875.23993
822.28326	874.0412
822.29492	875.31769
822.30664	874.14117
822.3183	874.15564
822.32996	873.61652
822.34167	873.7381
822.35333	875.09039
822.36505	874.03326
822.37671	874.70929
822.38843	875.22931
822.40009	874.86566
822.4118	875.3573
822.42346	874.97302
822.43512	874.5238
822.44684	874.24756
822.4585	874.78217
822.47021	874.97571
822.48187	873.6156
822.49359	874.85175
822.50525	873.74695
822.51697	874.61804
822.52863	873.74445
822.54028	873.84216
822.552	873.80432
822.56366	873.86652
822.57538	873.41235
822.58704	875.14728
822.59875	874.28156
822.61041	875.33856
822.62213	874.00757
822.63379	875.4256
822.64551	874.86932
822.65717	874.5036
822.66882	874.3761
822.68054	874.08966
822.6922	875.04559
822.70392	873.91248
822.71558	873.33252
822.72729	873.52167
822.73895	872.27087
822.75067	873.20972
822.76233	872.97406
822.77399	872.11206
822.78571	873.13983
822.79736	874.54456
822.80908	872.49207
822.82074	873.41663
822.83246	873.35742
822.84412	873.58228
822.85583	873.45886
822.86749	874.01093
822.87915	874.86353
822.89087	873.16675
822.90253	872.65088
822.91425	873.89081
822.9259	874.39655
822.93762	873.97858
822.94928	874.18579
822.961	875.08521
822.97266	875.52747
822.98431	875.49561
822.99603	875.22943
823.00769	874.8833
823.01941	874.01477
823.03107	875.3645
823.04279	874.59387
823.05444	874.41144
823.06616	874.30865
823.07782	874.49231
823.08948	873.51038
823.1012	874.30676
823.11285	874.06964
823.12457	874.13824
823.13623	874.93573
823.14795	873.71857
823.15961	875.73126
823.17133	873.8078
823.18298	872.79736
823.1947	873.51825
823.20636	874.53949
823.21802	873.83777
823.22974	873.90125
823.24139	874.05951
823.25311	874.82727
823.26477	873.85132
823.27649	873.98468
823.28815	872.1698
823.29987	874.12561
823.31152	873.79425
823.32318	873.39111
823.3349	875.20233
823.34656	875.64185
823.35828	873.8255
823.36993	874.00189
823.38165	874.95184
823.39331	874.02899
823.40503	873.58612
823.41669	873.30432
823.42834	874.33502
823.44006	873.79443
823.45172	874.89966
823.46344	874.37585
823.4751	873.96228
823.48682	874.29889
823.49847	874.57019
823.51019	873.58374
823.52185	874.09119
823.53351	874.71802
823.54523	874.83698
823.55688	872.91742
823.5686	873.41235
823.58026	874.41815
823.59198	873.72974
823.60364	873.68024
823.61536	874.2912
823.62701	872.79901
823.63867	873.7865
823.65039	873.64343
823.66205	873.21954
823.67377	873.97839
823.68542	874.84564
823.69714	875.24054
823.7088	874.22986
823.72052	873.58032
823.73218	872.78784
823.74384	873.55457
823.75555	873.60199
823.76721	873.6286
823.77893	873.47247
823.79059	874.7226
823.80231	874.40363
823.81396	872.34119
823.82568	873.75287
823.83734	874.79547
823.84906	875.07642
823.86072	873.90021
823.87238	873.604
823.88409	874.02136
823.89575	873.85687
823.90747	874.21008
823.91913	874.33386
823.93085	874.86664
823.9425	873.18158
823.95422	873.41772
823.96588	873.57709
823.97754	872.94342
823.98926	874.10181
824.00092	874.38983
824.01263	873.22528
824.02429	873.66504
824.03601	872.82953
824.04767	872.36945
824.05939	875.70349
824.07104	873.90131
824.0827	872.75653
824.09442	873.31927
824.10608	874.10089
824.1178	873.38623
824.12946	873.83887
824.14117	871.42401
824.15283	872.39301
824.16455	873.57074
824.17621	874.26666
824.18787	874.11316
824.19958	873.14899
824.21124	875.27759
824.22296	873.24829
824.23462	872.83887
824.24634	874.05225
824.258	874.40533
824.26971	872.8255
824.28137	873.22198
824.29303	873.59076
824.30475	874.42389
824.31641	873.15869
824.32813	872.73407
824.33978	874.49628
824.3515	875.36743
824.36316	871.98676
824.37488	873.73987
824.38654	874.24591
824.39825	874.13171
824.40991	872.3609
824.42157	873.73163
824.43329	875.58398
824.44495	874.24579
824.45667	871.82416
824.46832	872.57819
824.48004	873.22137
824.4917	874.65417
824.50342	875.5202
824.51508	875.72314
824.52673	876.93549
824.53845	874.34283
824.55011	873.22186
824.56183	871.81696
824.57349	872.9892
824.58521	874.20703
824.59686	873.81635
824.60858	874.63361
824.62024	874.15936
824.6319	873.09204
824.64362	874.8775
824.65527	875.33215
824.66699	873.08057
824.67865	873.80286
824.69037	874.44745
824.70203	873.67694
824.71375	873.99579
824.7254	875.88922
824.73706	874.32275
824.74878	874.73669
824.76044	874.47382
824.77216	874.94135
824.78381	873.68896
824.79553	873.65094
824.80719	875.41656
824.81891	873.09387
824.83057	874.68146
824.84222	874.39349
824.85394	875.03186
824.8656	874.89636
824.87732	871.43298
824.88898	872.6123
824.9007	873.31525
824.91235	873.43463
824.92407	873.11768
824.93573	873.91351
824.94739	874.14612
824.95911	874.14874
824.97076	872.89471
824.98248	873.67645
824.99414	873.80554
825.00586	874.55206
825.01752	874.43109
825.02924	873.71759
825.04089	873.52795
825.05261	874.34039
825.06427	875.39917
825.07593	873.23975
825.08765	874.25427
825.0993	873.90967
825.11102	874.14789
825.12268	872.64313
825.1344	873.55042
825.14606	873.80182
825.15778	873.21881
825.16943	874.00464
825.18109	873.88501
825.19281	873.79907
825.20447	874.43207
825.21619	873.45422
825.22784	873.05188
825.23956	874.14941
825.25122	873.24695
825.26294	874.77942
825.2746	874.93689
825.28625	873.2146
825.29797	872.63275
825.30963	873.19611
825.32135	874.4248
825.33301	873.61237
825.34473	874.97961
825.35638	873.92761
825.3681	874.16699
825.37976	874.2915
825.39142	874.58966
825.40314	874.14636
825.41479	874.83514
825.42651	874.04529
825.43817	873.14856
825.44989	874.31409
825.46155	874.17712
825.47327	874.17224
825.48492	873.78296
825.49658	872.85876
825.5083	874.40369
825.51996	874.12793
825.53168	874.35284
825.54333	874.05103
825.55505	874.33594
825.56671	872.20233
825.57843	874.6001
825.59009	873.62854
825.60175	874.11182
825.61346	874.01965
825.62512	872.05505
825.63684	873.75958
825.6485	873.11768
825.66022	872.91656
825.67188	871.99762
825.68359	873.81036
825.69525	873.55432
825.70697	872.86896
825.71863	874.42615
825.73029	874.45978
825.742	873.74738
825.75366	872.33868
825.76538	872.60022
825.77704	873.3963
825.78876	875.21838
825.80042	873.29028
825.81213	874.47675
825.82379	874.36969
825.83545	875.02008
825.84717	873.74988
825.85883	873.53918
825.87054	874.89288
825.8822	873.57269
825.89392	873.12555
825.90558	875.94781
825.9173	874.22333
825.92896	874.10474
825.94061	872.53278
825.95233	872.25464
825.96399	874.20483
825.97571	874.82159
825.98737	875.47754
825.99908	873.91077
826.01074	872.43854
826.02246	874.14484
826.03412	873.54248
826.04578	875.05243
826.0575	873.69159
826.06915	875.73285
826.08087	875.32892
826.09253	874.80347
826.10425	872.91083
826.11591	873.59106
826.12762	874.5907
826.13928	873.36078
826.15094	874.85107
826.16266	873.59442
826.17432	874.55853
826.18604	873.25293
826.19769	875.12329
826.20941	873.60272
826.22107	874.34375
826.23279	874.27209
826.24445	873.57471
826.25616	872.55487
826.26782	872.40845
826.27948	873.05048
826.2912	874.091
826.30286	873.33386
826.31458	872.72479
826.32623	873.39838
826.33795	874.52795
826.34961	874.63068
826.36133	874.00183
826.37299	873.21155
826.38464	872.97168
826.39636	873.55615
826.40802	874.12329
826.41974	874.39404
826.4314	874.91412
826.44312	875.07813
826.45477	874.94824
826.46649	875.02252
826.47815	874.4978
826.48981	874.11511
826.50153	874.87598
826.51318	873.9342
826.5249	873.36383
826.53656	873.52875
826.54828	874.39789
826.55994	874.83966
826.57166	874.2406
826.58331	874.15106
826.59497	874.75488
826.60669	873.90692
826.61835	872.43011
826.63007	872.58557
826.64172	873.08887
826.65344	872.94324
826.6651	873.25714
826.67682	872.87445
826.68848	873.89026
826.70013	874.3736
826.71185	873.40405
826.72351	873.40106
826.73523	875.21484
826.74689	875.245
826.75861	873.45288
826.77026	874.0296
826.78198	874.14258
826.79364	872.57477
826.8053	871.94788
826.81702	873.41058
826.82867	872.56482
826.84039	872.89203
826.85205	873.40948
826.86377	873.39764
826.87543	872.96417
826.88715	872.37775
826.8988	873.95697
826.91052	874.18011
826.92218	873.1394
826.93384	874.64075
826.94556	873.35455
826.95721	873.81659
826.96893	874.32458
826.98059	873.8006
826.99231	873.86603
827.00397	873.11218
827.01569	872.82465
827.02734	872.68799
827.039	873.61041
827.05072	873.23718
827.06238	873.67401
827.0741	873.54254
827.08575	874.3399
827.09747	873.19897
827.10913	872.96143
827.12085	873.55469
827.13251	872.37012
827.14417	872.98022
827.15588	873.44153
827.16754	874.09558
827.17926	873.00848
827.19092	874.34698
827.20264	875.151
827.21429	873.20239
827.22601	874.15363
827.23767	875.75995
827.24933	872.92853
827.26105	873.20038
827.27271	874.30188
827.28442	875.02423
827.29608	873.78912
827.3078	874.23077
827.31946	874.54272
827.33118	873.94122
827.34283	873.22626
827.35449	875.17322
827.36621	874.50439
827.37787	874.23395
827.38959	872.67767
827.40125	872.4624
827.41296	874.09027
827.42462	873.33539
827.43634	873.32715
827.448	872.91388
827.45972	873.27661
827.47137	872.44543
827.48303	874.10999
827.49475	873.90399
827.50641	874.64026
827.51813	874.04095
827.52979	871.66559
827.5415	871.52344
827.55316	871.72748
827.56488	874.73425
827.57654	874.18097
827.5882	873.67664
827.59991	873.84863
827.61157	874.14294
827.62329	875.49469
827.63495	872.4176
827.64667	874.34308
827.65833	873.3371
827.67004	874.61035
827.6817	872.12372
827.69336	872.66626
827.70508	873.54462
827.71674	873.81128
827.72845	872.36389
827.74011	873.8147
827.75183	873.50989
827.76349	873.25146
827.77521	873.15399
827.78687	873.13336
827.79852	874.18628
827.81024	873.57947
827.8219	873.15869
827.83362	873.77344
827.84528	872.29761
827.85699	873.58691
827.86865	873.89203
827.88037	874.75842
827.89203	872.0437
827.90369	873.42334
827.91541	873.578
827.92706	873.48718
827.93878	874.00385
827.95044	873.26691
827.96216	874.2926
827.97382	874.74371
827.98553	874.49188
827.99719	874.36707
828.00885	872.98181
828.02057	872.39752
828.03223	874.05548
828.04395	874.1134
828.0556	873.20471
828.06732	872.48181
828.07898	873.97278
828.0907	874.02252
828.10236	873.59595
828.11407	873.27277
828.12573	873.05713
828.13739	871.85596
828.14911	872.23975
828.16077	873.18872
828.17249	874.46155
828.18414	873.55957
828.19586	873.51996
828.20752	874.82574
828.21924	873.24695
828.2309	874.1759
828.24255	875.26923
828.25427	873.66766
828.26593	872.72382
828.27765	872.8194
828.28931	873.6604
828.30103	873.5293
828.31268	872.9234
828.3244	873.80859
828.33606	873.60382
828.34772	873.78363
828.35944	873.17023
828.37109	873.95032
828.38281	875.66321
828.39447	874.93951
828.40619	874.4632
828.41785	874.12653
828.42957	873.64612
828.44122	874.13751
828.45288	874.74219
828.4646	875.12378
828.47626	874.5708
828.48798	873.97772
828.49963	873.93823
828.51135	873.85205
828.52301	874.10913
828.53473	874.3017
828.54639	874.47882
828.55804	872.94519
828.56976	874.03528
828.58142	874.92725
828.59314	874.39258
828.6048	874.02582
828.61652	873.66833
828.62817	874.41101
828.63989	873.96991
828.65155	873.98022
828.66327	874.14172
828.67493	874.03186
828.68658	874.79053
828.6983	874.50354
828.70996	874.06195
828.72168	874.6601
828.73334	874.81769
828.74506	874.28577
828.75671	874.69073
828.76843	875.01428
828.78009	875.27716
828.79175	874.47693
828.80347	873.41193
828.81512	873.18787
828.82684	874.1322
828.8385	874.6778
828.85022	874.01105
828.86188	874.93866
828.8736	872.84479
828.88525	873.74493
828.89691	874.44348
828.90863	872.95233
828.92029	873.75824
828.93201	874.9671
828.94366	873.84247
828.95538	874.47357
828.96704	873.28558
828.97876	874.13947
828.99042	874.4881
829.00208	873.91284
829.01379	873.70813
829.02545	875.90771
829.03717	875.83575
829.04883	873.97394
829.06055	874.93762
829.0722	875.78265
829.08392	874.48254
829.09558	873.20184
829.10724	874.11517
829.11896	874.35413
829.13062	873.6792
829.14233	875.56891
829.15399	873.91309
829.16571	872.48364
829.17737	875.09393
829.18909	873.59674
829.20074	873.47247
829.2124	874.69568
829.22412	874.3866
829.23578	873.91272
829.2475	873.2561
829.25916	874.44843
829.27087	873.67987
829.28253	873.90997
829.29425	874.16266
829.30591	873.82648
829.31763	873.45435
829.32928	876.08704
829.34094	874.39899
829.35266	874.25836
829.36432	874.33093
829.37604	873.01483
829.3877	873.58032
829.39941	873.72296
829.41107	873.17413
829.42279	874.53766
829.43445	875.22339
829.44611	877.0791
829.45782	876.07813
829.46948	874.31122
829.4812	875.44867
829.49286	873.83624
829.50458	874.32599
829.51624	874.59735
829.52795	873.89044
829.53961	874.57068
829.55127	873.73633
829.56299	875.02264
829.57465	874.18225
829.58636	872.81567
829.59802	872.35095
829.60974	873.43286
829.6214	873.72388
829.63312	872.51471
829.64478	876.32843
829.65643	874.89905
829.66815	872.52173
829.67981	874.90344
829.69153	875.021
829.70319	874.45325
829.7149	873.21008
829.72656	875.63489
829.73828	874.60297
829.74994	874.70581
829.7616	874.22528
829.77332	875.52014
829.78497	874.30511
829.79669	874.27814
829.80835	873.75024
829.82007	874.28558
829.83173	875.27338
829.84344	873.48395
829.8551	873.34943
829.86682	875.23938
829.87848	874.94775
829.89014	873.37799
829.90186	872.68115
829.91351	873.62982
829.92523	874.90436
829.93689	874.82971
829.94861	875.5885
829.96027	874.80774
829.97198	875.67773
829.98364	874.62042
829.9953	874.62628
830.00702	875.70367
830.01868	875.61017
830.0304	876.32233
830.04205	874.76038
830.05377	875.80725
830.06543	875.14203
830.07715	875.22449
830.08881	874.74353
830.10046	875.06158
830.11218	875.67413
830.12384	875.9361
830.13556	874.47888
830.14722	874.73407
830.15894	874.69611
830.17059	873.47229
830.18231	874.16681
830.19397	873.46143
830.20563	872.73499
830.21735	874.41656
830.229	875.39075
830.24072	874.61902
830.25238	875.51514
830.2641	875.37805
830.27576	874.83173
830.28748	874.3573
830.29913	873.94043
830.31079	874.46228
830.32251	873.41241
830.33417	874.76471
830.34589	875.40857
830.35754	876.18878
830.36926	874.65875
830.38092	873.62958
830.39264	873.24817
830.4043	873.5285
830.41595	873.14801
830.42767	874.47034
830.43933	875.45642
830.45105	873.40564
830.46271	875.19189
830.47443	874.40643
830.48608	874.29657
830.4978	874.18933
830.50946	873.51373
830.52118	874.75098
830.53284	874.72601
830.54449	874.39301
830.55621	874.55603
830.56787	874.37463
830.57959	874.58795
830.59125	874.18134
830.60297	873.59521
830.61462	874.50879
830.62634	875.16064
830.638	873.26624
830.64966	874.70813
830.66138	874.71533
830.67303	874.21265
830.68475	874.62427
830.69641	875.80945
830.70813	874.36566
830.71979	874.29364
830.73151	875.82867
830.74316	875.82544
830.75482	874.96588
830.76654	873.51312
830.7782	873.64203
830.78992	876.56232
830.80157	874.7757
830.81329	875.55829
830.82495	875.22626
830.83667	873.80115
830.84833	874.61786
830.85999	874.26514
830.8717	874.28815
830.88336	874.15448
830.89508	876.06451
830.90674	874.68231
830.91846	874.09644
830.93011	874.61157
830.94183	874.33942
830.95349	874.4397
830.96515	875.05713
830.97687	875.14111
830.98853	875.02197
831.00024	874.25555
831.0119	873.65381
831.02362	875.06317
831.03528	875.6452
831.047	874.77429
831.05865	874.52197
831.07037	874.21893
831.08203	874.51782
831.09369	874.34509
831.10541	874.05225
831.11707	875.77045
831.12878	875.02203
831.14044	874.19531
831.15216	874.83685
831.16382	875.07178
831.17554	875.62268
831.18719	875.27039
831.19885	875.27594
831.21057	875.11328
831.22223	875.00012
831.23395	876.28833
831.24561	874.51855
831.25732	875.38208
831.26898	875.68658
831.2807	877.24957
831.29236	873.67273
831.30402	874.36926
831.31573	875.03436
831.32739	875.08368
831.33911	875.27271
831.35077	875.18286
831.36249	876.18182
831.37415	874.40393
831.38586	874.75592
831.39752	876.45801
831.40918	876.19849
831.4209	875.59442
831.43256	874.65332
831.44427	876.65131
831.45593	874.14508
831.46765	875.62585
831.47931	875.37305
831.49103	874.36157
831.50269	874.85504
831.51434	874.39728
831.52606	874.26654
831.53772	876.57727
831.54944	875.15363
831.5611	874.5119
831.57281	874.97998
831.58447	875.41516
831.59619	875.27228
831.60785	876.57007
831.61951	876.53265
831.63123	874.78467
831.64288	874.09363
831.6546	874.42334
831.66626	874.25989
831.67798	875.74896
831.68964	874.66858
831.70135	876.36304
831.71301	875.86395
831.72473	875.60541
831.73639	875.44421
831.74805	875.68921
831.75977	874.94275
831.77142	876.0144
831.78314	875.47955
831.7948	875.65002
831.80652	877.13574
831.81818	876.4964
831.8299	875.57092
831.84155	875.69354
831.85321	875.01575
831.86493	874.76569
831.87659	875.53186
831.88831	875.48981
831.89996	876.07996
831.91168	876.19214
831.92334	875.52838
831.93506	873.52905
831.94672	873.97534
831.95837	874.29132
831.97009	874.9259
831.98175	877.00031
831.99347	875.7876
832.00513	875.00281
832.01685	875.71332
832.0285	876.13287
832.04022	876.03369
832.05188	874.72827
832.06354	875.85095
832.07526	876.19867
832.08691	876.80328
832.09863	875.45239
832.11029	875.27368
832.12201	875.46472
832.13367	876.36328
832.14539	874.92682
832.15704	876.30078
832.1687	876.60962
832.18042	874.6391
832.19208	875.34467
832.2038	874.28369
832.21545	876.27789
832.22717	876.91138
832.23883	877.25879
832.25055	874.00714
832.26221	875.29486
832.27393	875.78235
832.28558	876.71436
832.29724	876.30212
832.30896	875.75519
832.32062	877.33545
832.33234	876.69299
832.34399	876.43402
832.35571	877.6803
832.36737	877.79663
832.37909	875.7583
832.39075	875.31317
832.4024	876.05042
832.41412	874.99915
832.42578	876.08588
832.4375	876.33545
832.44916	875.26147
832.46088	874.16046
832.47253	875.63531
832.48425	875.86096
832.49591	877.414
832.50757	874.27716
832.51929	876.06549
832.53094	874.87537
832.54266	875.76379
832.55432	876.091
832.56604	875.30048
832.5777	876.48328
832.58942	875.85492
832.60107	875.10876
832.61273	877.03235
832.62445	877.05127
832.63611	876.41162
832.64783	877.20593
832.65948	877.61865
832.6712	875.4082
832.68286	876.77814
832.69458	876.13934
832.70624	877.18744
832.7179	875.82172
832.72961	876.21252
832.74127	876.39081
832.75299	876.5166
832.76465	876.83356
832.77637	876.42462
832.78802	875.21606
832.79974	875.68036
832.8114	876.03455
832.82306	876.24451
832.83478	877.12543
832.84644	878.07928
832.85815	876.42554
832.86981	875.82098
832.88153	876.19995
832.89319	875.74805
832.90491	874.12927
832.91656	875.52344
832.92828	876.888
832.93994	876.60406
832.9516	876.78137
832.96332	875.88098
832.97498	875.65369
832.98669	876.5965
832.99835	875.9743
833.01007	875.99957
833.02173	876.86481
833.03345	877.38019
833.0451	876.66241
833.05676	875.10388
833.06848	876.61646
833.08014	876.36682
833.09186	877.4137
833.10352	877.36542
833.11523	876.09503
833.12689	875.89771
833.13861	877.71082
833.15027	875.03394
833.16193	877.38934
833.17365	876.9585
833.1853	877.19629
833.19702	877.18689
833.20868	875.99634
833.2204	877.15326
833.23206	877.19452
833.24377	878.1391
833.25543	878.09027
833.26709	877.04828
833.27881	874.95612
833.29047	876.30511
833.30219	875.41412
833.31384	876.4469
833.32556	875.98022
833.33722	875.61987
833.34894	876.78168
833.3606	877.50031
833.37225	876.67407
833.38397	876.47052
833.39563	876.526
833.40735	876.67316
833.41901	877.25934
833.43073	876.30255
833.44238	875.22046
833.4541	877.38489
833.46576	877.26251
833.47748	876.95178
833.48914	875.69263
833.50079	876.11285
833.51251	875.98865
833.52417	876.62598
833.53589	875.47485
833.54755	876.70398
833.55927	878.02289
833.57092	877.33771
833.58264	876.6637
833.5943	876.99506
833.60596	876.68005
833.61768	876.31976
833.62933	876.29742
833.64105	877.36743
833.65271	876.66394
833.66443	876.19464
833.67609	877.27808
833.68781	875.52698
833.69946	875.57715
833.71112	876.17059
833.72284	874.97424
833.7345	876.80255
833.74622	876.41461
833.75787	876.76636
833.76959	877.22803
833.78125	876.67334
833.79297	877.15503
833.80463	876.70996
833.81628	875.99316
833.828	875.76648
833.83966	875.27087
833.85138	877.25018
833.86304	876.37811
833.87476	876.73071
833.88641	877.84253
833.89813	877.67816
833.90979	875.57599
833.92145	876.52185
833.93317	876.42712
833.94482	876.72241
833.95654	876.61163
833.9682	876.28033
833.97992	875.29034
833.99158	875.93921
834.0033	877.61292
834.01495	876.18903
834.02661	877.17322
834.03833	876.61926
834.04999	876.24622
834.06171	875.01086
834.07336	875.5824
834.08508	877.14935
834.09674	875.37488
834.10846	876.92731
834.12012	876.87897
834.13184	876.09863
834.14349	876.52051
834.15515	875.23364
834.16687	875.66992
834.17853	876.6759
834.19025	876.37207
834.2019	875.43585
834.21362	876.1886
834.22528	876.67969
834.237	876.64429
834.24866	876.1582
834.26031	876.55756
834.27203	875.95905
834.28369	876.27637
834.29541	876.56885
834.30707	875.59705
834.31879	876.12909
834.33044	876.07745
834.34216	875.65448
834.35382	877.53015
834.36548	876.35107
834.3772	876.20624
834.38885	877.15466
834.40057	876.20563
834.41223	875.99292
834.42395	876.23077
834.43561	875.99799
834.44733	876.46027
834.45898	876.36853
834.47064	877.23297
834.48236	875.50385
834.49402	876.92657
834.50574	876.6875
834.5174	876.39844
834.52911	877.18512
834.54077	876.10883
834.55249	875.5722
834.56415	875.35358
834.57581	875.00043
834.58752	875.98505
834.59918	875.35229
834.6109	875.24774
834.62256	876.59186
834.63428	875.48181
834.64594	875.86096
834.65765	876.26886
834.66931	876.48364
834.68103	876.93817
834.69269	877.32617
834.70435	877.13141
834.71606	875.45685
834.72772	876.34363
834.73944	876.80957
834.7511	876.36823
834.76282	876.2041
834.77448	876.96564
834.78619	876.30695
834.79785	876.62933
834.80951	876.12738
834.82123	876.79138
834.83289	875.72174
834.8446	876.21027
834.85626	875.46265
834.86798	876.21924
834.87964	876.41608
834.89136	878.06348
834.90302	876.46338
834.91467	876.19537
834.92639	877.51819
834.93805	876.26056
834.94977	875.69934
834.96143	873.8222
834.97314	875.50159
834.9848	877.50482
834.99652	876.45007
835.00818	875.88715
835.01984	875.9574
835.03156	876.55426
835.04321	876.31317
835.05493	876.81006
835.06659	877.13788
835.07831	876.81854
835.08997	876.72797
835.10168	875.65778
835.11334	876.74341
835.125	875.49054
835.13672	875.29108
835.14838	876.36469
835.1601	877.18268
835.17175	876.63611
835.18347	876.03149
835.19513	876.7879
835.20685	877.27509
835.21851	876.85834
835.23016	875.84332
835.24188	876.13086
835.25354	876.58972
835.26526	877.28162
835.27692	877.01331
835.28864	877.04761
835.30029	876.19257
835.31201	875.97467
835.32367	875.26886
835.33539	875.48932
835.34705	877.10236
835.3587	877.47522
835.37042	874.53143
835.38208	874.40082
835.3938	876.49896
835.40546	876.39294
835.41718	875.48798
835.42883	877.11664
835.44055	877.93597
835.45221	876.77667
835.46387	875.98022
835.47559	876.01495
835.48724	875.2179
835.49896	874.51105
835.51062	875.87537
835.52234	872.92084
835.534	876.21942
835.54572	875.42694
835.55737	875.84375
835.56903	874.10516
835.58075	875.56165
835.59241	875.61847
835.60413	876.8819
835.61578	876.57953
835.6275	874.7298
835.63916	876.2735
835.65088	875.67578
835.66254	875.94873
835.67419	874.39014
835.68591	875.60681
835.69757	875.36084
835.70929	875.38837
835.72095	875.73163
835.73267	876.64746
835.74432	875.82874
835.75604	877.31018
835.7677	876.96185
835.77936	876.04602
835.79108	877.37573
835.80273	875.89105
835.81445	875.70367
835.82611	876.50427
835.83783	877.08447
835.84949	877.40936
835.86121	876.26355
835.87286	875.94531
835.88458	876.20477
835.89624	876.09265
835.9079	875.53351
835.91962	876.45715
835.93127	876.75153
835.94299	876.49469
835.95465	874.58649
835.96637	875.09509
835.97803	875.87805
835.98975	875.94275
836.0014	875.44629
836.01306	876.14618
836.02478	874.60132
836.03644	876.6618
836.04816	877.13062
836.05981	876.84033
836.07153	875.41101
836.08319	875.18091
836.09491	874.47833
836.10657	875.93976
836.11823	875.93066
836.12994	875.66913
836.1416	875.06396
836.15332	875.37848
836.16498	875.64319
836.1767	874.00562
836.18835	874.57153
836.20007	875.60272
836.21173	875.8866
836.22339	875.50653
836.23511	874.87
836.24677	874.91638
836.25848	874.50598
836.27014	875.53192
836.28186	875.80023
836.29352	874.75867
836.30524	874.8736
836.31689	875.39215
836.32855	876.49091
836.34027	875.11359
836.35193	874.51593
836.36365	874.42059
836.37531	875.06293
836.38702	875.77423
836.39868	875.35388
836.4104	876.98541
836.42206	876.12885
836.43372	875.47986
836.44543	874.70984
836.45709	875.57233
836.46881	876.15753
836.48047	875.62378
836.49219	876.68915
836.50385	875.83649
836.51556	876.4256
836.52722	875.29218
836.53894	874.84692
836.5506	875.37073
836.56226	877.00659
836.57397	875.34119
836.58563	875.55566
836.59735	875.68842
836.60901	874.83844
836.62073	875.94818
836.63239	874.99646
836.6441	875.35297
836.65576	875.02625
836.66742	874.95117
836.67914	874.95679
836.6908	874.76587
836.70251	875.10004
836.71417	874.43719
836.72589	874.82239
836.73755	875.95886
836.74927	875.54871
836.76093	875.57916
836.77258	874.38757
836.7843	875.00647
836.79596	875.51367
836.80768	875.37701
836.81934	874.34589
836.83105	875.02625
836.84271	874.23456
836.85443	874.74603
836.86609	873.42767
836.87775	874.48083
836.88947	875.4057
836.90112	874.87024
836.91284	875.64484
836.9245	876.35608
836.93622	875.08984
836.94788	873.7475
836.95959	874.9516
836.97125	876.83649
836.98291	875.26941
836.99463	875.76257
837.00629	875.69446
837.01801	874.50806
837.02966	875.94733
837.04138	873.18427
837.05304	873.59247
837.06476	876.0816
837.07642	876.22162
837.08813	875.45538
837.09979	874.93854
837.11145	874.11389
837.12317	874.04663
837.13483	874.43231
837.14655	875.22137
837.1582	875.46088
837.16992	873.05957
837.18158	875.06921
837.1933	876.64392
837.20496	875.25531
837.21661	874.38904
837.22833	874.47675
837.23999	875.17444
837.25171	874.39514
837.26337	874.9649
837.27509	874.0697
837.28674	874.63269
837.29846	874.68817
837.31012	873.28186
837.32178	873.73621
837.3335	874.09106
837.34515	873.7951
837.35687	873.65887
837.36853	875.15356
837.38025	874.89423
837.39191	875.29614
837.40363	875.25873
837.41528	875.02197
837.42694	874.55731
837.43866	874.33032
837.45032	873.44452
837.46204	874.2937
837.47369	875.64966
837.48541	874.70947
837.49707	875.28925
837.50879	875.15106
837.52045	874.98279
837.5321	874.64459
837.54382	875.20435
837.55548	875.52185
837.5672	876.82007
837.57886	874.26318
837.59058	876.10297
837.60223	875.18964
837.61395	873.81458
837.62561	873.6424
837.63727	872.909
837.64899	874.58344
837.66064	874.49158
837.67236	874.28949
837.68402	873.80579
837.69574	875.40137
837.7074	874.43939
837.71912	873.02264
837.73077	874.3703
837.74249	874.28497
837.75415	874.7757
837.76581	874.5047
837.77753	874.73975
837.78918	873.1236
837.8009	874.05627
837.81256	874.81921
837.82428	874.89197
837.83594	874.13751
837.84766	875.05072
837.85931	874.74133
837.87097	875.39136
837.88269	875.37653
837.89435	874.51984
837.90607	875.60736
837.91772	874.39917
837.92944	874.75562
837.9411	874.9317
837.95282	874.75592
837.96448	875.79779
837.97614	875.38977
837.98785	874.55096
837.99951	874.80298
838.01123	874.92401
838.02289	874.82007
838.03461	875.8736
838.04626	875.60223
838.05798	875.69623
838.06964	875.245
838.0813	874.11584
838.09302	874.31665
838.10468	875.16846
838.11639	875.94067
838.12805	873.62579
838.13977	874.38385
838.15143	875.75714
838.16315	875.14001
838.1748	872.84009
838.18646	874.75769
838.19818	873.94019
838.20984	874.3974
838.22156	873.96179
838.23322	873.27777
838.24493	873.31598
838.25659	873.53833
838.26831	873.7782
838.27997	874.31
838.29169	874.38318
838.30334	873.29596
838.315	873.2522
838.32672	873.11053
838.33838	872.96167
838.3501	873.79761
838.36176	873.8609
838.37347	873.83966
838.38513	873.6167
838.39685	873.90643
838.40851	874.13696
838.42017	874.26056
838.43188	873.80658
838.44354	873.26697
838.45526	873.46332
838.46692	873.48889
838.47864	872.71545
838.4903	873.47223
838.50201	873.16559
838.51367	875.55853
838.52533	873.93463
838.53705	874.19446
838.54871	874.29199
838.56042	872.77625
838.57208	872.948
838.5838	873.57343
838.59546	874.95575
838.60718	873.92828
838.61884	875.16223
838.63049	874.74658
838.64221	873.88275
838.65387	873.78528
838.66559	873.58356
838.67725	874.35425
838.68896	873.70001
838.70062	873.36462
838.71234	874.83154
838.724	873.60565
838.73566	873.24316
838.74738	874.34546
838.75903	873.57568
838.77075	873.43011
838.78241	873.95251
838.79413	872.70111
838.80579	872.79663
838.8175	873.80249
838.82916	873.86011
838.84082	872.88171
838.85254	872.52704
838.8642	873.35645
838.87592	872.68152
838.88757	872.41107
838.89929	872.8244
838.91095	873.88153
838.92267	875.33282
838.93433	872.66571
838.94604	872.41272
838.9577	873.85669
838.96936	873.84717
838.98108	873.78809
838.99274	873.85022
839.00446	873.29138
839.01611	874.1601
839.02783	874.21863
839.03949	873.83575
839.05121	873.54626
839.06287	873.57202
839.07452	874.05151
839.08624	872.76385
839.0979	872.39911
839.10962	874.34161
839.12128	873.74493
839.133	873.35846
839.14465	874.19879
839.15637	874.31293
839.16803	873.74573
839.17969	874.03497
839.19141	873.17352
839.20306	873.57196
839.21478	873.71045
839.22644	874.33423
839.23816	873.86621
839.24982	873.06842
839.26154	874.22241
839.27319	871.47815
839.28485	873.44604
839.29657	873.31958
839.30823	873.73999
839.31995	873.46692
839.3316	873.40131
839.34332	873.7428
839.35498	874.2843
839.3667	874.01257
839.37836	874.42847
839.39001	873.08844
839.40173	873.41467
839.41339	874.16693
839.42511	873.99579
839.43677	873.98663
839.44849	874.66705
839.46014	873.0769
839.47186	873.53735
839.48352	874.05237
839.49524	873.32794
839.5069	873.29126
839.51855	873.67206
839.53027	873.6073
839.54193	872.98724
839.55365	872.19281
839.56531	873.23425
839.57703	874.68018
839.58868	874.04474
839.6004	874.51794
839.61206	872.98694
839.62372	873.36676
839.63544	872.71497
839.64709	873.11182
839.65881	874.05756
839.67047	874.28455
839.68219	874.43225
839.69385	872.05841
839.70557	871.55658
839.71722	873.13763
839.72888	875.36224
839.7406	874.19507
839.75226	873.91595
839.76398	873.12988
839.77563	873.41492
839.78735	873.65973
839.79901	874.23926
839.81073	873.02539
839.82239	872.63251
839.83405	873.6806
839.84576	873.30536
839.85742	872.27264
839.86914	873.38599
839.8808	872.89136
839.89252	873.83875
839.90417	873.70544
839.91589	874.25836
839.92755	872.64514
839.93921	873.52972
839.95093	873.93585
839.96259	873.50549
839.9743	873.78082
839.98596	872.56366
839.99768	873.7132
840.00934	873.94849
840.02106	874.60138
840.03271	872.61145
840.04437	873.54156
840.05609	874.53082
840.06775	874.85315
840.07947	872.49127
840.09113	873.06744
840.10284	873.48071
840.1145	873.14532
840.12622	872.31409
840.13788	875.06866
840.1496	874.05988
840.16125	872.44299
840.17291	873.87769
840.18463	872.29767
840.19629	873.45001
840.20801	872.80042
840.21967	873.88898
840.23138	873.8371
840.24304	873.7326
840.25476	874.43719
840.26642	873.427
840.27808	873.54816
840.28979	872.24829
840.30145	872.8894
840.31317	873.10638
840.32483	872.69373
840.33655	873.16278
840.34821	874.72772
840.35992	873.82159
840.37158	873.50885
840.38324	873.54114
840.39496	874.28479
840.40662	873.8587
840.41833	873.90833
840.42999	874.5528
840.44171	873.8493
840.45337	873.55237
840.46509	874.5249
840.47675	873.41498
840.4884	873.43597
840.50012	873.5899
840.51178	872.80133
840.5235	874.08295
840.53516	874.04993
840.54688	873.18506
840.55853	873.82098
840.57025	875.00714
840.58191	872.82104
840.59357	873.90765
840.60529	873.54767
840.61694	873.95648
840.62866	874.26428
840.64032	873.45685
840.65204	872.62482
840.6637	872.78259
840.67542	874.72198
840.68707	874.29236
840.69879	873.77643
840.71045	873.91522
840.72211	874.12726
840.73383	874.3114
840.74548	873.68127
840.7572	873.76233
840.76886	873.71686
840.78058	873.42352
840.79224	872.84882
840.80396	873.30304
840.81561	874.04993
840.82727	873.91754
840.83899	873.98004
840.85065	873.1416
840.86237	873.19635
840.87402	874.87036
840.88574	873.7406
840.8974	874.43591
840.90912	874.2027
840.92078	874.75391
840.93243	872.88715
840.94415	874.35388
840.95581	874.33044
840.96753	875.58588
840.97919	875.34259
840.99091	875.48035
841.00256	874.58679
841.01428	873.21216
841.02594	873.86829
841.0376	875.12512
841.04932	873.71045
841.06097	875.19623
841.07269	875.00293
841.08435	875.15997
841.09607	874.53259
841.10773	873.74707
841.11945	873.29456
841.1311	873.80383
841.14276	874.25415
841.15448	873.57819
841.16614	874.21674
841.17786	874.4845
841.18951	874.24689
841.20123	874.34094
841.21289	872.67865
841.22461	873.19147
841.23627	874.22528
841.24792	874.46893
841.25964	873.88263
841.2713	873.9259
841.28302	873.24866
841.29468	873.49292
841.3064	873.65546
841.31805	874.0827
841.32977	873.5437
841.34143	875.3808
841.35315	874.8714
841.36481	873.50391
841.37646	873.87946
841.38818	874.34052
841.39984	873.5014
841.41156	873.07294
841.42322	872.49744
841.43494	871.31537
841.44659	872.93347
841.45831	873.74335
841.46997	874.61682
841.48163	874.37024
841.49335	875.32568
841.505	873.43652
841.51672	874.54413
841.52838	874.23486
841.5401	873.70032
841.55176	872.74121
841.56348	874.34839
841.57513	874.29218
841.58679	874.79456
841.59851	873.72699
841.61017	874.61151
841.62189	874.96326
841.63354	874.87939
841.64526	873.98743
841.65692	874.49951
841.66864	873.79547
841.6803	874.02478
841.69196	872.9353
841.70367	874.51349
841.71533	876.44427
841.72705	875.29657
841.73871	875.41046
841.75043	874.86768
841.76208	875.97443
841.7738	876.68286
841.78546	874.21777
841.79712	875.76764
841.80884	875.57678
841.8205	875.69672
841.83221	875.50391
841.84387	875.51941
841.85559	876.08435
841.86725	874.58942
841.87897	876.32355
841.89063	876.03528
841.90234	875.86713
841.914	876.89069
841.92566	877.08044
841.93738	877.08191
841.94904	878.99359
841.96075	878.37292
841.97241	877.31342
841.98413	876.51642
841.99579	877.91858
842.00751	880.11218
842.01917	879.8183
842.03082	879.19061
842.04254	880.30481
842.0542	882.11523
842.06592	883.27509
842.07758	882.65143
842.08929	882.08136
842.10095	882.18719
842.11267	881.10748
842.12433	887.75244
842.13599	887.448
842.14771	886.68256
842.15936	889.23499
842.17108	895.61377
842.18274	897.89612
842.19446	901.034
842.20612	904.45587
842.21783	912.8255
842.22949	919.26617
842.24115	930.28748
842.25287	945.52301
842.26453	957.15668
842.27625	981.09027
842.2879	1012.5996
842.29962	1041.0691
842.31128	1073.0625
842.323	1112.3058
842.33466	1147.7689
842.34631	1181.9199
842.35803	1206.256
842.36969	1206.7906
842.38141	1235.4283
842.39307	1236.2192
842.40479	1218.124
842.41644	1201.3605
842.42816	1172.7172
842.43982	1149.2701
842.45148	1110.0896
842.4632	1059.1733
842.47485	1039.0298
842.48657	1001.1137
842.49823	976.68732
842.50995	957.64807
842.52161	944.09906
842.53333	932.54279
842.54498	923.03979
842.5567	916.91132
842.56836	909.06976
842.58002	901.01581
842.59174	896.72742
842.60339	892.89618
842.61511	892.58734
842.62677	889.71674
842.63849	886.86151
842.65015	885.63458
842.66187	882.40179
842.67352	884.48248
842.68518	883.03302
842.6969	881.78265
842.70856	879.05798
842.72028	881.80981
842.73193	881.02515
842.74365	878.35999
842.75531	878.32507
842.76703	878.63885
842.77869	879.26971
842.79034	878.86438
842.80206	877.02972
842.81372	878.02533
842.82544	877.72235
842.8371	878.18604
842.84882	876.7287
842.86047	877.4389
842.87219	877.01074
842.88385	877.01105
842.89551	875.77692
842.90723	877.46204
842.91888	877.51123
842.9306	877.10333
842.94226	877.16351
842.95398	878.0307
842.96564	874.98254
842.97736	874.40405
842.98901	874.61053
843.00067	875.6189
843.01239	875.51727
843.02405	875.05524
843.03577	876.15466
843.04742	874.49054
843.05914	874.31641
843.0708	874.73633
843.08252	875.57813
843.09418	874.18872
843.1059	875.11847
843.11755	877.31158
843.12921	876.16937
843.14093	876.99774
843.15259	875.19897
843.16431	875.73706
843.17596	874.77521
843.18768	876.2196
843.19934	877.02325
843.21106	875.76135
843.22272	874.55902
843.23438	875.54614
843.24609	875.34851
843.25775	876.66144
843.26947	876.25098
843.28113	874.54443
843.29285	875.29962
843.3045	875.6665
843.31622	875.91302
843.32788	875.45215
843.33954	874.99567
843.35126	875.99512
843.36292	874.64447
843.37463	874.427
843.38629	875.56812
843.39801	875.54694
843.40967	874.97876
843.42139	874.51971
843.43304	874.50525
843.4447	873.78595
843.45642	873.88635
843.46808	876.07666
843.4798	874.87769
843.49146	874.84595
843.50317	874.06812
843.51483	874.22717
843.52655	874.65582
843.53821	873.91571
843.54987	873.86749
843.56158	873.37762
843.57324	874.35864
843.58496	874.96521
843.59662	875.01971
843.60834	875.28552
843.62	874.92627
843.63171	876.69666
843.64337	874.73303
843.65503	875.36389
843.66675	876.4646
843.67841	875.5614
843.69012	874.20477
843.70178	875.24231
843.7135	875.50354
843.72516	874.82867
843.73688	875.11438
843.74854	875.14313
843.76025	876.03711
843.77191	872.95111
843.78357	872.02386
843.79529	872.84619
843.80695	874.74854
843.81866	875.29211
843.83032	874.67639
843.84204	875.27679
843.8537	874.98779
843.86542	876.1142
843.87708	874.87433
843.88873	873.98511
843.90045	874.77301
843.91211	873.50586
843.92383	874.41132
843.93549	874.1781
843.9472	874.64642
843.95886	875.31189
843.97058	874.82874
843.98224	873.56348
843.9939	873.66864
844.00562	875.04755
844.01727	875.31769
844.02899	874.79614
844.04065	874.69464
844.05237	875.05072
844.06403	873.76019
844.07574	873.67578
844.0874	873.77344
844.09906	874.51575
844.11078	874.04468
844.12244	874.36853
844.13416	874.73889
844.14581	874.35321
844.15753	874.15894
844.16919	874.34552
844.18091	874.95209
844.19257	874.06616
844.20422	875.00513
844.21594	875.37823
844.2276	874.8241
844.23932	874.34985
844.25098	873.38226
844.2627	877.00854
844.27435	875.78766
844.28607	873.56262
844.29773	873.91858
844.30945	875.35333
844.32111	875.65039
844.33276	875.1579
844.34448	875.5838
844.35614	874.16479
844.36786	873.77045
844.37952	874.841
844.39124	875.83545
844.40289	875.17523
844.41461	873.763
844.42627	873.63678
844.43793	874.5
844.44965	875.79767
844.4613	875.29828
844.47302	875.10046
844.48468	874.69995
844.4964	872.97339
844.50806	872.42413
844.51978	875.66779
844.53143	875.68835
844.54309	875.56665
844.55481	875.07324
844.56647	875.36456
844.57819	875.43671
844.58984	875.13446
844.60156	874.88867
844.61322	875.19995
844.62494	875.11047
844.6366	875.98938
844.64825	876.9035
844.65997	875.99615
844.67163	875.93304
844.68335	876.33258
844.69501	874.7608
844.70673	874.96185
844.71838	875.7478
844.7301	877.19598
844.74176	876.29742
844.75342	873.79413
844.76514	874.26038
844.77679	873.44189
844.78851	874.6496
844.80017	875.29633
844.81189	875.52771
844.82355	874.11322
844.83527	875.81439
844.84692	875.46027
844.85858	874.76105
844.8703	875.26813
844.88196	875.71576
844.89368	873.62976
844.90533	873.84741
844.91705	873.54028
844.92871	874.94385
844.94043	875.73541
844.95209	875.07788
844.96381	875.84955
844.97546	875.50787
844.98712	874.22522
844.99884	874.63043
845.0105	873.74927
845.02222	875.68201
845.03387	876.62024
845.04559	876.06842
845.05725	874.125
845.06897	874.70593
845.08063	876.26135
845.09229	874.69086
845.104	874.83392
845.11566	875.31616
845.12738	874.36804
845.13904	875.16565
845.15076	876.21899
845.16241	875.96002
845.17413	875.2265
845.18579	874.01752
845.19745	877.13251
845.20917	874.8952
845.22083	874.96167
845.23254	876.28943
845.2442	874.81366
845.25592	876.50439
845.26758	874.93665
845.2793	874.65417
845.29095	874.85175
845.30261	875.54163
845.31433	874.92419
845.32599	874.70313
845.33771	875.33002
845.34937	875.23834
845.36108	875.36707
845.37274	875.07361
845.38446	875.64697
845.39612	875.69727
845.40778	874.67352
845.41949	876.30981
845.43115	875.0625
845.44287	877.78479
845.45453	874.29181
845.46625	875.47717
845.47791	874.14081
845.48962	873.81287
845.50128	874.87067
845.513	874.12347
845.52466	875.90277
845.53632	875.84149
845.54803	874.69592
845.55969	874.15607
845.57141	874.88348
845.58307	876.77802
845.59479	876.01654
845.60645	875.28467
845.61816	875.17889
845.62982	873.36823
845.64148	873.88568
845.6532	876.19659
845.66486	874.37256
845.67657	875.04724
845.68823	875.75903
845.69995	875.43335
845.71161	875.93311
845.72333	873.61633
845.73499	873.03009
845.74664	874.62543
845.75836	874.21631
845.77002	874.16272
845.78174	874.09485
845.7934	874.52386
845.80511	873.71301
845.81677	873.51276
845.82849	874.94641
845.84015	874.78998
845.85181	876.04486
845.86353	876.52527
845.87518	875.79218
845.8869	874.21619
845.89856	875.81122
845.91028	875.21838
845.92194	874.59802
845.93365	875.11676
845.94531	875.15942
845.95697	875.06665
845.96869	875.26776
845.98035	875.78687
845.99207	876.78314
846.00372	874.65546
846.01544	876.24359
846.0271	875.914
846.03882	875.4126
846.05048	876.06995
846.06213	876.896
846.07385	875.53571
846.08551	875.1026
846.09723	873.55389
846.10889	876.13928
846.12061	875.58466
846.13226	874.22986
846.14398	875.10162
846.15564	874.76123
846.16736	876.79742
846.17902	874.0827
846.19067	876.67902
846.20239	876.17157
846.21405	875.22504
846.22577	874.88977
846.23743	874.57813
846.24915	874.77393
846.2608	873.96954
846.27252	875.0531
846.28418	873.57391
846.29584	875.02185
846.30756	875.58093
846.31921	874.73395
846.33093	874.66504
846.34259	876.03973
846.35431	875.83362
846.36597	874.97473
846.37769	873.7879
846.38934	875.71265
846.401	875.51227
846.41272	874.5799
846.42438	874.38031
846.4361	875.53845
846.44775	876.63611
846.45947	874.74042
846.47113	875.86267
846.48285	877.02588
846.49451	872.61621
846.50616	873.8222
846.51788	875.3291
846.52954	875.14233
846.54126	874.18964
846.55292	874.84583
846.56464	875.85394
846.57629	877.26263
846.58801	877.40167
846.59967	875.77753
846.61133	875.38312
846.62305	875.6123
846.6347	877.23712
846.64642	875.4516
846.65808	874.81592
846.6698	876.65137
846.68146	876.21539
846.69318	876.83832
846.70483	873.92401
846.71655	874.20972
846.72821	877.06042
846.73987	878.31396
846.75159	877.37677
846.76324	876.38202
846.77496	875.73529
846.78662	875.36847
846.79834	875.5943
846.81	875.35394
846.82172	874.47235
846.83337	876.27277
846.84503	877.17627
846.85675	874.82751
846.86841	875.14673
846.88013	876.41968
846.89178	876.26373
846.9035	876.08844
846.91516	875.52014
846.92688	874.77417
846.93854	873.95752
846.9502	875.20325
846.96191	874.83459
846.97357	876.20978
846.98529	877.55042
846.99695	876.5415
847.00867	876.50928
847.02032	876.0578
847.03204	874.76312
847.0437	875.1347
847.05536	877.32288
847.06708	875.69031
847.07874	877.276
847.09045	874.44659
847.10211	875.17755
847.11383	876.29034
847.12549	876.63831
847.13721	874.79578
847.14886	876.12598
847.16052	877.34326
847.17224	875.47699
847.1839	875.41016
847.19562	876.44379
847.20728	876.33856
847.21899	875.04633
847.23065	875.9024
847.24237	875.71771
847.25403	873.06549
847.26569	875.00183
847.2774	874.78888
847.28906	876.36053
847.30078	877.42688
847.31244	876.24213
847.32416	874.62439
847.33582	875.35168
847.34753	875.0163
847.35919	874.16443
847.37091	874.79169
847.38257	874.37598
847.39423	874.80829
847.40594	875.91901
847.4176	874.59088
847.42932	876.62463
847.44098	875.96777
847.4527	873.94733
847.46436	874.96332
847.47607	876.61298
847.48773	877.47638
847.49939	876.65564
847.51111	878.41431
847.52277	875.11212
847.53448	874.49152
847.54614	875.27576
847.55786	878.24634
847.56952	873.72168
847.58124	877.9259
847.5929	874.58832
847.60455	876.37854
847.61627	873.83405
847.62793	873.61255
847.63965	875.68958
847.65131	878.03711
847.66302	875.73706
847.67468	873.75049
847.6864	874.67859
847.69806	875.9035
847.70972	874.59119
847.72144	877.34644
847.73309	878.16663
847.74481	873.76575
847.75647	874.52704
847.76819	876.41083
847.77985	878.17859
847.79156	876.35858
847.80322	874.78888
847.81488	875.28625
847.8266	877.06885
847.83826	877.86719
847.84998	877.62372
847.86163	876.69489
847.87335	877.69952
847.88501	875.74426
847.89673	874.33295
847.90839	875.11029
847.9201	875.32764
847.93176	875.47461
847.94342	876.5257
847.95514	875.48901
847.9668	878.362
847.97852	876.35876
847.99017	875.80896
848.00189	877.9165
848.01355	876.60217
848.02527	874.45093
848.03693	875.0498
848.04858	876.71497
848.0603	877.39551
848.07196	877.17255
848.08368	879.1217
848.09534	874.1272
848.10706	873.1825
848.11871	875.85852
848.13043	878.69318
848.14209	876.10437
848.15375	877.17719
848.16547	876.66083
848.17712	874.80328
848.18884	875.40991
848.2005	877.56506
848.21222	877.37286
848.22388	874.43738
848.2356	873.79498
848.24725	877.44165
848.25891	878.88031
848.27063	876.49194
848.28229	874.94672
848.29401	876.32617
848.30566	874.75897
848.31738	875.71405
848.32904	876.66998
848.34076	876.3891
848.35242	875.01367
848.36407	875.2887
848.37579	876.10883
848.38745	876.07257
848.39917	876.09357
848.41083	876.02808
848.42255	878.56738
848.4342	877.48102
848.44592	876.08289
848.45758	876.10791
848.46924	876.05719
848.48096	877.38068
848.49261	877.83258
848.50433	875.87274
848.51599	875.45343
848.52771	876.49725
848.53937	877.95557
848.55109	875.56415
848.56274	874.61279
848.57446	876.75677
848.58612	872.49591
848.59778	875.63446
848.6095	876.9657
848.62115	875.16888
848.63287	875.98285
848.64453	874.99078
848.65625	874.91278
848.66791	878.86591
848.67963	877.82007
848.69128	877.61035
848.70294	875.41113
848.71466	877.04559
848.72632	877.92926
848.73804	875.5918
848.74969	875.67334
848.76141	875.11688
848.77307	876.43347
848.78479	876.8996
848.79645	875.41693
848.80811	875.96503
848.81982	875.76703
848.83148	875.8291
848.8432	876.58624
848.85486	876.21893
848.86658	875.49426
848.87823	877.32697
848.88995	874.44745
848.90161	874.22778
848.91327	874.32452
848.92499	876.33551
848.93665	878.04462
848.94836	875.19135
848.96002	874.23431
848.97174	874.59119
848.9834	875.71124
848.99512	876.34021
849.00677	876.43652
849.01843	876.56665
849.03015	876.57745
849.04181	877.23584
849.05353	878.51001
849.06519	878.216
849.0769	876.72662
849.08856	876.0097
849.10028	874.23883
849.11194	875.99023
849.12366	877.20148
849.13531	875.60187
849.14697	875.33063
849.15869	876.13837
849.17035	878.46234
849.18207	876.44537
849.19373	876.77252
849.20544	877.35663
849.2171	879.04016
849.22882	876.13434
849.24048	875.12769
849.25214	877.53748
849.26385	876.67383
849.27551	874.50317
849.28723	873.7442
849.29889	873.67249
849.31061	875.80035
849.32227	877.56042
849.33398	874.99219
849.34564	875.04169
849.3573	876.57172
849.36902	876.26715
849.38068	878.28876
849.3924	877.26251
849.40405	875.99951
849.41577	877.95721
849.42743	877.96045
849.43915	874.37878
849.45081	875.14697
849.46246	873.53198
849.47418	876.42908
849.48584	873.45874
849.49756	875.80316
849.50922	877.82404
849.52094	875.5592
849.53259	876.30878
849.54431	876.65454
849.55597	875.65302
849.56763	876.10358
849.57935	877.02881
849.591	874.70532
849.60272	874.37122
849.61438	874.93842
849.6261	875.78168
849.63776	877.12201
849.64948	878.47656
849.66113	874.63184
849.67279	874.49188
849.68451	875.41034
849.69617	876.39282
849.70789	876.26917
849.71954	874.68262
849.73126	876.28394
849.74292	876.60144
849.75464	877.5022
849.7663	875.32172
849.77802	877.78143
849.78967	874.63782
849.80133	874.67389
849.81305	876.55463
849.82471	874.56641
849.83643	876.06067
849.84808	876.38806
849.8598	876.15723
849.87146	878.57983
849.88318	874.71259
849.89484	876.00092
849.90649	877.58875
849.91821	876.59216
849.92987	876.53479
849.94159	878.17267
849.95325	876.36115
849.96497	876.85748
849.97662	875.09637
849.98834	876.28265
850	876.65643
