800	854.88086
800.01166	859.78638
800.02338	866.51141
800.03503	867.95605
800.04675	868.02832
800.05841	867.49048
800.07013	868.5838
800.08179	870.81989
800.09351	872.72369
800.10516	873.02899
800.11682	872.26776
800.12854	872.00073
800.1402	870.92737
800.15192	871.22693
800.16357	872.86725
800.17529	869.659
800.18695	870.55896
800.19867	875.00983
800.21033	873.29529
800.22198	870.31573
800.2337	871.18738
800.24536	870.33856
800.25708	869.9812
800.26874	870.58392
800.28046	870.96716
800.29211	871.98022
800.30383	867.18286
800.31549	872.98499
800.32721	870.35217
800.33887	870.57336
800.35052	872.68933
800.36224	871.11841
800.3739	873.7146
800.38562	871.33594
800.39728	869.58099
800.409	871.29352
800.42065	871.677
800.43237	871.763
800.44403	873.48785
800.45569	873.4046
800.46741	872.2345
800.47906	870.53827
800.49078	870.22516
800.50244	875.10193
800.51416	873.12286
800.52582	873.776
800.53754	874.54144
800.54919	872.06708
800.56085	874.21857
800.57257	876.30432
800.58423	875.19128
800.59595	874.24811
800.6076	874.05511
800.61932	872.78125
800.63098	871.75543
800.6427	871.42096
800.65436	874.02246
800.66602	869.19086
800.67773	870.40277
800.68939	872.17438
800.70111	871.88159
800.71277	872.82831
800.72449	873.5119
800.73615	873.47772
800.74786	873.78528
800.75952	871.52515
800.77118	870.02399
800.7829	872.10907
800.79456	872.77454
800.80627	871.88641
800.81793	873.17419
800.82965	869.38452
800.84131	872.66217
800.85303	872.35089
800.86469	872.93451
800.87634	874.68341
800.88806	873.07465
800.89972	871.83276
800.91144	871.90967
800.9231	872.9342
800.93481	872.20819
800.94647	871.40582
800.95819	872.79382
800.96985	873.30664
800.98157	871.67902
800.99323	870.73981
801.00488	873.14966
801.0166	869.0907
801.02826	871.86505
801.03998	875.15106
801.05164	873.7605
801.06335	873.9389
801.07501	872.3551
801.08673	872.6048
801.09839	872.67444
801.11005	872.87006
801.12177	874.30133
801.13342	874.78265
801.14514	873.45801
801.1568	872.42078
801.16852	871.6391
801.18018	872.97839
801.19189	874.88531
801.20355	873.84045
801.21521	873.57959
801.22693	870.90503
801.23859	873.20758
801.25031	869.82648
801.26196	870.14032
801.27368	871.78351
801.28534	873.46722
801.29706	873.69409
801.30872	872.263
801.32037	872.22498
801.33209	872.10352
801.34375	873.97565
801.35547	872.58588
801.36713	871.12756
801.37885	873.27924
801.3905	870.31213
801.40222	872.91223
801.41388	874.42267
801.42554	872.06567
801.43726	871.71228
801.44891	871.97388
801.46063	872.68274
801.47229	873.63586
801.48401	873.80328
801.49567	873.77979
801.50739	873.48975
801.51904	871.75073
801.53076	870.84241
801.54242	871.9126
801.55408	873.69604
801.5658	871.06738
801.57745	871.38354
801.58917	871.63098
801.60083	871.83142
801.61255	872.95453
801.62421	873.51666
801.63593	872.17096
801.64758	871.5058
801.65924	872.18396
801.67096	872.30963
801.68262	872.85345
801.69434	873.67902
801.70599	870.86023
801.71771	873.40753
801.72937	872.85278
801.74109	871.49664
801.75275	871.04547
801.7644	870.82343
801.77612	874.19641
801.78778	872.32318
801.7995	868.75476
801.81116	870.69781
801.82288	870.2467
801.83453	869.31671
801.84625	870.81384
801.85791	871.66095
801.86957	873.65338
801.88129	873.66931
801.89294	872.31201
801.90466	869.89703
801.91632	872.09601
801.92804	871.04572
801.9397	874.94336
801.95142	872.28418
801.96307	871.93738
801.97473	868.46094
801.98645	870.49084
801.99811	872.60913
802.00983	871.51959
802.02148	869.27649
802.0332	870.99268
802.04486	874.85638
802.05658	872.87292
802.06824	871.05347
802.0799	872.31439
802.09161	873.98303
802.10327	873.71643
802.11499	872.09552
802.12665	873.81506
802.13837	872.39752
802.15002	874.01331
802.16174	873.745
802.1734	872.73169
802.18512	871.49976
802.19678	870.3761
802.20844	869.01007
802.22015	870.50873
802.23181	872.98212
802.24353	871.58209
802.25519	872.86609
802.26691	871.39233
802.27856	870.72131
802.29028	872.9826
802.30194	872.46881
802.3136	871.81549
802.32532	873.43402
802.33698	874.57397
802.34869	873.38373
802.36035	874.56799
802.37207	874.34155
802.38373	872.46069
802.39545	871.56689
802.4071	871.67218
802.41876	872.13617
802.43048	871.62189
802.44214	869.79962
802.45386	872.63202
802.46552	871.9054
802.47723	870.72015
802.48889	871.34235
802.50061	871.65674
802.51227	872.888
802.52393	873.84125
802.53564	871.7561
802.5473	872.93146
802.55902	875.68365
802.57068	873.99762
802.5824	871.69232
802.59406	872.23651
802.60577	872.69446
802.61743	871.91016
802.62909	871.67999
802.64081	870.94006
802.65247	870.32233
802.66418	870.4516
802.67584	872.03516
802.68756	871.01245
802.69922	871.94238
802.71094	872.98541
802.7226	875.11145
802.73431	872.19922
802.74597	870.3421
802.75763	871.73724
802.76935	872.80939
802.78101	873.70941
802.79272	873.17792
802.80438	871.14984
802.8161	869.53094
802.82776	868.76843
802.83948	871.13727
802.85114	872.77405
802.86279	873.0011
802.87451	872.00555
802.88617	872.00555
802.89789	871.46619
802.90955	871.93024
802.92126	870.90997
802.93292	871.17902
802.94464	871.33887
802.9563	871.41577
802.96796	870.81677
802.97968	870.65619
802.99133	872.11322
803.00305	872.20789
803.01471	870.79492
803.02643	872.14661
803.03809	873.90869
803.0498	874.13922
803.06146	873.0683
803.07312	872.69513
803.08484	873.07581
803.0965	871.10492
803.10822	872.84412
803.11987	873.20013
803.13159	873.61786
803.14325	873.02905
803.15497	871.7959
803.16663	872.2309
803.17828	872.35461
803.19	873.44696
803.20166	875.3244
803.21338	874.06952
803.22504	871.77161
803.23676	872.50281
803.24841	871.23779
803.26013	871.8504
803.27179	871.57275
803.28345	872.53833
803.29517	869.99567
803.30682	870.1507
803.31854	871.17999
803.3302	874.46021
803.34192	872.39691
803.35358	871.60504
803.3653	873.49207
803.37695	873.94122
803.38867	872.96582
803.40033	871.84125
803.41199	871.86084
803.42371	872.51794
803.43536	873.04657
803.44708	874.75372
803.45874	874.51349
803.47046	873.8266
803.48212	873.90375
803.49384	872.65033
803.50549	871.23846
803.51715	873.36676
803.52887	872.49347
803.54053	872.56171
803.55225	872.96521
803.5639	875.1286
803.57562	872.70331
803.58728	872.7569
803.599	873.93274
803.61066	872.16754
803.62231	871.75507
803.63403	873.32092
803.64569	873.2713
803.65741	872.35834
803.66907	870.95105
803.68079	871.71478
803.69244	872.54803
803.70416	869.73425
803.71582	873.83929
803.72748	872.65796
803.7392	872.62024
803.75085	873.09747
803.76257	872.56897
803.77423	872.21948
803.78595	872.84076
803.79761	874.49255
803.80933	874.4444
803.82098	872.84186
803.83264	872.67297
803.84436	872.06512
803.85602	872.97766
803.86774	872.31274
803.87939	872.25
803.89111	872.81775
803.90277	871.3042
803.91449	870.77563
803.92615	874.4389
803.93787	873.50671
803.94952	870.66315
803.96118	873.95941
803.9729	875.60632
803.98456	871.47827
803.99628	872.70813
804.00793	874.15338
804.01965	873.34235
804.03131	872.06036
804.04303	871.99719
804.05469	872.83075
804.06635	873.74176
804.07806	872.98657
804.08972	873.29266
804.10144	873.98151
804.1131	873.27875
804.12482	871.90436
804.13647	871.33496
804.14819	874.2002
804.15985	872.3161
804.17151	874.08423
804.18323	873.49713
804.19489	870.96136
804.2066	870.33624
804.21826	871.69727
804.22998	870.54675
804.24164	872.81329
804.25336	873.83313
804.26501	873.79675
804.27667	874.37433
804.28839	873.22406
804.30005	874.22888
804.31177	873.80688
804.32343	874.17883
804.33514	872.71912
804.3468	875.01007
804.35852	873.29523
804.37018	873.53845
804.38184	871.59821
804.39355	873.83093
804.40521	871.06073
804.41693	873.07056
804.42859	875.98151
804.44031	875.50757
804.45197	872.41614
804.46368	871.12415
804.47534	872.29828
804.487	872.62097
804.49872	873.65326
804.51038	873.81061
804.52209	871.44141
804.53375	871.27252
804.54547	874.14539
804.55713	873.59625
804.56885	873.05676
804.58051	873.86237
804.59222	874.44482
804.60388	875.93909
804.61554	872.953
804.62726	874.92175
804.63892	872.80585
804.65063	872.98792
804.66229	872.84045
804.67401	871.52118
804.68567	872.93219
804.69739	873.29352
804.70905	873.89124
804.7207	873.4801
804.73242	872.54932
804.74408	873.49493
804.7558	874.17651
804.76746	874.08344
804.77917	873.60834
804.79083	872.56927
804.80255	873.20569
804.81421	873.44061
804.82587	874.77661
804.83759	873.2334
804.84924	874.98773
804.86096	871.15381
804.87262	871.00482
804.88434	873.3103
804.896	873.07544
804.90771	872.85364
804.91937	873.17639
804.93103	873.83167
804.94275	873.86572
804.95441	874.25916
804.96613	874.83575
804.97778	874.41016
804.9895	872.73706
805.00116	873.82037
805.01288	873.46912
805.02454	872.68726
805.03619	874.00488
805.04791	873.55206
805.05957	872.41559
805.07129	873.40881
805.08295	872.04871
805.09467	872.83423
805.10632	875.08899
805.11804	875.2381
805.1297	875.40649
805.14142	874.77264
805.15308	873.61029
805.16473	873.97522
805.17645	872.50372
805.18811	873.67566
805.19983	873.7713
805.21149	874.40576
805.22321	873.54944
805.23486	871.92712
805.24658	871.87024
805.25824	874.48877
805.2699	874.63721
805.28162	873.59344
805.29327	871.27283
805.30499	874.30341
805.31665	873.95398
805.32837	873.55951
805.34003	872.60358
805.35175	873.08881
805.3634	872.81525
805.37506	872.53943
805.38678	875.15375
805.39844	874.98584
805.41016	875.25433
805.42181	873.89777
805.43353	873.93597
805.44519	874.76477
805.45691	874.82721
805.46857	875.47064
805.48022	876.14941
805.49194	872.67627
805.5036	873.07538
805.51532	877.06787
805.52698	873.77637
805.5387	874.22693
805.55035	873.33319
805.56207	872.73035
805.57373	873.47455
805.58539	874.92755
805.59711	873.67206
805.60876	874.29193
805.62048	875.0777
805.63214	874.93323
805.64386	874.26624
805.65552	875.28772
805.66724	875.35565
805.67889	874.9931
805.69055	875.11456
805.70227	875.97614
805.71393	875.38318
805.72565	873.94586
805.7373	872.98499
805.74902	873.6394
805.76068	873.36853
805.7724	876.67059
805.78406	874.31647
805.79578	875.59778
805.80743	873.07086
805.81909	875.18011
805.83081	876.40106
805.84247	874.29126
805.85419	874.19641
805.86584	873.95123
805.87756	873.06635
805.88922	874.12408
805.90094	876.51215
805.9126	874.547
805.92426	873.08655
805.93597	873.96759
805.94763	875.21851
805.95935	875.0722
805.97101	874.19147
805.98273	874.35156
805.99438	874.81128
806.0061	874.68158
806.01776	874.91943
806.02942	874.16095
806.04114	875.59912
806.0528	874.18689
806.06451	875.31067
806.07617	876.07379
806.08789	876.28851
806.09955	876.48346
806.11127	876.66193
806.12292	874.48547
806.13458	875.29877
806.1463	875.58344
806.15796	873.20386
806.16968	875.3808
806.18134	875.1225
806.19305	875.08472
806.20471	876.34271
806.21643	876.1037
806.22809	875.49603
806.23975	874.98151
806.25146	875.25
806.26312	876.19385
806.27484	874.83118
806.2865	874.42822
806.29822	875.11981
806.30988	875.58148
806.32159	875.19611
806.33325	874.8631
806.34497	874.27313
806.35663	875.84839
806.36829	876.54376
806.38	874.06006
806.39166	876.08435
806.40338	876.57513
806.41504	873.67474
806.42676	875.75195
806.43842	876.43457
806.45013	876.00916
806.46179	873.80121
806.47345	874.40131
806.48517	874.70941
806.49683	874.15417
806.50854	875.13824
806.5202	875.34302
806.53192	873.01654
806.54358	872.78522
806.5553	874.3811
806.56696	873.59857
806.57861	873.65594
806.59033	874.99951
806.60199	875.7771
806.61371	873.00739
806.62537	874.35681
806.63708	874.91046
806.64874	873.49219
806.66046	877.12537
806.67212	876.18433
806.68378	875.17548
806.6955	873.26813
806.70715	875.14166
806.71887	877.22754
806.73053	874.47766
806.74225	874.63263
806.75391	875.41351
806.76563	875.76654
806.77728	877.54279
806.78894	876.38605
806.80066	874.73383
806.81232	875.22748
806.82404	873.93695
806.83569	875.49402
806.84741	876.33929
806.85907	875.54889
806.87079	874.08661
806.88245	875.56024
806.8941	876.13336
806.90582	874.50769
806.91748	872.98383
806.9292	875.32086
806.94086	876.36194
806.95258	877.20624
806.96423	873.0647
806.97595	873.96375
806.98761	876.25531
806.99933	876.04547
807.01099	875.46686
807.02264	874.79681
807.03436	876.6969
807.04602	874.64709
807.05774	876.03137
807.0694	875.0838
807.08112	875.26837
807.09277	876.40533
807.10449	874.48816
807.11615	873.79535
807.12781	875.04205
807.13953	875.45135
807.15118	875.25366
807.1629	876.53699
807.17456	876.11676
807.18628	874.77185
807.19794	876.19324
807.20966	875.32214
807.22131	874.6911
807.23297	875.52704
807.24469	875.09186
807.25635	875.86444
807.26807	877.32898
807.27972	877.43726
807.29144	874.43268
807.3031	876.15344
807.31482	875.07745
807.32648	875.74091
807.33813	877.30017
807.34985	876.84021
807.36151	876.5011
807.37323	875.04321
807.38489	874.23486
807.39661	876.51044
807.40826	877.1308
807.41998	875.2735
807.43164	874.78284
807.4433	876.73956
807.45502	877.86407
807.46667	877.29028
807.47839	875.8288
807.49005	875.73358
807.50177	876.61212
807.51343	877.63953
807.52515	876.93079
807.5368	875.31891
807.54852	877.56091
807.56018	877.3031
807.57184	876.58862
807.58356	875.49359
807.59521	874.61627
807.60693	875.06421
807.61859	875.98694
807.63031	877.1521
807.64197	876.89441
807.65369	877.34113
807.66534	875.98834
807.677	874.05988
807.68872	875.36462
807.70038	877.22131
807.7121	877.49408
807.72375	877.02814
807.73547	877.70831
807.74713	877.95306
807.75885	877.00897
807.77051	877.31842
807.78217	879.32916
807.79388	877.58997
807.80554	874.76526
807.81726	877.0083
807.82892	876.77228
807.84064	877.22229
807.85229	878.03351
807.86401	875.9754
807.87567	877.35205
807.88733	877.13104
807.89905	878.2265
807.91071	878.4895
807.92242	877.50775
807.93408	878.68408
807.9458	876.02026
807.95746	876.9566
807.96918	876.56311
807.98083	877.67279
807.99249	876.7511
808.00421	877.92969
808.01587	878.17834
808.02759	877.58289
808.03925	878.33557
808.05096	876.48682
808.06262	876.90247
808.07434	876.71765
808.086	877.04462
808.09766	878.71484
808.10938	878.22705
808.12103	876.12897
808.13275	876.24402
808.14441	879.21393
808.15613	879.1059
808.16779	875.86688
808.1795	877.07123
808.19116	877.65552
808.20288	876.77399
808.21454	876.78546
808.2262	876.94122
808.23792	877.04578
808.24957	878.47638
808.26129	877.44421
808.27295	876.92621
808.28467	879.37122
808.29633	876.61304
808.30804	878.17157
808.3197	879.1629
808.33136	876.43677
808.34308	876.89417
808.35474	875.82465
808.36646	878.20923
808.37811	876.75623
808.38983	876.33398
808.40149	877.45551
808.41321	877.57056
808.42487	877.78082
808.43652	878.58704
808.44824	877.28015
808.4599	878.24829
808.47162	878.29657
808.48328	877.69391
808.495	876.67963
808.50665	875.2182
808.51837	876.15936
808.53003	876.9386
808.54169	876.53772
808.55341	876.54382
808.56506	876.53247
808.57678	876.70599
808.58844	879.29474
808.60016	879.54016
808.61182	877.77838
808.62354	877.51721
808.63519	877.84131
808.64685	880.69598
808.65857	879.34906
808.67023	878.81793
808.68195	878.10315
808.6936	876.6062
808.70532	879.98187
808.71698	878.46942
808.7287	879.73029
808.74036	877.78485
808.75208	879.74951
808.76373	878.01624
808.77539	877.63605
808.78711	877.46783
808.79877	877.10419
808.81049	877.32147
808.82214	879.07703
808.83386	879.90875
808.84552	880.43225
808.85724	879.59131
808.8689	878.58942
808.88055	878.58691
808.89227	880.90582
808.90393	878.82642
808.91565	877.58606
808.92731	877.92468
808.93903	877.34442
808.95068	877.52899
808.9624	876.60669
808.97406	877.77783
808.98572	879.08673
808.99744	879.66217
809.00909	878.69653
809.02081	878.54419
809.03247	880.31042
809.04419	878.61993
809.05585	878.57379
809.06757	878.6626
809.07922	876.98187
809.09088	877.58765
809.1026	878.76904
809.11426	878.88745
809.12598	877.70209
809.13763	877.82263
809.14935	877.95697
809.16101	878.22589
809.17273	878.63293
809.18439	877.35406
809.19604	878.27472
809.20776	878.05786
809.21942	877.5589
809.23114	877.35529
809.2428	877.31616
809.25452	877.185
809.26617	874.17786
809.27789	875.58069
809.28955	878.67352
809.30121	877.11908
809.31293	877.90814
809.32458	880.37079
809.3363	878.66656
809.34796	877.82153
809.35968	878.45483
809.37134	878.54163
809.38306	878.67035
809.39471	878.15356
809.40643	877.14758
809.41809	878.5899
809.42975	879.55255
809.44147	878.98273
809.45313	878.52393
809.46484	878.25287
809.4765	879.28076
809.48822	879.30292
809.49988	879.6994
809.5116	881.59015
809.52325	880.29932
809.53491	880.24634
809.54663	879.96448
809.55829	877.48511
809.57001	879.40802
809.58167	879.61304
809.59338	879.04175
809.60504	881.20526
809.61676	880.83563
809.62842	877.80835
809.64008	880.12341
809.65179	882.31274
809.66345	877.64081
809.67517	878.22131
809.68683	879.29706
809.69855	879.59045
809.71021	881.32263
809.72192	880.3653
809.73358	878.72479
809.74524	878.67047
809.75696	878.54553
809.76862	879.59839
809.78033	879.37067
809.79199	879.82715
809.80371	878.36823
809.81537	878.94495
809.82709	877.39038
809.83875	879.59723
809.8504	881.36377
809.86212	880.16272
809.87378	879.19067
809.8855	880.71075
809.89716	880.90674
809.90887	879.19971
809.92053	878.80243
809.93225	879.39911
809.94391	880.66028
809.95563	880.26129
809.96729	880.77313
809.97894	881.14838
809.99066	880.40118
810.00232	881.49268
810.01404	880.00708
810.0257	880.20453
810.03741	879.15112
810.04907	879.81921
810.06079	880.54669
810.07245	880.28174
810.08411	881.10687
810.09583	878.95233
810.10748	879.39624
810.1192	880.36877
810.13086	878.48535
810.14258	878.63074
810.15424	880.55499
810.16595	881.26477
810.17761	881.17963
810.18927	881.17535
810.20099	880.39209
810.21265	880.44464
810.22437	881.0011
810.23602	880.39038
810.24774	878.18793
810.2594	879.88483
810.27112	881.71448
810.28278	881.80347
810.29443	880.99329
810.30615	881.35815
810.31781	880.51648
810.32953	882.2489
810.34119	880.55554
810.35291	880.11908
810.36456	881.06555
810.37628	879.80768
810.38794	880.60431
810.3996	879.03613
810.41132	879.46515
810.42297	879.71918
810.43469	882.53546
810.44635	883.84845
810.45807	881.8324
810.46973	879.64063
810.48145	880.20471
810.4931	881.63672
810.50476	882.06781
810.51648	881.51868
810.52814	881.24878
810.53986	882.06067
810.55151	880.29999
810.56323	880.97913
810.57489	882.01703
810.58661	880.87103
810.59827	880.32477
810.60999	883.96356
810.62164	880.64899
810.6333	883.3244
810.64502	882.12866
810.65668	881.58698
810.6684	881.69049
810.68005	883.17816
810.69177	883.4455
810.70343	881.53131
810.71515	880.70813
810.72681	881.49701
810.73846	881.86774
810.75018	882.25336
810.76184	880.88123
810.77356	881.55658
810.78522	883.28333
810.79694	883.27441
810.80859	883.63983
810.82031	882.44427
810.83197	882.06232
810.84363	882.71777
810.85535	883.10382
810.867	882.37659
810.87872	881.71173
810.89038	882.45837
810.9021	883.10394
810.91376	883.29218
810.92548	883.34564
810.93713	884.60101
810.94879	882.19678
810.96051	884.40692
810.97217	882.7113
810.98389	883.64978
810.99554	884.28033
811.00726	886.09644
811.01892	885.67096
811.03064	886.2959
811.0423	885.56256
811.05396	885.22589
811.06567	885.29169
811.07733	884.88312
811.08905	883.33746
811.10071	885.59375
811.11243	886.41656
811.12408	887.20929
811.1358	887.10144
811.14746	884.02008
811.15918	888.50708
811.17084	887.90704
811.1825	886.29309
811.19421	889.1145
811.20587	888.40161
811.21759	888.29401
811.22925	888.85608
811.24097	889.92383
811.25262	889.84271
811.26434	890.13611
811.276	888.67065
811.28766	889.39722
811.29938	888.96765
811.31104	889.79437
811.32275	889.47595
811.33441	889.48761
811.34613	891.09521
811.35779	891.5705
811.36951	892.677
811.38116	893.12531
811.39282	893.70978
811.40454	894.73419
811.4162	893.66522
811.42792	894.14368
811.43958	894.70514
811.45129	893.79602
811.46295	891.74048
811.47467	895.95789
811.48633	897.46124
811.49799	895.63782
811.5097	898.94739
811.52136	896.35876
811.53308	898.39484
811.54474	897.32013
811.55646	896.51221
811.56812	893.62067
811.57983	895.36487
811.59149	897.74481
811.60315	896.26874
811.61487	899.08966
811.62653	899.38733
811.63824	900.28149
811.6499	902.51288
811.66162	899.03247
811.67328	897.00616
811.685	897.70575
811.69666	900.03595
811.70831	898.13306
811.72003	898.76208
811.73169	899.55658
811.74341	897.6933
811.75507	896.38782
811.76678	896.85461
811.77844	898.24988
811.79016	899.14056
811.80182	896.69348
811.81354	897.54108
811.8252	898.12689
811.83685	897.05896
811.84857	897.54144
811.86023	897.28186
811.87195	894.95435
811.88361	897.96289
811.89532	897.99701
811.90698	897.08057
811.9187	894.1532
811.93036	893.16113
811.94202	896.53851
811.95374	895.23175
811.96539	895.6051
811.97711	895.35919
811.98877	893.71179
812.00049	895.57764
812.01215	893.12384
812.02386	895.92682
812.03552	892.7478
812.04718	892.61499
812.0589	894.38599
812.07056	894.16064
812.08228	891.41711
812.09393	892.15967
812.10565	894.00507
812.11731	892.32574
812.12903	891.00299
812.14069	892.97919
812.15234	894.65253
812.16406	895.02399
812.17572	895.8786
812.18744	893.50854
812.1991	890.48547
812.21082	890.82043
812.22247	891.53131
812.23419	892.95825
812.24585	892.79828
812.25751	892.22974
812.26923	892.20245
812.28088	891.61621
812.2926	890.47058
812.30426	888.61871
812.31598	890.47711
812.32764	892.11395
812.33936	889.79675
812.35101	889.95825
812.36273	890.93469
812.37439	890.76233
812.38605	888.427
812.39777	886.63513
812.40942	891.82922
812.42114	888.91412
812.4328	890.22418
812.44452	890.69397
812.45618	892.93909
812.4679	889.11041
812.47955	890.2215
812.49121	890.98138
812.50293	889.3067
812.51459	889.40094
812.52631	889.45258
812.53796	888.68005
812.54968	888.26392
812.56134	888.17743
812.57306	887.96851
812.58472	888.00208
812.59637	889.48456
812.60809	890.32489
812.61975	889.58136
812.63147	886.96252
812.64313	890.59564
812.65485	888.52557
812.6665	889.65619
812.67822	889.86029
812.68988	889.66766
812.70154	889.43665
812.71326	888.76654
812.72491	888.84705
812.73663	888.91791
812.74829	887.40594
812.76001	888.27911
812.77167	889.55725
812.78339	888.8949
812.79504	887.19122
812.8067	890.11584
812.81842	886.57843
812.83008	889.37268
812.8418	888.09119
812.85345	887.76392
812.86517	890.83459
812.87683	889.6449
812.88855	888.81848
812.90021	890.74847
812.91187	887.38934
812.92358	889.03479
812.93524	891.21533
812.94696	890.48743
812.95862	888.55902
812.97034	890.11121
812.98199	889.56677
812.99371	890.40051
813.00537	890.1972
813.01709	890.05286
813.02875	889.95435
813.04041	889.43726
813.05212	888.67914
813.06378	889.61383
813.0755	889.36475
813.08716	890.50586
813.09888	890.37451
813.11053	890.53131
813.12225	890.22565
813.13391	889.6134
813.14557	889.69061
813.15729	891.4079
813.16895	889.82965
813.18066	888.94287
813.19232	891.27698
813.20404	891.31366
813.2157	891.11707
813.22742	891.02155
813.23907	892.59796
813.25073	889.93091
813.26245	891.24646
813.27411	894.427
813.28583	896.1142
813.29749	896.698
813.3092	893.04346
813.32086	892.66589
813.33258	896.86584
813.34424	894.14386
813.3559	893.49304
813.36761	895.27496
813.37927	895.46588
813.39099	895.09821
813.40265	894.27399
813.41437	896.50934
813.42603	896.96075
813.43774	896.15424
813.4494	895.48346
813.46106	897.4939
813.47278	899.91626
813.48444	897.28009
813.49615	896.58917
813.50781	897.82306
813.51953	899.64545
813.53119	899.71783
813.54291	900.17151
813.55457	896.13043
813.56628	898.53564
813.57794	899.2832
813.5896	897.74829
813.60132	901.51782
813.61298	902.97656
813.62469	903.03595
813.63635	902.30298
813.64807	904.39948
813.65973	904.82379
813.67145	903.97943
813.68311	904.1629
813.69476	904.5119
813.70648	903.61084
813.71814	905.18549
813.72986	909.17932
813.74152	903.74457
813.75323	907.74652
813.76489	908.28796
813.77661	908.65002
813.78827	909.30829
813.79993	912.32361
813.81165	912.66968
813.8233	911.34021
813.83502	913.59515
813.84668	915.19855
813.8584	913.63123
813.87006	916.16608
813.88177	917.52661
813.89343	917.8111
813.90509	920.07294
813.91681	917.04816
813.92847	915.45801
813.94019	919.32568
813.95184	920.63568
813.96356	922.99377
813.97522	922.33856
813.98694	922.88263
813.9986	928.33704
814.01025	927.22003
814.02197	925.57898
814.03363	927.31268
814.04535	926.40118
814.05701	928.43835
814.06873	927.35559
814.08038	934.41425
814.0921	935.66565
814.10376	938.16998
814.11542	936.56354
814.12714	937.78931
814.13879	940.1795
814.15051	941.24109
814.16217	944.73505
814.17389	949.68713
814.18555	949.66022
814.19727	945.54254
814.20892	949.56122
814.22064	951.47119
814.2323	950.95074
814.24396	947.91681
814.25568	955.53662
814.26733	956.72888
814.27905	958.65857
814.29071	958.28778
814.30243	961.48694
814.31409	959.47333
814.32581	964.80322
814.33746	962.08282
814.34912	963.57532
814.36084	962.34424
814.3725	966.02362
814.38422	965.26196
814.39587	962.62842
814.40759	967.75494
814.41925	967.92651
814.43097	967.02332
814.44263	970.28424
814.45428	969.98108
814.466	970.36499
814.47766	967.36389
814.48938	966.38635
814.50104	970.83618
814.51276	969.87177
814.52441	965.64545
814.53613	968.55859
814.54779	969.96735
814.55945	969.0376
814.57117	962.31366
814.58282	959.80487
814.59454	961.55817
814.6062	955.73175
814.61792	956.25299
814.62958	960.29211
814.6413	956.02448
814.65295	952.99463
814.66461	953.02808
814.67633	951.38861
814.68799	951.09631
814.69971	948.19348
814.71136	947.94116
814.72308	945.59265
814.73474	942.60748
814.74646	943.3385
814.75812	945.67712
814.76984	945.90143
814.78149	942.5946
814.79315	941.83771
814.80487	942.09546
814.81653	941.09521
814.82825	937.51666
814.8399	940.05432
814.85162	928.37225
814.86328	928.71228
814.875	932.73505
814.88666	933.23975
814.89832	929.56622
814.91003	929.58728
814.92169	929.45117
814.93341	931.70337
814.94507	925.2915
814.95679	923.63934
814.96844	923.65649
814.98016	921.05786
814.99182	921.71002
815.00348	919.5437
815.0152	919.63141
815.02686	922.03235
815.03857	918.89056
815.05023	913.85107
815.06195	914.44867
815.07361	916.00494
815.08533	915.57074
815.09698	914.09058
815.10864	912.46906
815.12036	912.21057
815.13202	911.67065
815.14374	911.89722
815.1554	911.66815
815.16711	909.85895
815.17877	909.53986
815.19049	907.69696
815.20215	913.15784
815.21381	908.65582
815.22552	908.57739
815.23718	906.0191
815.2489	906.70532
815.26056	907.90894
815.27228	906.31403
815.28394	905.92249
815.29565	906.06909
815.30731	903.74109
815.31897	905.74493
815.33069	903.46301
815.34235	900.62402
815.35406	903.57837
815.36572	903.28479
815.37744	902.12994
815.3891	900.95392
815.40082	899.36005
815.41248	900.89276
815.42419	899.9223
815.43585	899.87793
815.44751	900.1864
815.45923	896.74902
815.47089	896.23627
815.4826	898.02765
815.49426	896.44037
815.50598	896.74048
815.51764	896.65259
815.52936	895.68738
815.54102	895.66901
815.55267	894.78992
815.56439	897.51245
815.57605	896.13373
815.58777	892.29797
815.59943	893.88037
815.61115	894.90204
815.6228	893.61377
815.63452	893.18359
815.64618	893.63678
815.65784	894.6496
815.66956	891.27979
815.68121	889.53668
815.69293	888.17517
815.70459	893.36932
815.71631	892.61005
815.72797	891.34967
815.73969	890.49432
815.75134	889.71851
815.763	890.21008
815.77472	890.08618
815.78638	890.80237
815.7981	889.66754
815.80975	887.13062
815.82147	889.71234
815.83313	887.59564
815.84485	886.22461
815.85651	888.80579
815.86816	888.43896
815.87988	888.44421
815.89154	886.8418
815.90326	888.40247
815.91492	887.50385
815.92664	886.34161
815.93829	885.7193
815.95001	886.65576
815.96167	883.98077
815.97339	884.99683
815.98505	887.27875
815.9967	886.11487
816.00842	884.92505
816.02008	882.15375
816.0318	885.5658
816.04346	884.95319
816.05518	884.53967
816.06683	884.9964
816.07855	885.34613
816.09021	883.61346
816.10187	883.39252
816.11359	884.98413
816.12524	885.22705
816.13696	884.91156
816.14862	883.32068
816.16034	883.44141
816.172	882.55396
816.18372	881.64703
816.19537	882.40131
816.20703	882.62036
816.21875	883.36707
816.23041	883.53308
816.24213	883.51758
816.25378	884.27942
816.2655	883.5451
816.27716	882.69531
816.28888	883.80811
816.30054	883.03973
816.31219	881.625
816.32391	880.50793
816.33557	880.39246
816.34729	879.85596
816.35895	881.72046
816.37067	882.5755
816.38232	881.64215
816.39404	881.21698
816.4057	880.40967
816.41736	883.44299
816.42908	881.56085
816.44073	880.02191
816.45245	881.98322
816.46411	881.07727
816.47583	882.59894
816.48749	879.36212
816.49921	879.65997
816.51086	879.84961
816.52252	880.76514
816.53424	879.625
816.5459	879.59149
816.55762	879.17712
816.56927	881.14948
816.58099	879.24402
816.59265	880.495
816.60437	879.90411
816.61603	879.39618
816.62775	880.46429
816.6394	880.60413
816.65106	879.38342
816.66278	878.90216
816.67444	879.12341
816.68616	879.21387
816.69781	879.34735
816.70953	879.12854
816.72119	878.26459
816.73291	878.22552
816.74457	878.19592
816.75623	879.07758
816.76794	880.0451
816.7796	879.39728
816.79132	879.41321
816.80298	879.14447
816.8147	878.70929
816.82635	878.11639
816.83807	877.7298
816.84973	879.05109
816.86139	879.15649
816.87311	877.15759
816.88477	878.11127
816.89648	876.90521
816.90814	876.8493
816.91986	878.0791
816.93152	876.82935
816.94324	877.70129
816.9549	877.87799
816.96655	878.10309
816.97827	877.26013
816.98993	877.96063
817.00165	877.72772
817.01331	877.84552
817.02502	879.06561
817.03668	876.6347
817.0484	878.0968
817.06006	878.10498
817.07172	877.97614
817.08344	876.65314
817.09509	875.15521
817.10681	875.81641
817.11847	876.98547
817.13019	877.35938
817.14185	876.44849
817.15356	875.85071
817.16522	875.9483
817.17694	878.0401
817.1886	878.56256
817.20026	877.78851
817.21198	877.32892
817.22363	876.22101
817.23535	876.75079
817.24701	878.32513
817.25873	876.83173
817.27039	876.7807
817.2821	875.52142
817.29376	876.31799
817.30542	877.64594
817.31714	877.0777
817.3288	876.18445
817.34052	875.76294
817.35217	875.6106
817.36389	875.14044
817.37555	876.10114
817.38727	875.51385
817.39893	875.68378
817.41058	876.56494
817.4223	876.1275
817.43396	876.85382
817.44568	875.95013
817.45734	874.99518
817.46906	875.80682
817.48071	876.62329
817.49243	877.02448
817.50409	875.38434
817.51575	876.12079
817.52747	876.87561
817.53912	874.81018
817.55084	875.93854
817.5625	874.84186
817.57422	876.47729
817.58588	876.77655
817.5976	875.81024
817.60925	876.42273
817.62091	876.87891
817.63263	876.50122
817.64429	875.73114
817.65601	876.76642
817.66766	875.99329
817.67938	876.84729
817.69104	876.32556
817.70276	876.86072
817.71442	875.51746
817.72607	876.9176
817.73779	876.82672
817.74945	874.74457
817.76117	874.65094
817.77283	875.41351
817.78455	875.15656
817.7962	874.51324
817.80792	876.32227
817.81958	876.51831
817.8313	876.81433
817.84296	876.79761
817.85461	876.08063
817.86633	876.13947
817.87799	874.80695
817.88971	874.24359
817.90137	874.44067
817.91309	875.0014
817.92474	876.47345
817.93646	877.00269
817.94812	876.4328
817.95978	875.1084
817.9715	876.85406
817.98315	875.57318
817.99487	876.72418
818.00653	875.83185
818.01825	874.32202
818.02991	876.55988
818.04163	876.2373
818.05328	875.87579
818.06494	876.79218
818.07666	875.62219
818.08832	875.84814
818.10004	875.3241
818.11169	874.43158
818.12341	874.16791
818.13507	876.33112
818.14679	876.02795
818.15845	875.0929
818.1701	874.98975
818.18182	875.56519
818.19348	875.47461
818.2052	875.04755
818.21686	874.56152
818.22858	875.69977
818.24023	874.81317
818.25195	874.92139
818.26361	874.88873
818.27527	875.35516
818.28699	876.00702
818.29865	876.36755
818.31036	875.69611
818.32202	874.75763
818.33374	875.52295
818.3454	876.42487
818.35712	873.71631
818.36877	873.95819
818.38049	874.08978
818.39215	874.724
818.40381	875.14642
818.41553	874.51514
818.42719	875.60999
818.4389	874.66913
818.45056	875.43732
818.46228	875.56116
818.47394	873.7063
818.48566	874.0741
818.49731	874.90173
818.50897	874.47058
818.52069	873.76862
818.53235	874.13904
818.54407	873.46362
818.55573	875.48303
818.56744	873.89923
818.5791	874.18323
818.59082	876.64941
818.60248	873.64063
818.61414	875.60443
818.62585	875.27454
818.63751	875.65411
818.64923	874.2926
818.66089	874.53296
818.67261	875.11548
818.68427	875.72443
818.69598	872.01599
818.70764	875.38538
818.7193	873.60925
818.73102	873.69617
818.74268	875.026
818.75439	874.46039
818.76605	873.84576
818.77777	875.70923
818.78943	875.22388
818.80115	875.73895
818.81281	875.79639
818.82446	875.4538
818.83618	874.99084
818.84784	874.62628
818.85956	874.23151
818.87122	875.31744
818.88293	876.38849
818.89459	876.7381
818.90631	876.37872
818.91797	876.54187
818.92963	876.12866
818.94135	876.54437
818.953	875.27563
818.96472	875.15149
818.97638	874.77466
818.9881	875.39874
818.99976	875.04767
819.01147	875.0152
819.02313	875.76685
819.03485	874.21027
819.04651	873.40283
819.05817	874.19983
819.06989	874.54083
819.08154	875.02356
819.09326	874.83759
819.10492	874.05383
819.11664	875.45251
819.1283	875.68726
819.14001	872.63196
819.15167	874.72845
819.16333	875.53064
819.17505	874.02252
819.18671	874.62683
819.19843	874.57446
819.21008	875.26019
819.2218	874.90631
819.23346	875.54773
819.24518	875.21735
819.25684	874.49658
819.26849	875.13062
819.28021	875.3642
819.29187	874.76221
819.30359	875.69672
819.31525	875.56476
819.32697	874.95782
819.33862	873.56067
819.35034	874.14563
819.362	876.14392
819.37366	875.65979
819.38538	875.31439
819.39703	875.61798
819.40875	874.84814
819.42041	873.85388
819.43213	874.08771
819.44379	873.56714
819.45551	874.5614
819.46716	873.40985
819.47882	873.4007
819.49054	874.64996
819.5022	875.02496
819.51392	876.33972
819.52557	875.28705
819.53729	876.96649
819.54895	874.50018
819.56067	874.70502
819.57233	876.17511
819.58405	874.38806
819.5957	875.72644
819.60736	873.69055
819.61908	872.95764
819.63074	873.81152
819.64246	873.98779
819.65411	876.36133
819.66583	874.02521
819.67749	875.64282
819.68921	874.297
819.70087	874.4541
819.71252	873.30487
819.72424	875.22003
819.7359	874.86914
819.74762	874.87427
819.75928	875.12714
819.771	875.3396
819.78265	874.04974
819.79437	873.18805
819.80603	874.85706
819.81769	875.42322
819.82941	875.64783
819.84106	875.13544
819.85278	873.87762
819.86444	874.17468
819.87616	874.87512
819.88782	874.90613
819.89954	874.18671
819.91119	875.14581
819.92285	875.27271
819.93457	875.38928
819.94623	875.34143
819.95795	875.80048
819.9696	876.29364
819.98132	875.52441
819.99298	875.43567
820.0047	874.92517
820.01636	874.9715
820.02802	875.88824
820.03973	876.22931
820.05139	874.45105
820.06311	874.02484
820.07477	874.4082
820.08649	875.78223
820.09814	874.9502
820.10986	874.88788
820.12152	874.21442
820.13318	874.83484
820.1449	874.8241
820.15656	874.64935
820.16827	874.76093
820.17993	874.34406
820.19165	875.06354
820.20331	875.42914
820.21503	874.21991
820.22668	875.40906
820.2384	874.89154
820.25006	875.24847
820.26172	874.96881
820.27344	875.18329
820.2851	874.84442
820.29681	874.56952
820.30847	874.14856
820.32019	874.47699
820.33185	873.77155
820.34357	875.24579
820.35522	875.04468
820.36688	875.47247
820.3786	875.54279
820.39026	875.1701
820.40198	874.36957
820.41364	875.58801
820.42535	875.30194
820.43701	875.63531
820.44873	875.4303
820.46039	874.79907
820.47205	874.79315
820.48376	874.77252
820.49542	875.69214
820.50714	875.75952
820.5188	875.33685
820.53052	874.23004
820.54218	875.0899
820.55389	875.74493
820.56555	874.59637
820.57721	874.81873
820.58893	874.6571
820.60059	874.69031
820.6123	875.289
820.62396	873.62659
820.63568	873.69061
820.64734	874.62122
820.65906	874.24744
820.67072	874.40503
820.68237	874.15369
820.69409	874.53345
820.70575	874.58392
820.71747	874.55341
820.72913	873.67236
820.74084	874.95154
820.7525	874.97003
820.76422	873.60822
820.77588	874.44141
820.7876	874.33002
820.79926	875.76001
820.81091	874.41821
820.82263	875.33093
820.83429	874.16174
820.84601	873.57806
820.85767	873.25
820.86938	874.25183
820.88104	875.75537
820.89276	875.46393
820.90442	874.44037
820.91608	874.12128
820.9278	873.25183
820.93945	875.01233
820.95117	874.35962
820.96283	875.23566
820.97455	873.93866
820.98621	873.65656
820.99792	873.08612
821.00958	874.41455
821.02124	874.79962
821.03296	874.21606
821.04462	874.29468
821.05634	873.69019
821.06799	874.75525
821.07971	874.7774
821.09137	874.43671
821.10309	874.04712
821.11475	875.01813
821.1264	873.84045
821.13812	873.38129
821.14978	874.92065
821.1615	873.51025
821.17316	877.27795
821.18488	873.52692
821.19653	874.44189
821.20825	874.22424
821.21991	874.03979
821.23157	874.66577
821.24329	874.59265
821.25494	875.84253
821.26666	875.19128
821.27832	875.30951
821.29004	875.28949
821.3017	873.73718
821.31342	874.14386
821.32507	874.91583
821.33673	875.60406
821.34845	874.49805
821.36011	875.20697
821.37183	873.68646
821.38348	875.38452
821.3952	874.30927
821.40686	875.51624
821.41858	875.22247
821.43024	873.09729
821.44196	874.57135
821.45361	876.22693
821.46527	875.46204
821.47699	874.68964
821.48865	873.03534
821.50037	874.10925
821.51202	875.01624
821.52374	874.76208
821.5354	875.45392
821.54712	874.56769
821.55878	873.18384
821.57043	875.17529
821.58215	874.94714
821.59381	875.16693
821.60553	874.46869
821.61719	873.40906
821.62891	874.76593
821.64056	875.23358
821.65228	875.54236
821.66394	874.92523
821.6756	875.46045
821.68732	875.67584
821.69897	874.63806
821.71069	874.82092
821.72235	874.63849
821.73407	874.42902
821.74573	875.42432
821.75745	875.05902
821.7691	874.32788
821.78076	874.27557
821.79248	874.83502
821.80414	875.12292
821.81586	874.71582
821.82751	873.84344
821.83923	874.62732
821.85089	875.3797
821.86261	875.33618
821.87427	874.63464
821.88593	875.23572
821.89764	874.1286
821.9093	874.40503
821.92102	874.62665
821.93268	875.12543
821.9444	874.64392
821.95605	876.19336
821.96777	875.61432
821.97943	875.35107
821.99115	874.4809
822.00281	874.53326
822.01447	875.92328
822.02618	875.3136
822.03784	873.84247
822.04956	874.263
822.06122	874.20886
822.07294	874.94305
822.08459	874.92322
822.09631	874.4494
822.10797	874.25488
822.11963	874.61237
822.13135	874.73383
822.14301	875.17096
822.15472	874.7298
822.16638	875.92749
822.1781	875.9389
822.18976	874.95752
822.20148	875.81116
822.21313	874.31372
822.22479	874.68756
822.23651	874.7359
822.24817	873.42908
822.25989	874.27307
822.27155	875.17133
822.28326	874.5174
822.29492	874.72931
822.30664	873.73712
822.3183	875.74908
822.32996	874.24799
822.34167	874.82941
822.35333	874.06897
822.36505	872.88452
822.37671	874.02222
822.38843	874.54187
822.40009	874.36041
822.4118	874.40863
822.42346	875.0365
822.43512	874.54431
822.44684	874.1803
822.4585	874.46869
822.47021	874.75476
822.48187	875.27295
822.49359	874.90289
822.50525	873.95721
822.51697	873.14728
822.52863	873.87305
822.54028	874.98785
822.552	875.04144
822.56366	874.68585
822.57538	874.703
822.58704	875.17426
822.59875	873.3335
822.61041	873.99841
822.62213	874.53766
822.63379	874.14636
822.64551	873.59314
822.65717	873.60382
822.66882	874.36243
822.68054	875.37933
822.6922	873.60217
822.70392	872.99127
822.71558	873.94434
822.72729	873.40112
822.73895	872.6759
822.75067	873.63849
822.76233	872.90564
822.77399	873.3808
822.78571	876.83929
822.79736	874.93335
822.80908	873.43701
822.82074	874.00195
822.83246	874.71588
822.84412	875.25238
822.85583	875.26831
822.86749	875.46393
822.87915	875.06793
822.89087	874.83264
822.90253	874.92792
822.91425	873.85217
822.9259	875.37982
822.93762	875.19867
822.94928	875.51025
822.961	875.30383
822.97266	874.64703
822.98431	874.73633
822.99603	873.36023
823.00769	876.30273
823.01941	874.59674
823.03107	875.1004
823.04279	874.24927
823.05444	874.25574
823.06616	873.02319
823.07782	873.49713
823.08948	875.14349
823.1012	873.29883
823.11285	874.45221
823.12457	874.78534
823.13623	873.98291
823.14795	875.52045
823.15961	874.16461
823.17133	874.45679
823.18298	874.68512
823.1947	875.00653
823.20636	874.68109
823.21802	874.1983
823.22974	874.67499
823.24139	875.17499
823.25311	874.66772
823.26477	872.41302
823.27649	874.3136
823.28815	874.19769
823.29987	874.5036
823.31152	874.19183
823.32318	873.47998
823.3349	873.17303
823.34656	873.15295
823.35828	874.75708
823.36993	875.84259
823.38165	874.05328
823.39331	874.2262
823.40503	874.48224
823.41669	873.16858
823.42834	872.82922
823.44006	874.9129
823.45172	873.90637
823.46344	874.01892
823.4751	874.60443
823.48682	874.14001
823.49847	873.20062
823.51019	873.75232
823.52185	873.31812
823.53351	874.08972
823.54523	873.72046
823.55688	874.60321
823.5686	873.24158
823.58026	873.99634
823.59198	873.66193
823.60364	872.76959
823.61536	874.04767
823.62701	875.29376
823.63867	873.15454
823.65039	874.26782
823.66205	874.92151
823.67377	875.66803
823.68542	873.89557
823.69714	875.55396
823.7088	874.52655
823.72052	874.99622
823.73218	874.47278
823.74384	873.56183
823.75555	875.69312
823.76721	873.97711
823.77893	874.0459
823.79059	873.74506
823.80231	874.35309
823.81396	874.31519
823.82568	875.49713
823.83734	874.97076
823.84906	873.02863
823.86072	873.7926
823.87238	874.55585
823.88409	873.89258
823.89575	872.77576
823.90747	873.77856
823.91913	874.98944
823.93085	874.00726
823.9425	874.55273
823.95422	874.1319
823.96588	874.19739
823.97754	875.53558
823.98926	873.65955
824.00092	874.2865
824.01263	873.53998
824.02429	874.41541
824.03601	874.20355
824.04767	875.0481
824.05939	874.21277
824.07104	873.43121
824.0827	874.31055
824.09442	876.49969
824.10608	874.80811
824.1178	873.00061
824.12946	873.5918
824.14117	872.3288
824.15283	873.43335
824.16455	873.90704
824.17621	874.42676
824.18787	874.31494
824.19958	875.92389
824.21124	872.88055
824.22296	874.15887
824.23462	872.47473
824.24634	873.66022
824.258	874.7157
824.26971	872.81433
824.28137	874.09711
824.29303	874.16278
824.30475	872.3006
824.31641	874.28101
824.32813	874.3103
824.33978	875.46729
824.3515	873.52271
824.36316	873.53473
824.37488	872.6568
824.38654	873.44696
824.39825	874.37665
824.40991	873.85986
824.42157	872.38708
824.43329	874.22656
824.44495	873.61218
824.45667	875.16235
824.46832	872.70898
824.48004	873.4978
824.4917	871.91394
824.50342	875.07355
824.51508	874.79279
824.52673	874.38049
824.53845	874.71283
824.55011	873.83673
824.56183	874.56647
824.57349	872.93347
824.58521	874.67444
824.59686	874.30914
824.60858	873.75006
824.62024	872.5495
824.6319	872.99445
824.64362	873.18628
824.65527	871.8819
824.66699	871.98572
824.67865	873.33752
824.69037	873.58386
824.70203	874.06348
824.71375	872.84692
824.7254	874.00848
824.73706	874.02338
824.74878	874.18103
824.76044	873.34741
824.77216	874.40881
824.78381	872.4342
824.79553	873.92493
824.80719	874.02777
824.81891	873.15527
824.83057	873.61072
824.84222	872.58972
824.85394	873.30884
824.8656	873.26044
824.87732	872.83667
824.88898	872.90607
824.9007	873.87091
824.91235	873.91931
824.92407	873.98846
824.93573	874.72455
824.94739	873.29517
824.95911	872.44855
824.97076	873.7467
824.98248	873.69495
824.99414	873.45087
825.00586	872.52905
825.01752	871.9259
825.02924	872.63129
825.04089	873.89154
825.05261	874.35638
825.06427	873.85669
825.07593	873.5766
825.08765	874.06519
825.0993	873.10693
825.11102	872.73596
825.12268	872.08496
825.1344	873.42261
825.14606	873.18945
825.15778	874.21576
825.16943	873.23102
825.18109	873.71844
825.19281	873.73755
825.20447	873.77814
825.21619	873.65143
825.22784	873.80994
825.23956	871.51727
825.25122	872.46271
825.26294	874.41772
825.2746	872.58612
825.28625	873.92554
825.29797	873.41577
825.30963	873.3158
825.32135	873.18433
825.33301	872.99908
825.34473	872.95532
825.35638	874.2724
825.3681	873.79016
825.37976	873.17395
825.39142	873.20038
825.40314	872.40955
825.41479	873.38855
825.42651	873.43884
825.43817	873.04181
825.44989	873.02051
825.46155	873.5683
825.47327	872.40936
825.48492	871.72491
825.49658	873.49414
825.5083	873.31476
825.51996	873.34167
825.53168	875.02856
825.54333	873.38788
825.55505	873.50653
825.56671	873.67242
825.57843	873.28027
825.59009	873.75018
825.60175	872.5556
825.61346	873.45929
825.62512	871.85925
825.63684	873.76709
825.6485	873.14563
825.66022	873.19916
825.67188	872.88312
825.68359	873.22375
825.69525	870.26837
825.70697	873.91815
825.71863	873.81433
825.73029	871.8327
825.742	871.73077
825.75366	874.54163
825.76538	873.65332
825.77704	873.4892
825.78876	871.10846
825.80042	872.09485
825.81213	872.8363
825.82379	873.65759
825.83545	873.88446
825.84717	871.90192
825.85883	873.55298
825.87054	871.68665
825.8822	872.7287
825.89392	873.88495
825.90558	872.07147
825.9173	872.25732
825.92896	872.76886
825.94061	872.75793
825.95233	872.93835
825.96399	871.55151
825.97571	872.58881
825.98737	873.82574
825.99908	874.06274
826.01074	874.5083
826.02246	872.78235
826.03412	873.35083
826.04578	873.60187
826.0575	873.55328
826.06915	873.01367
826.08087	871.3291
826.09253	873.50006
826.10425	871.21606
826.11591	872.92291
826.12762	873.10175
826.13928	872.77118
826.15094	873.77179
826.16266	873.05389
826.17432	872.89392
826.18604	874.16748
826.19769	873.08105
826.20941	872.53223
826.22107	872.32214
826.23279	872.93939
826.24445	871.29291
826.25616	873.12885
826.26782	870.82153
826.27948	871.64667
826.2912	872.99408
826.30286	872.29761
826.31458	873.68939
826.32623	872.77954
826.33795	871.9455
826.34961	872.32391
826.36133	871.15643
826.37299	872.01318
826.38464	873.39996
826.39636	872.32391
826.40802	872.96698
826.41974	872.56696
826.4314	872.5578
826.44312	873.00159
826.45477	873.1192
826.46649	873.44519
826.47815	872.51337
826.48981	871.79901
826.50153	870.55786
826.51318	872.1123
826.5249	872.54095
826.53656	872.75183
826.54828	872.64661
826.55994	874.28577
826.57166	873.34784
826.58331	873.69116
826.59497	870.80414
826.60669	871.12518
826.61835	872.0152
826.63007	872.38751
826.64172	872.31012
826.65344	872.10852
826.6651	871.60437
826.67682	870.59827
826.68848	870.46252
826.70013	872.70728
826.71185	872.27991
826.72351	871.40948
826.73523	871.50128
826.74689	872.5011
826.75861	871.22656
826.77026	871.841
826.78198	872.15967
826.79364	872.16064
826.8053	871.97485
826.81702	873.15454
826.82867	872.651
826.84039	871.47223
826.85205	872.41895
826.86377	872.74847
826.87543	871.25995
826.88715	871.55402
826.8988	872.46655
826.91052	872.2735
826.92218	871.96124
826.93384	872.37213
826.94556	872.36884
826.95721	871.86896
826.96893	871.0871
826.98059	871.16602
826.99231	871.73242
827.00397	871.27185
827.01569	871.41846
827.02734	873.32904
827.039	873.17578
827.05072	871.81293
827.06238	873.04395
827.0741	872.42059
827.08575	871.3974
827.09747	871.21643
827.10913	872.27264
827.12085	872.57281
827.13251	870.50122
827.14417	872.64417
827.15588	871.43652
827.16754	871.69171
827.17926	870.44611
827.19092	870.89893
827.20264	870.69073
827.21429	872.63141
827.22601	872.09271
827.23767	871.31439
827.24933	871.77283
827.26105	872.29279
827.27271	871.66132
827.28442	871.40399
827.29608	873.46576
827.3078	873.16089
827.31946	871.74475
827.33118	871.58887
827.34283	871.5351
827.35449	870.88641
827.36621	870.22449
827.37787	871.58337
827.38959	871.20319
827.40125	871.92743
827.41296	870.88818
827.42462	872.48364
827.43634	871.6145
827.448	871.31793
827.45972	869.89081
827.47137	870.12781
827.48303	871.9856
827.49475	872.26874
827.50641	873.73071
827.51813	872.29022
827.52979	871.52539
827.5415	872.25812
827.55316	872.49426
827.56488	871.66559
827.57654	871.22931
827.5882	872.21094
827.59991	870.3642
827.61157	872.38818
827.62329	871.71149
827.63495	872.02875
827.64667	872.6413
827.65833	872.2442
827.67004	869.716
827.6817	871.93915
827.69336	872.37372
827.70508	871.30994
827.71674	872.37939
827.72845	872.85352
827.74011	872.60834
827.75183	871.04846
827.76349	871.94092
827.77521	871.00684
827.78687	868.60913
827.79852	872.1839
827.81024	870.86816
827.8219	870.55164
827.83362	871.51294
827.84528	871.6759
827.85699	872.02826
827.86865	871.62604
827.88037	872.50482
827.89203	871.54645
827.90369	873.37836
827.91541	871.66705
827.92706	872.1814
827.93878	872.57422
827.95044	871.5542
827.96216	872.92401
827.97382	870.61133
827.98553	873.41895
827.99719	872.62018
828.00885	870.85571
828.02057	871.01892
828.03223	870.86633
828.04395	871.09827
828.0556	872.54913
828.06732	872.33746
828.07898	871.6452
828.0907	872.90936
828.10236	872.35144
828.11407	871.73248
828.12573	872.42096
828.13739	872.36346
828.14911	872.0722
828.16077	872.00757
828.17249	871.12024
828.18414	871.01733
828.19586	871.20062
828.20752	871.78827
828.21924	872.26965
828.2309	872.4043
828.24255	872.17834
828.25427	871.71863
828.26593	870.62
828.27765	871.79926
828.28931	872.6908
828.30103	872.70782
828.31268	871.71497
828.3244	871.58301
828.33606	871.31378
828.34772	871.33606
828.35944	872.76141
828.37109	872.55072
828.38281	871.60162
828.39447	872.64557
828.40619	872.14197
828.41785	872.34576
828.42957	872.19763
828.44122	872.91357
828.45288	872.20728
828.4646	872.39954
828.47626	872.54303
828.48798	872.11591
828.49963	871.28748
828.51135	872.00012
828.52301	869.98358
828.53473	871.55859
828.54639	871.88409
828.55804	871.80597
828.56976	871.34033
828.58142	871.34387
828.59314	871.9707
828.6048	872.12634
828.61652	871.52673
828.62817	872.1225
828.63989	872.45477
828.65155	872.23431
828.66327	871.3772
828.67493	871.29108
828.68658	870.83368
828.6983	871.85449
828.70996	872.16309
828.72168	871.82745
828.73334	871.7735
828.74506	871.76416
828.75671	871.8689
828.76843	870.68982
828.78009	871.64526
828.79175	872.72174
828.80347	871.83838
828.81512	870.09851
828.82684	871.85718
828.8385	872.20459
828.85022	872.15942
828.86188	872.2243
828.8736	872.84302
828.88525	872.29773
828.89691	872.06757
828.90863	871.71423
828.92029	872.63733
828.93201	871.35022
828.94366	871.87341
828.95538	872.30579
828.96704	871.50916
828.97876	870.90771
828.99042	872.6153
829.00208	873.04572
829.01379	871.81403
829.02545	872.59003
829.03717	872.49701
829.04883	871.26544
829.06055	871.24371
829.0722	872.1004
829.08392	871.38464
829.09558	871.35669
829.10724	871.29449
829.11896	871.31061
829.13062	872.79083
829.14233	872.8158
829.15399	872.78735
829.16571	870.84985
829.17737	871.19153
829.18909	871.77155
829.20074	872.77704
829.2124	871.67206
829.22412	870.75952
829.23578	871.28381
829.2475	871.70178
829.25916	872.71979
829.27087	872.0459
829.28253	870.94904
829.29425	872.91998
829.30591	872.82654
829.31763	871.86066
829.32928	872.47937
829.34094	871.47284
829.35266	871.67926
829.36432	870.49127
829.37604	871.15253
829.3877	872.45776
829.39941	871.11249
829.41107	870.94879
829.42279	872.58136
829.43445	870.758
829.44611	871.40381
829.45782	870.41663
829.46948	872.04144
829.4812	872.34357
829.49286	872.92175
829.50458	872.07764
829.51624	872.91492
829.52795	873.82959
829.53961	870.85175
829.55127	870.44067
829.56299	871.02155
829.57465	871.31488
829.58636	872.16364
829.59802	871.97937
829.60974	874.10394
829.6214	873.08258
829.63312	872.52539
829.64478	872.94537
829.65643	873.37946
829.66815	872.66931
829.67981	870.72095
829.69153	870.6001
829.70319	870.4256
829.7149	872.19489
829.72656	872.52118
829.73828	872.83954
829.74994	870.4668
829.7616	872.07599
829.77332	871.09631
829.78497	872.94995
829.79669	871.75385
829.80835	872.93719
829.82007	871.61078
829.83173	872.00989
829.84344	872.51135
829.8551	872.81866
829.86682	872.1759
829.87848	872.98486
829.89014	872.67987
829.90186	870.39569
829.91351	871.55243
829.92523	873.05786
829.93689	873.5509
829.94861	872.776
829.96027	871.28485
829.97198	872.90753
829.98364	873.651
829.9953	873.0332
830.00702	873.41962
830.01868	870.87628
830.0304	872.06116
830.04205	872.78876
830.05377	873.1358
830.06543	872.81543
830.07715	873.34021
830.08881	872.6593
830.10046	873.30615
830.11218	872.89954
830.12384	872.75385
830.13556	873.79553
830.14722	873.24121
830.15894	873.04602
830.17059	872.10034
830.18231	871.50238
830.19397	870.28986
830.20563	871.0874
830.21735	872.36609
830.229	872.36206
830.24072	872.97101
830.25238	873.06714
830.2641	872.10089
830.27576	871.97217
830.28748	871.59155
830.29913	871.42419
830.31079	871.87823
830.32251	872.31915
830.33417	872.73425
830.34589	871.3963
830.35754	871.28033
830.36926	871.5437
830.38092	871.64154
830.39264	870.10181
830.4043	871.60327
830.41595	871.13623
830.42767	870.6983
830.43933	870.44012
830.45105	872.07343
830.46271	871.93091
830.47443	872.72308
830.48608	872.88147
830.4978	872.45856
830.50946	871.67596
830.52118	870.75793
830.53284	872.28595
830.54449	871.85052
830.55621	872.94623
830.56787	871.30634
830.57959	872.30505
830.59125	871.8205
830.60297	871.53735
830.61462	871.26025
830.62634	871.26678
830.638	872.41296
830.64966	873.44067
830.66138	873.26965
830.67303	871.22162
830.68475	871.862
830.69641	871.39868
830.70813	871.7323
830.71979	873.93982
830.73151	872.94763
830.74316	871.81848
830.75482	873.91052
830.76654	873.30811
830.7782	873.60156
830.78992	873.76904
830.80157	872.1922
830.81329	871.89453
830.82495	872.21381
830.83667	871.93329
830.84833	870.73682
830.85999	873.30396
830.8717	873.27893
830.88336	872.22363
830.89508	873.62128
830.90674	872.85876
830.91846	873.01099
830.93011	872.27661
830.94183	873.78693
830.95349	873.41858
830.96515	873.57257
830.97687	871.52777
830.98853	873.04376
831.00024	872.85815
831.0119	873.35443
831.02362	873.75745
831.03528	873.91638
831.047	872.41168
831.05865	872.80206
831.07037	872.4458
831.08203	871.93201
831.09369	873.02856
831.10541	873.28912
831.11707	873.64307
831.12878	872.00574
831.14044	871.84235
831.15216	872.60138
831.16382	873.03363
831.17554	872.56799
831.18719	872.41626
831.19885	872.64447
831.21057	872.91547
831.22223	872.07513
831.23395	872.82397
831.24561	871.67786
831.25732	872.37378
831.26898	872.79144
831.2807	872.59149
831.29236	873.13885
831.30402	872.40649
831.31573	872.48047
831.32739	872.87738
831.33911	872.24664
831.35077	873.68768
831.36249	872.83929
831.37415	872.28784
831.38586	872.31213
831.39752	872.75061
831.40918	871.7843
831.4209	874.10431
831.43256	872.14307
831.44427	871.85309
831.45593	872.56403
831.46765	870.43237
831.47931	872.53333
831.49103	872.56232
831.50269	872.05225
831.51434	872.43872
831.52606	872.36743
831.53772	872.80078
831.54944	872.55603
831.5611	873.0058
831.57281	870.9903
831.58447	873.39343
831.59619	873.55463
831.60785	872.79474
831.61951	873.00177
831.63123	872.60742
831.64288	872.29175
831.6546	873.07434
831.66626	872.28729
831.67798	871.96887
831.68964	871.97253
831.70135	874.03625
831.71301	872.70612
831.72473	872.8136
831.73639	872.95068
831.74805	872.30792
831.75977	872.68811
831.77142	873.1275
831.78314	872.9231
831.7948	872.61462
831.80652	873.07953
831.81818	872.76697
831.8299	871.83759
831.84155	872.66815
831.85321	873.20911
831.86493	872.26154
831.87659	873.36316
831.88831	873.87109
831.89996	873.07709
831.91168	873.24255
831.92334	872.92535
831.93506	873.51276
831.94672	871.685
831.95837	871.6795
831.97009	874.17841
831.98175	872.57764
831.99347	873.67377
832.00513	873.18872
832.01685	872.91846
832.0285	874.12122
832.04022	874.01605
832.05188	872.52008
832.06354	872.26898
832.07526	872.23962
832.08691	873.56763
832.09863	873.46442
832.11029	873.22504
832.12201	871.85272
832.13367	873.13818
832.14539	874.72296
832.15704	871.82013
832.1687	872.54828
832.18042	874.02112
832.19208	874.85999
832.2038	874.70911
832.21545	872.64709
832.22717	872.17444
832.23883	872.44745
832.25055	871.27252
832.26221	872.89844
832.27393	873.1579
832.28558	874.36652
832.29724	875.34644
832.30896	873.25793
832.32062	873.8808
832.33234	872.14526
832.34399	873.58606
832.35571	873.85486
832.36737	873.24481
832.37909	873.67078
832.39075	872.75409
832.4024	872.91644
832.41412	874.07635
832.42578	873.55408
832.4375	872.41229
832.44916	873.08179
832.46088	872.67981
832.47253	873.04688
832.48425	873.51257
832.49591	875.58594
832.50757	875.30859
832.51929	873.71912
832.53094	873.52557
832.54266	873.43793
832.55432	872.36053
832.56604	873.07611
832.5777	873.55096
832.58942	873.13654
832.60107	873.30676
832.61273	875.66827
832.62445	874.00012
832.63611	873.0708
832.64783	873.33252
832.65948	871.52869
832.6712	873.77582
832.68286	871.59241
832.69458	872.29706
832.70624	870.68811
832.7179	873.41833
832.72961	874.13562
832.74127	872.77643
832.75299	873.43903
832.76465	873.40723
832.77637	874.43036
832.78802	873.76703
832.79974	873.52838
832.8114	872.80078
832.82306	872.75806
832.83478	872.67969
832.84644	873.28729
832.85815	873.44006
832.86981	874.90271
832.88153	874.44897
832.89319	873.00488
832.90491	874.09412
832.91656	873.58691
832.92828	872.67963
832.93994	873.02545
832.9516	872.76379
832.96332	872.77435
832.97498	872.9964
832.98669	873.16846
832.99835	874.31281
833.01007	874.65613
833.02173	874.68243
833.03345	874.10663
833.0451	874.04266
833.05676	873.32092
833.06848	873.51379
833.08014	872.81
833.09186	874.34485
833.10352	873.96619
833.11523	872.86829
833.12689	874.07269
833.13861	875.13373
833.15027	874.4425
833.16193	873.07867
833.17365	874.72693
833.1853	872.96765
833.19702	874.58716
833.20868	875.50641
833.2204	873.00311
833.23206	873.50317
833.24377	872.46277
833.25543	872.32806
833.26709	873.82538
833.27881	874.57123
833.29047	872.17529
833.30219	873.93158
833.31384	873.60645
833.32556	873.91577
833.33722	874.32397
833.34894	874.75006
833.3606	874.04108
833.37225	874.76831
833.38397	873.37225
833.39563	873.41229
833.40735	872.65808
833.41901	872.86914
833.43073	873.461
833.44238	874.95007
833.4541	874.02515
833.46576	871.72388
833.47748	871.6969
833.48914	872.79736
833.50079	872.75391
833.51251	873.18591
833.52417	874.55591
833.53589	873.91571
833.54755	874.09869
833.55927	873.39447
833.57092	873.63507
833.58264	873.76379
833.5943	872.48279
833.60596	871.79266
833.61768	873.71735
833.62933	874.1405
833.64105	873.56226
833.65271	872.33014
833.66443	872.25946
833.67609	873.5882
833.68781	872.58472
833.69946	873.50525
833.71112	872.9812
833.72284	871.28979
833.7345	874.22125
833.74622	873.04407
833.75787	872.78149
833.76959	871.89246
833.78125	872.92206
833.79297	872.83478
833.80463	872.66785
833.81628	872.59875
833.828	872.16663
833.83966	873.59003
833.85138	874.24438
833.86304	873.93683
833.87476	872.66077
833.88641	873.98273
833.89813	874.11273
833.90979	872.80426
833.92145	873.46906
833.93317	873.34296
833.94482	873.78625
833.95654	874.15295
833.9682	873.04492
833.97992	873.38928
833.99158	873.96985
834.0033	874.33307
834.01495	872.57343
834.02661	872.74274
834.03833	873.39325
834.04999	874.18298
834.06171	874.89807
834.07336	872.84125
834.08508	873.96796
834.09674	873.19446
834.10846	873.63678
834.12012	874.3493
834.13184	872.71802
834.14349	872.49377
834.15515	874.34375
834.16687	873.64868
834.17853	872.84436
834.19025	873.35034
834.2019	872.66425
834.21362	872.56274
834.22528	871.51355
834.237	873.26001
834.24866	873.34656
834.26031	873.78644
834.27203	873.99109
834.28369	873.61127
834.29541	871.96283
834.30707	871.05762
834.31879	872.68671
834.33044	873.2027
834.34216	872.51117
834.35382	873.48755
834.36548	872.78583
834.3772	873.75635
834.38885	872.24658
834.40057	872.92731
834.41223	874.54358
834.42395	873.56604
834.43561	873.00586
834.44733	873.40289
834.45898	873.31036
834.47064	872.92169
834.48236	873.15179
834.49402	874.26477
834.50574	874.12433
834.5174	874.23737
834.52911	873.61932
834.54077	872.12555
834.55249	872.73328
834.56415	872.4743
834.57581	872.63879
834.58752	873.2785
834.59918	872.41064
834.6109	872.31226
834.62256	873.17029
834.63428	874.54645
834.64594	873.58435
834.65765	873.88428
834.66931	873.52557
834.68103	872.92096
834.69269	873.97211
834.70435	874.30383
834.71606	873.05688
834.72772	874.04248
834.73944	874.03516
834.7511	874.02838
834.76282	872.15125
834.77448	874.22955
834.78619	873.68695
834.79785	873.73138
834.80951	872.65729
834.82123	872.55853
834.83289	873.15582
834.8446	873.31152
834.85626	874.09161
834.86798	872.72198
834.87964	872.55939
834.89136	873.32733
834.90302	873.14728
834.91467	873.33124
834.92639	874.65302
834.93805	873.24377
834.94977	873.63727
834.96143	874.47607
834.97314	873.48584
834.9848	873.91809
834.99652	872.33997
835.00818	873.99384
835.01984	874.36365
835.03156	873.86157
835.04321	873.90967
835.05493	873.47198
835.06659	873.62311
835.07831	873.09302
835.08997	872.97607
835.10168	873.35614
835.11334	873.80884
835.125	874.21179
835.13672	874.17834
835.14838	873.72614
835.1601	873.5896
835.17175	873.36267
835.18347	873.69708
835.19513	872.82233
835.20685	873.10382
835.21851	872.61877
835.23016	874.16058
835.24188	872.59827
835.25354	872.24988
835.26526	872.99158
835.27692	872.45313
835.28864	872.5705
835.30029	872.84497
835.31201	874.68152
835.32367	874.08728
835.33539	873.37244
835.34705	873.55292
835.3587	873.14514
835.37042	873.203
835.38208	872.75726
835.3938	873.29749
835.40546	872.97186
835.41718	873.57361
835.42883	873.13971
835.44055	874.07288
835.45221	873.7865
835.46387	874.1358
835.47559	872.70258
835.48724	874.24823
835.49896	871.73645
835.51062	872.12238
835.52234	872.46234
835.534	871.84772
835.54572	874.12671
835.55737	874.1286
835.56903	874.29956
835.58075	873.31384
835.59241	874.12268
835.60413	873.61084
835.61578	874.50446
835.6275	873.50769
835.63916	874.20953
835.65088	872.80231
835.66254	873.18573
835.67419	873.56451
835.68591	873.83179
835.69757	872.88971
835.70929	872.94885
835.72095	874.11884
835.73267	873.91235
835.74432	872.26123
835.75604	873.49841
835.7677	873.83252
835.77936	873.62561
835.79108	873.80682
835.80273	873.85474
835.81445	873.01483
835.82611	872.58429
835.83783	872.63422
835.84949	872.935
835.86121	873.81799
835.87286	874.5094
835.88458	872.57928
835.89624	872.32727
835.9079	873.56146
835.91962	872.95868
835.93127	872.55566
835.94299	873.67023
835.95465	874.77887
835.96637	874.16382
835.97803	873.75537
835.98975	873.3139
836.0014	873.29498
836.01306	873.40552
836.02478	872.40314
836.03644	872.49512
836.04816	874.82251
836.05981	873.17926
836.07153	874.16541
836.08319	874.36554
836.09491	873.41858
836.10657	873.5592
836.11823	873.55127
836.12994	873.71082
836.1416	874.25745
836.15332	873.12469
836.16498	874.47504
836.1767	874.84424
836.18835	873.44153
836.20007	873.67737
836.21173	873.51794
836.22339	873.46967
836.23511	873.63159
836.24677	872.18567
836.25848	872.75513
836.27014	873.07306
836.28186	874.10583
836.29352	873.5968
836.30524	872.60895
836.31689	872.40656
836.32855	873.67566
836.34027	873.24176
836.35193	873.35211
836.36365	873.18555
836.37531	872.65576
836.38702	874.05109
836.39868	875.27216
836.4104	874.33911
836.42206	874.44855
836.43372	873.72717
836.44543	872.58008
836.45709	873.94318
836.46881	874.20825
836.48047	874.43909
836.49219	873.66779
836.50385	873.78961
836.51556	873.97113
836.52722	873.10504
836.53894	872.96753
836.5506	872.92981
836.56226	873.32465
836.57397	873.68787
836.58563	873.42365
836.59735	873.02228
836.60901	874.26874
836.62073	872.57471
836.63239	872.02826
836.6441	873.37762
836.65576	871.54028
836.66742	873.18884
836.67914	873.58966
836.6908	872.84082
836.70251	872.49664
836.71417	872.71124
836.72589	873.93066
836.73755	874.74615
836.74927	874.62274
836.76093	874.12097
836.77258	874.25598
836.7843	873.53351
836.79596	872.56744
836.80768	873.86182
836.81934	873.79816
836.83105	874.30603
836.84271	873.63043
836.85443	873.33044
836.86609	872.74585
836.87775	874.22083
836.88947	873.17395
836.90112	873.58453
836.91284	873.51355
836.9245	874.40717
836.93622	873.88251
836.94788	873.99152
836.95959	873.62329
836.97125	873.14685
836.98291	872.90192
836.99463	871.73499
837.00629	872.14886
837.01801	872.87018
837.02966	872.53442
837.04138	872.78894
837.05304	873.9328
837.06476	873.40729
837.07642	870.69519
837.08813	873.51367
837.09979	874.19403
837.11145	873.9693
837.12317	872.77417
837.13483	873.26245
837.14655	872.33685
837.1582	872.92871
837.16992	872.9032
837.18158	874.20715
837.1933	873.97504
837.20496	873.08313
837.21661	873.74402
837.22833	873.22632
837.23999	872.24829
837.25171	872.98828
837.26337	874.1037
837.27509	873.07251
837.28674	874.22992
837.29846	873.40979
837.31012	872.35181
837.32178	872.56238
837.3335	871.49463
837.34515	873.11658
837.35687	873.5462
837.36853	873.573
837.38025	873.92004
837.39191	874.14221
837.40363	874.06378
837.41528	873.73029
837.42694	873.99188
837.43866	874.0658
837.45032	873.80371
837.46204	873.71759
837.47369	872.88184
837.48541	872.59326
837.49707	873.3576
837.50879	873.38873
837.52045	873.23584
837.5321	873.2002
837.54382	872.35864
837.55548	872.79041
837.5672	872.94122
837.57886	874.40381
837.59058	873.31348
837.60223	873.97461
837.61395	873.80902
837.62561	872.40601
837.63727	871.65704
837.64899	873.46057
837.66064	873.01007
837.67236	873.49634
837.68402	873.72052
837.69574	872.79175
837.7074	874.19879
837.71912	872.78864
837.73077	872.11719
837.74249	873.26019
837.75415	872.19128
837.76581	873.64838
837.77753	873.40137
837.78918	873.26947
837.8009	874.70612
837.81256	873.97162
837.82428	873.25555
837.83594	873.45984
837.84766	874.05188
837.85931	873.78247
837.87097	873.72247
837.88269	873.35272
837.89435	873.29858
837.90607	872.25287
837.91772	872.26886
837.92944	872.43982
837.9411	872.60559
837.95282	873.40057
837.96448	872.25208
837.97614	872.85626
837.98785	872.88397
837.99951	872.58124
838.01123	872.12463
838.02289	873.59143
838.03461	873.55975
838.04626	871.93756
838.05798	872.91064
838.06964	873.42542
838.0813	873.31812
838.09302	873.49121
838.10468	874.76624
838.11639	873.78009
838.12805	873.14178
838.13977	872.98633
838.15143	873.34467
838.16315	872.33136
838.1748	872.76068
838.18646	873.68481
838.19818	873.52734
838.20984	873.36316
838.22156	874.0459
838.23322	874.03149
838.24493	873.58118
838.25659	872.93732
838.26831	874.0437
838.27997	872.39227
838.29169	873.57892
838.30334	872.36932
838.315	873.4704
838.32672	872.97552
838.33838	873.22443
838.3501	872.89984
838.36176	873.08844
838.37347	873.25568
838.38513	873.32379
838.39685	873.13464
838.40851	872.55334
838.42017	873.0965
838.43188	873.81183
838.44354	874.22705
838.45526	874.29089
838.46692	872.69342
838.47864	873.63721
838.4903	872.64648
838.50201	874.63959
838.51367	873.17749
838.52533	876.21564
838.53705	872.93835
838.54871	871.37726
838.56042	872.96136
838.57208	874.88531
838.5838	873.22357
838.59546	872.87634
838.60718	871.64044
838.61884	873.20789
838.63049	874.30334
838.64221	874.28833
838.65387	873.15662
838.66559	872.47491
838.67725	871.78546
838.68896	873.31171
838.70062	874.46448
838.71234	873.63684
838.724	872.73578
838.73566	873.03882
838.74738	872.78638
838.75903	872.80865
838.77075	872.44904
838.78241	873.43427
838.79413	872.59064
838.80579	872.56635
838.8175	874.11987
838.82916	874.07721
838.84082	874.16882
838.85254	874.11432
838.8642	874.71246
838.87592	872.94324
838.88757	873.70477
838.89929	873.80548
838.91095	873.64246
838.92267	874.4198
838.93433	873.12189
838.94604	871.64056
838.9577	873.77924
838.96936	871.20795
838.98108	873.6153
838.99274	874.80731
839.00446	874.53619
839.01611	872.86041
839.02783	873.6308
839.03949	874.33191
839.05121	872.99927
839.06287	873.07123
839.07452	872.46552
839.08624	871.76593
839.0979	872.39978
839.10962	871.96326
839.12128	873.3056
839.133	873.36346
839.14465	873.31653
839.15637	872.54095
839.16803	872.48492
839.17969	873.14313
839.19141	874.85236
839.20306	873.06061
839.21478	872.43402
839.22644	873.55475
839.23816	873.59436
839.24982	874.13379
839.26154	874.16949
839.27319	874.08679
839.28485	874.20636
839.29657	872.91742
839.30823	874.58191
839.31995	874.16919
839.3316	873.85535
839.34332	872.52087
839.35498	871.72827
839.3667	873.08447
839.37836	873.28796
839.39001	873.16046
839.40173	874.12811
839.41339	872.82135
839.42511	871.97717
839.43677	874.1795
839.44849	874.38245
839.46014	873.27869
839.47186	872.33765
839.48352	872.17841
839.49524	873.052
839.5069	873.3877
839.51855	873.98566
839.53027	874.3125
839.54193	874.1076
839.55365	872.87
839.56531	872.30347
839.57703	873.53296
839.58868	873.33276
839.6004	874.0755
839.61206	872.909
839.62372	874.36957
839.63544	874.43585
839.64709	875.38354
839.65881	872.90503
839.67047	872.78418
839.68219	872.29401
839.69385	872.44305
839.70557	873.37823
839.71722	873.03699
839.72888	874.12585
839.7406	873.49408
839.75226	873.20972
839.76398	873.59167
839.77563	873.54712
839.78735	873.49463
839.79901	873.61658
839.81073	873.47406
839.82239	873.42877
839.83405	874.21759
839.84576	874.17987
839.85742	873.88794
839.86914	872.74707
839.8808	873.12341
839.89252	872.61462
839.90417	872.83063
839.91589	872.87317
839.92755	873.53772
839.93921	872.33331
839.95093	874.14111
839.96259	874.11743
839.9743	874.2254
839.98596	872.57507
839.99768	874.28693
840.00934	874.95093
840.02106	873.48962
840.03271	873.85034
840.04437	874.14111
840.05609	874.29016
840.06775	873.65942
840.07947	872.94672
840.09113	874.12537
840.10284	873.29437
840.1145	873.8479
840.12622	875.08319
840.13788	874.85278
840.1496	873.16241
840.16125	873.9892
840.17291	873.15576
840.18463	875.703
840.19629	874.23956
840.20801	874.59009
840.21967	874.23352
840.23138	873.25818
840.24304	874.26477
840.25476	873.70215
840.26642	873.50531
840.27808	873.19653
840.28979	873.9754
840.30145	875.20587
840.31317	874.11633
840.32483	874.62445
840.33655	875.22632
840.34821	875.16339
840.35992	873.97198
840.37158	873.59991
840.38324	874.05725
840.39496	873.38953
840.40662	874.0033
840.41833	874.51172
840.42999	873.97296
840.44171	873.94989
840.45337	874.20001
840.46509	873.55035
840.47675	873.92645
840.4884	874.23303
840.50012	874.38422
840.51178	872.95251
840.5235	873.04004
840.53516	875.51263
840.54688	875.06262
840.55853	873.69489
840.57025	873.63678
840.58191	874.19574
840.59357	875.42957
840.60529	874.54553
840.61694	873.82483
840.62866	874.06824
840.64032	874.11346
840.65204	874.05823
840.6637	873.57471
840.67542	873.51715
840.68707	873.85986
840.69879	874.74915
840.71045	874.16925
840.72211	872.82172
840.73383	873.63776
840.74548	874.92609
840.7572	873.20221
840.76886	874.34033
840.78058	872.97461
840.79224	871.66064
840.80396	874.63086
840.81561	873.15466
840.82727	873.86304
840.83899	873.70398
840.85065	873.633
840.86237	873.96771
840.87402	874.03156
840.88574	873.80371
840.8974	874.79449
840.90912	874.57916
840.92078	874.75067
840.93243	873.92395
840.94415	875.3739
840.95581	875.44604
840.96753	875.35132
840.97919	875.35449
840.99091	873.8277
841.00256	873.30481
841.01428	874.20898
841.02594	873.59302
841.0376	873.06641
841.04932	873.39636
841.06097	873.76715
841.07269	873.79309
841.08435	873.87268
841.09607	875.13837
841.10773	873.11658
841.11945	873.56354
841.1311	873.20227
841.14276	873.78815
841.15448	874.03522
841.16614	875.24988
841.17786	875.13922
841.18951	875.41736
841.20123	874.44531
841.21289	874.10455
841.22461	873.29474
841.23627	875.17108
841.24792	874.46887
841.25964	874.02844
841.2713	873.83978
841.28302	873.24445
841.29468	874.03882
841.3064	875.1333
841.31805	874.91754
841.32977	874.11322
841.34143	873.90338
841.35315	874.62299
841.36481	874.79321
841.37646	874.61938
841.38818	875.354
841.39984	875.04907
841.41156	874.34808
841.42322	874.47156
841.43494	874.56842
841.44659	875.09241
841.45831	874.63269
841.46997	873.33185
841.48163	874.11481
841.49335	874.47156
841.505	874.83649
841.51672	874.58295
841.52838	874.81512
841.5401	876.15356
841.55176	875.33667
841.56348	876.16229
841.57513	874.55371
841.58679	875.02881
841.59851	874.54785
841.61017	876.01801
841.62189	875.97656
841.63354	875.76086
841.64526	875.49542
841.65692	874.57318
841.66864	874.55444
841.6803	873.60492
841.69196	875.2486
841.70367	873.54761
841.71533	873.13837
841.72705	875.60889
841.73871	875.07129
841.75043	875.29004
841.76208	875.12164
841.7738	873.573
841.78546	875.35229
841.79712	875.30688
841.80884	876.14417
841.8205	874.52728
841.83221	874.74677
841.84387	873.81708
841.85559	874.97705
841.86725	875.32764
841.87897	874.92401
841.89063	875.42426
841.90234	874.57996
841.914	873.26874
841.92566	874.22791
841.93738	876.00848
841.94904	875.89703
841.96075	875.25116
841.97241	874.69324
841.98413	873.91577
841.99579	874.60114
842.00751	876.31982
842.01917	875.8772
842.03082	875.21326
842.04254	874.83594
842.0542	873.45544
842.06592	873.89392
842.07758	874.82751
842.08929	875.2251
842.10095	874.42389
842.11267	874.00232
842.12433	876.64258
842.13599	878.04175
842.14771	874.85498
842.15936	875.18738
842.17108	874.14093
842.18274	873.31549
842.19446	874.3913
842.20612	873.93048
842.21783	874.68304
842.22949	875.52844
842.24115	875.89252
842.25287	875.56342
842.26453	874.737
842.27625	874.47913
842.2879	873.32605
842.29962	873.56464
842.31128	875.29169
842.323	875.16235
842.33466	875.16101
842.34631	874.74237
842.35803	875.31885
842.36969	875.80872
842.38141	875.87933
842.39307	875.21454
842.40479	876.8822
842.41644	876.51105
842.42816	876.68988
842.43982	876.09454
842.45148	876.27295
842.4632	874.71844
842.47485	874.01379
842.48657	873.5863
842.49823	875.82886
842.50995	875.27167
842.52161	875.94696
842.53333	876.00012
842.54498	875.86542
842.5567	875.35474
842.56836	875.58167
842.58002	875.93573
842.59174	875.88049
842.60339	874.46613
842.61511	875.42847
842.62677	874.13885
842.63849	874.67261
842.65015	875.02155
842.66187	873.84613
842.67352	875.90472
842.68518	875.73999
842.6969	875.08801
842.70856	876.55011
842.72028	876.22266
842.73193	874.92401
842.74365	876.61615
842.75531	875.62854
842.76703	875.10394
842.77869	874.20789
842.79034	874.22998
842.80206	874.46533
842.81372	877.12793
842.82544	876.32306
842.8371	875.49548
842.84882	875.07739
842.86047	876.34753
842.87219	875.97589
842.88385	875.98663
842.89551	876.01617
842.90723	874.95685
842.91888	874.0116
842.9306	875.71954
842.94226	875.68005
842.95398	875.31995
842.96564	875.22534
842.97736	875.3562
842.98901	875.14709
843.00067	874.84216
843.01239	875.14941
843.02405	875.15808
843.03577	875.39453
843.04742	876.73102
843.05914	876.8028
843.0708	876.07434
843.08252	874.88666
843.09418	874.19153
843.1059	876.01044
843.11755	875.74463
843.12921	876.18109
843.14093	875.04175
843.15259	876.26709
843.16431	876.17664
843.17596	874.14514
843.18768	875.82507
843.19934	875.70941
843.21106	876.0564
843.22272	875.17072
843.23438	875.40033
843.24609	876.29742
843.25775	877.17316
843.26947	875.43347
843.28113	875.87909
843.29285	876.13519
843.3045	875.50012
843.31622	875.19012
843.32788	875.49725
843.33954	876.04443
843.35126	875.23981
843.36292	875.38483
843.37463	875.53308
843.38629	876.13336
843.39801	874.74854
843.40967	875.24799
843.42139	874.87842
843.43304	876.18768
843.4447	876.74292
843.45642	876.59198
843.46808	875.66772
843.4798	876.7323
843.49146	875.17346
843.50317	876.1698
843.51483	877.38721
843.52655	875.99567
843.53821	876.41205
843.54987	877.03473
843.56158	875.7251
843.57324	875.91302
843.58496	876.90881
843.59662	875.5282
843.60834	876.78424
843.62	877.82867
843.63171	877.4519
843.64337	876.96216
843.65503	878.30756
843.66675	876.03174
843.67841	878.58881
843.69012	874.44189
843.70178	876.7179
843.7135	876.97974
843.72516	877.23987
843.73688	878.74097
843.74854	878.57367
843.76025	876.56732
843.77191	877.15161
843.78357	877.97906
843.79529	879.00171
843.80695	876.78308
843.81866	876.87305
843.83032	878.50275
843.84204	879.50604
843.8537	879.78802
843.86542	881.26715
843.87708	878.89819
843.88873	877.51776
843.90045	879.66254
843.91211	878.25439
843.92383	877.42175
843.93549	879.80579
843.9472	877.8924
843.95886	880.40186
843.97058	880.37598
843.98224	883.03406
843.9939	881.23218
844.00562	880.7403
844.01727	884.7569
844.02899	885.17377
844.04065	886.99084
844.05237	884.98889
844.06403	886.49475
844.07574	888.20642
844.0874	892.6181
844.09906	890.94275
844.11078	894.59784
844.12244	894.78882
844.13416	900.76001
844.14581	902.20306
844.15753	908.98102
844.16919	916.84656
844.18091	928.21606
844.19257	941.85352
844.20422	959.68188
844.21594	979.60413
844.2276	1001.5323
844.23932	1027.2584
844.25098	1069.2267
844.2627	1093.4363
844.27435	1137.7489
844.28607	1178.4529
844.29773	1205.467
844.30945	1231.2871
844.32111	1233.2356
844.33276	1228.5995
844.34448	1210.2052
844.35614	1190.8173
844.36786	1166.8284
844.37952	1123.3982
844.39124	1084.7163
844.40289	1050.5901
844.41461	1024.7173
844.42627	1005.5525
844.43793	984.30707
844.44965	963.46661
844.4613	949.27277
844.47302	940.25079
844.48468	930.53296
844.4964	919.71393
844.50806	909.78046
844.51978	904.7262
844.53143	899.00977
844.54309	900.62811
844.55481	894.12994
844.56647	887.89368
844.57819	891.90796
844.58984	889.37164
844.60156	884.72424
844.61322	884.35577
844.62494	886.00586
844.6366	887.46967
844.64825	885.08966
844.65997	882.4801
844.67163	881.69373
844.68335	879.36493
844.69501	881.89099
844.70673	881.112
844.71838	881.06561
844.7301	879.08008
844.74176	879.95117
844.75342	880.14618
844.76514	877.63226
844.77679	880.7486
844.78851	877.9491
844.80017	878.21332
844.81189	877.7677
844.82355	878.10156
844.83527	880.14545
844.84692	878.28888
844.85858	878.01416
844.8703	879.91992
844.88196	876.87714
844.89368	875.76056
844.90533	877.02966
844.91705	876.77228
844.92871	874.49097
844.94043	876.30902
844.95209	876.11761
844.96381	879.33398
844.97546	876.17487
844.98712	876.30005
844.99884	876.03076
845.0105	877.53149
845.02222	876.0321
845.03387	876.88123
845.04559	875.54584
845.05725	878.6593
845.06897	877.05255
845.08063	876.53833
845.09229	876.08197
845.104	876.83923
845.11566	877.08929
845.12738	875.91101
845.13904	875.43713
845.15076	874.49164
845.16241	878.5835
845.17413	877.8902
845.18579	876.37231
845.19745	876.54071
845.20917	876.99896
845.22083	876.22296
845.23254	875.02362
845.2442	875.41455
845.25592	878.55487
845.26758	876.70575
845.2793	878.64655
845.29095	876.33301
845.30261	877.11224
845.31433	875.16144
845.32599	876.53687
845.33771	876.78229
845.34937	877.90912
845.36108	877.21143
845.37274	875.48907
845.38446	874.82251
845.39612	875.81372
845.40778	874.953
845.41949	875.70459
845.43115	875.58008
845.44287	876.25568
845.45453	875.36444
845.46625	874.5249
845.47791	877.15009
845.48962	875.74323
845.50128	875.8642
845.513	876.83105
845.52466	875.36334
845.53632	876.94916
845.54803	876.55475
845.55969	875.55981
845.57141	874.95734
845.58307	875.70001
845.59479	874.13251
845.60645	876.1228
845.61816	876.25964
845.62982	875.19757
845.64148	877.34161
845.6532	877.30951
845.66486	873.68372
845.67657	876.37683
845.68823	875.11719
845.69995	876.76331
845.71161	875.64429
845.72333	876.00684
845.73499	876.513
845.74664	877.53528
845.75836	877.67621
845.77002	875.60492
845.78174	875.61627
845.7934	877.47644
845.80511	875.87616
845.81677	874.47046
845.82849	875.16541
845.84015	876.31158
845.85181	876.03687
845.86353	875.48236
845.87518	877.18665
845.8869	879.00574
845.89856	875.79498
845.91028	875.11652
845.92194	875.89215
845.93365	876.74609
845.94531	874.26123
845.95697	875.83105
845.96869	876.88684
845.98035	875.84479
845.99207	875.80646
846.00372	875.88275
846.01544	874.95453
846.0271	877.21014
846.03882	877.01721
846.05048	874.9303
846.06213	876.72778
846.07385	875.58295
846.08551	876.05963
846.09723	876.0448
846.10889	873.93701
846.12061	874.52161
846.13226	877.74127
846.14398	877.31976
846.15564	874.30713
846.16736	873.16083
846.17902	873.79376
846.19067	875.2077
846.20239	874.22754
846.21405	873.37579
846.22577	873.90948
846.23743	874.2666
846.24915	875.63721
846.2608	876.49426
846.27252	877.04572
846.28418	876.13464
846.29584	875.862
846.30756	876.61011
846.31921	875.82355
846.33093	876.55969
846.34259	876.11237
846.35431	875.16675
846.36597	874.32501
846.37769	874.52765
846.38934	874.08209
846.401	874.8595
846.41272	877.06732
846.42438	876.08557
846.4361	874.53442
846.44775	874.82184
846.45947	876.86353
846.47113	875.73035
846.48285	875.31372
846.49451	875.83893
846.50616	879.2019
846.51788	877.47845
846.52954	873.86932
846.54126	874.93445
846.55292	874.67151
846.56464	875.57507
846.57629	876.4389
846.58801	875.07599
846.59967	875.21478
846.61133	875.77734
846.62305	874.43134
846.6347	876.20099
846.64642	873.96796
846.65808	875.48785
846.6698	876.26044
846.68146	876.93469
846.69318	874.49994
846.70483	876.11566
846.71655	874.98981
846.72821	875.48035
846.73987	874.79462
846.75159	874.79498
846.76324	875.08435
846.77496	876.64337
846.78662	876.0033
846.79834	874.79694
846.81	875.81616
846.82172	876.68134
846.83337	874.15747
846.84503	873.59259
846.85675	876.55151
846.86841	874.9502
846.88013	874.69183
846.89178	875.76953
846.9035	876.1441
846.91516	875.2182
846.92688	873.26843
846.93854	875.54797
846.9502	875.22675
846.96191	874.27502
846.97357	875.13788
846.98529	874.70398
846.99695	875.02197
847.00867	876.0376
847.02032	874.91132
847.03204	876.9079
847.0437	874.43872
847.05536	875.89294
847.06708	876.88739
847.07874	876.89398
847.09045	874.91125
847.10211	874.0882
847.11383	874.72351
847.12549	874.98602
847.13721	875.97162
847.14886	877.11957
847.16052	875.62347
847.17224	873.67444
847.1839	873.28784
847.19562	874.3468
847.20728	874.45648
847.21899	876.85565
847.23065	876.41956
847.24237	877.85565
847.25403	874.01477
847.26569	875.59625
847.2774	873.65967
847.28906	875.86963
847.30078	875.94476
847.31244	874.61774
847.32416	875.23718
847.33582	875.71753
847.34753	874.94983
847.35919	874.86914
847.37091	876.76166
847.38257	877.03754
847.39423	874.15375
847.40594	873.50232
847.4176	873.12628
847.42932	875.29132
847.44098	873.06573
847.4527	874.23981
847.46436	874.5899
847.47607	875.48132
847.48773	875.48199
847.49939	874.36731
847.51111	873.8089
847.52277	874.03864
847.53448	874.61035
847.54614	875.27679
847.55786	875.99231
847.56952	872.49438
847.58124	874.88806
847.5929	873.84406
847.60455	874.8205
847.61627	877.40533
847.62793	875.98444
847.63965	876.03491
847.65131	877.30994
847.66302	874.59625
847.67468	874.36444
847.6864	873.36029
847.69806	874.41333
847.70972	875.4657
847.72144	875.08813
847.73309	877.53021
847.74481	875.18872
847.75647	876.12311
847.76819	877.33429
847.77985	874.95032
847.79156	876.02899
847.80322	875.80554
847.81488	874.3125
847.8266	875.67291
847.83826	875.71289
847.84998	875.30994
847.86163	875.11383
847.87335	875.04486
847.88501	877.48315
847.89673	876.0509
847.90839	874.84637
847.9201	876.94037
847.93176	876.37891
847.94342	872.61133
847.95514	877.04028
847.9668	878.33423
847.97852	875.2121
847.99017	877.50806
848.00189	875.51776
848.01355	874.33728
848.02527	874.16638
848.03693	873.76379
848.04858	874.06476
848.0603	875.07709
848.07196	872.9726
848.08368	875.38281
848.09534	875.92969
848.10706	874.94702
848.11871	875.52899
848.13043	876.63202
848.14209	875.8244
848.15375	877.63263
848.16547	876.54095
848.17712	875.75769
848.18884	875.49005
848.2005	876.03894
848.21222	875.0611
848.22388	874.8432
848.2356	874.4906
848.24725	873.17261
848.25891	875.07019
848.27063	873.62531
848.28229	874.15472
848.29401	875.32776
848.30566	874.95874
848.31738	874.13135
848.32904	874.63574
848.34076	874.93671
848.35242	873.87457
848.36407	873.78595
848.37579	874.17029
848.38745	876.43365
848.39917	874.84827
848.41083	872.98608
848.42255	873.7934
848.4342	874.72498
848.44592	874.03162
848.45758	877.51416
848.46924	876.58685
848.48096	875.43713
848.49261	875.03595
848.50433	875.7832
848.51599	874.19183
848.52771	871.46704
848.53937	873.42792
848.55109	872.82227
848.56274	874.76666
848.57446	874.26184
848.58612	874.93762
848.59778	874.87946
848.6095	874.56519
848.62115	875.63416
848.63287	874.95111
848.64453	874.70435
848.65625	876.53741
848.66791	875.91034
848.67963	873.9635
848.69128	876.9267
848.70294	877.78503
848.71466	875.92737
848.72632	874.18866
848.73804	873.7215
848.74969	875.40192
848.76141	873.9549
848.77307	872.8645
848.78479	873.88855
848.79645	875.76892
848.80811	876.22498
848.81982	875.44214
848.83148	878.01215
848.8432	875.91071
848.85486	876.1449
848.86658	876.87958
848.87823	872.97321
848.88995	876.44171
848.90161	875.76471
848.91327	877.02081
848.92499	876.81659
848.93665	878.36591
848.94836	874.24695
848.96002	872.10919
848.97174	873.74255
848.9834	874.92133
848.99512	875.99622
849.00677	874.27661
849.01843	876.0849
849.03015	875.09113
849.04181	874.47992
849.05353	873.92566
849.06519	873.42462
849.0769	876.42596
849.08856	877.34045
849.10028	875.46899
849.11194	872.76727
849.12366	873.19104
849.13531	874.41467
849.14697	876.92395
849.15869	876.78827
849.17035	874.85199
849.18207	872.36145
849.19373	875.52588
849.20544	872.22491
849.2171	872.62012
849.22882	874.26147
849.24048	874.55853
849.25214	874.96857
849.26385	874.34906
849.27551	875.76447
849.28723	878.33972
849.29889	876.62244
849.31061	874.88739
849.32227	875.08691
849.33398	876.03845
849.34564	874.56866
849.3573	875.44348
849.36902	873.94055
849.38068	875.61285
849.3924	875.09119
849.40405	876.04608
849.41577	875.07977
849.42743	876.24164
849.43915	874.99084
849.45081	877.36438
849.46246	877.51556
849.47418	876.8338
849.48584	875.33521
849.49756	877.39069
849.50922	874.48212
849.52094	875.0827
849.53259	875.06598
849.54431	875.06177
849.55597	876.38068
849.56763	876.44849
849.57935	878.31976
849.591	873.68445
849.60272	870.93677
849.61438	872.89252
849.6261	876.32379
849.63776	874.48926
849.64948	875.21124
849.66113	874.70831
849.67279	875.50623
849.68451	875.84259
849.69617	873.44196
849.70789	872.49719
849.71954	873.31189
849.73126	875.89435
849.74292	877.13263
849.75464	876.26886
849.7663	876.34741
849.77802	874.96918
849.78967	876.38971
849.80133	874.81665
849.81305	874.50702
849.82471	875.32642
849.83643	874.80817
849.84808	875.00488
849.8598	875.51025
849.87146	875.00995
849.88318	874.9231
849.89484	875.62347
849.90649	876.19885
849.91821	876.07892
849.92987	876.51385
849.94159	874.02716
849.95325	873.18402
849.96497	876.28729
849.97662	876.74341
849.98834	875.25623
850	875.93201
