800	858.88306
800.01166	863.99988
800.02338	869.80463
800.03503	868.60236
800.04675	872.66327
800.05841	874.65808
800.07013	873.64844
800.08179	874.36792
800.09351	873.44934
800.10516	873.09424
800.11682	876.44324
800.12854	876.21747
800.1402	876.66162
800.15192	878.08087
800.16357	873.5957
800.17529	878.71558
800.18695	873.92151
800.19867	875.4162
800.21033	877.11328
800.22198	877.05475
800.2337	874.79535
800.24536	872.79279
800.25708	874.71948
800.26874	876.57697
800.28046	874.57831
800.29211	874.2038
800.30383	876.14496
800.31549	874.50861
800.32721	875.2262
800.33887	875.18744
800.35052	875.21484
800.36224	875.18231
800.3739	876.2442
800.38562	878.33374
800.39728	877.3728
800.409	876.36414
800.42065	875.94916
800.43237	875.4762
800.44403	875.41522
800.45569	875.65912
800.46741	876.6474
800.47906	878.2439
800.49078	874.77631
800.50244	874.04205
800.51416	875.15173
800.52582	878.42303
800.53754	874.98273
800.54919	874.27478
800.56085	873.34851
800.57257	875.75183
800.58423	875.65082
800.59595	874.08185
800.6076	875.92792
800.61932	877.76636
800.63098	876.44324
800.6427	876.43182
800.65436	877.30652
800.66602	876.76569
800.67773	874.59717
800.68939	875.43671
800.70111	878.3324
800.71277	875.77002
800.72449	874.28833
800.73615	879.27161
800.74786	879.6073
800.75952	875.49316
800.77118	873.79907
800.7829	874.90802
800.79456	876.15759
800.80627	876.64966
800.81793	875.82013
800.82965	875.88544
800.84131	877.50513
800.85303	876.08423
800.86469	876.19739
800.87634	875.51068
800.88806	874.21466
800.89972	875.12701
800.91144	875.17065
800.9231	877.44885
800.93481	877.22156
800.94647	876.13599
800.95819	877.2829
800.96985	875.91071
800.98157	875.08051
800.99323	874.50165
801.00488	874.26978
801.0166	875.23474
801.02826	875.54608
801.03998	874.63837
801.05164	875.63922
801.06335	875.88403
801.07501	874.04877
801.08673	876.83307
801.09839	876.33685
801.11005	875.16193
801.12177	876.94629
801.13342	878.73059
801.14514	880.10419
801.1568	879.74567
801.16852	877.56732
801.18018	874.50055
801.19189	877.8468
801.20355	877.56403
801.21521	877.71704
801.22693	875.54065
801.23859	877.21106
801.25031	877.99652
801.26196	877.08533
801.27368	873.79797
801.28534	874.26532
801.29706	875.55731
801.30872	873.91785
801.32037	875.51965
801.33209	878.10889
801.34375	875.01929
801.35547	874.56079
801.36713	877.69421
801.37885	873.99756
801.3905	876.88409
801.40222	875.49371
801.41388	874.69946
801.42554	876.4339
801.43726	876.32227
801.44891	875.10132
801.46063	874.54034
801.47229	875.2027
801.48401	875.7179
801.49567	875.38336
801.50739	876.0036
801.51904	876.10626
801.53076	873.84808
801.54242	879.18408
801.55408	876.55402
801.5658	878.12085
801.57745	875.00336
801.58917	878.59149
801.60083	876.67023
801.61255	878.05884
801.62421	877.04749
801.63593	876.33087
801.64758	875.25085
801.65924	873.96112
801.67096	874.46118
801.68262	874.21832
801.69434	873.46301
801.70599	872.60754
801.71771	874.94452
801.72937	876.79852
801.74109	871.04803
801.75275	874.50305
801.7644	874.03876
801.77612	877.41089
801.78778	875.95874
801.7995	874.93384
801.81116	875.08875
801.82288	877.23755
801.83453	875.97626
801.84625	874.01788
801.85791	876.41888
801.86957	876.97754
801.88129	876.99567
801.89294	876.61914
801.90466	878.62262
801.91632	874.91461
801.92804	876.02838
801.9397	875.87469
801.95142	877.13324
801.96307	874.89325
801.97473	872.54156
801.98645	873.71631
801.99811	874.87537
802.00983	875.09821
802.02148	874.34393
802.0332	874.8479
802.04486	877.27295
802.05658	875.96136
802.06824	871.961
802.0799	873.60687
802.09161	873.85632
802.10327	873.95374
802.11499	876.42755
802.12665	874.41241
802.13837	876.43164
802.15002	875.31689
802.16174	875.81244
802.1734	876.73669
802.18512	875.33612
802.19678	872.95691
802.20844	872.02197
802.22015	874.7962
802.23181	877.14209
802.24353	874.76282
802.25519	875.8183
802.26691	877.18597
802.27856	875.95172
802.29028	873.57739
802.30194	874.17432
802.3136	877.70746
802.32532	877.0116
802.33698	875.13617
802.34869	875.05377
802.36035	873.37659
802.37207	875.00299
802.38373	875.9151
802.39545	877.22052
802.4071	877.099
802.41876	875.1048
802.43048	875.55316
802.44214	874.138
802.45386	873.07599
802.46552	873.72241
802.47723	877.00214
802.48889	877.01031
802.50061	875.30164
802.51227	875.34705
802.52393	871.6076
802.53564	873.96649
802.5473	874.52136
802.55902	874.71362
802.57068	874.36499
802.5824	875.62079
802.59406	875.38202
802.60577	873.25824
802.61743	873.10864
802.62909	875.02826
802.64081	877.76819
802.65247	874.96722
802.66418	875.33228
802.67584	873.53802
802.68756	873.84045
802.69922	874.16504
802.71094	876.26624
802.7226	876.10223
802.73431	875.76984
802.74597	878.70563
802.75763	876.25885
802.76935	876.3183
802.78101	876.64783
802.79272	877.08453
802.80438	878.52484
802.8161	877.39569
802.82776	875.4129
802.83948	875.08258
802.85114	879.3465
802.86279	874.32202
802.87451	873.82104
802.88617	872.51385
802.89789	874.38965
802.90955	873.04742
802.92126	875.31433
802.93292	874.97351
802.94464	873.8996
802.9563	877.08978
802.96796	877.77368
802.97968	876.15857
802.99133	875.28253
803.00305	875.23187
803.01471	875.87201
803.02643	876.36572
803.03809	875.09698
803.0498	872.73016
803.06146	875.23169
803.07312	875.65851
803.08484	877.16162
803.0965	875.73846
803.10822	873.09991
803.11987	873.36566
803.13159	873.07043
803.14325	873.57336
803.15497	875.3136
803.16663	874.28516
803.17828	873.79712
803.19	874.99963
803.20166	875.86688
803.21338	874.4693
803.22504	872.77087
803.23676	875.66302
803.24841	877.38202
803.26013	875.54694
803.27179	874.81226
803.28345	872.17786
803.29517	871.7608
803.30682	873.24524
803.31854	874.45203
803.3302	873.50299
803.34192	875.64624
803.35358	874.34247
803.3653	875.05078
803.37695	876.28412
803.38867	875.56104
803.40033	874.68066
803.41199	874.02991
803.42371	875.22021
803.43536	877.07886
803.44708	874.41705
803.45874	877.6438
803.47046	874.8407
803.48212	874.98981
803.49384	876.22479
803.50549	877.66107
803.51715	873.50726
803.52887	876.8324
803.54053	874.45856
803.55225	873.81317
803.5639	875.45264
803.57562	874.80896
803.58728	873.3866
803.599	874.48883
803.61066	875.07104
803.62231	875.1958
803.63403	876.03033
803.64569	875.31464
803.65741	874.65302
803.66907	872.31958
803.68079	872.59937
803.69244	873.36591
803.70416	876.42456
803.71582	877.9353
803.72748	875.98724
803.7392	872.36047
803.75085	872.24292
803.76257	874.2619
803.77423	875.09015
803.78595	875.20514
803.79761	874.10315
803.80933	873.87164
803.82098	874.6759
803.83264	873.95422
803.84436	873.19513
803.85602	873.94696
803.86774	875.19922
803.87939	876.00769
803.89111	873.63391
803.90277	874.341
803.91449	873.81488
803.92615	874.63428
803.93787	873.8324
803.94952	873.72906
803.96118	872.54236
803.9729	875.13934
803.98456	874.79425
803.99628	873.28741
804.00793	872.76062
804.01965	872.78986
804.03131	874.75439
804.04303	874.96301
804.05469	874.68658
804.06635	874.56067
804.07806	874.14844
804.08972	875.48682
804.10144	875.72583
804.1131	876.33453
804.12482	876.05328
804.13647	875.96198
804.14819	875.71021
804.15985	875.29242
804.17151	875.46368
804.18323	873.88898
804.19489	876.54651
804.2066	877.80914
804.21826	875.65424
804.22998	875.01648
804.24164	874.3421
804.25336	873.72626
804.26501	873.85986
804.27667	874.39764
804.28839	874.29657
804.30005	874.14569
804.31177	875.09808
804.32343	875.50238
804.33514	871.63495
804.3468	876.21448
804.35852	876.47858
804.37018	877.1828
804.38184	875.95929
804.39355	876.18262
804.40521	876.30731
804.41693	872.9826
804.42859	875.02795
804.44031	874.7843
804.45197	874.79004
804.46368	874.36768
804.47534	874.96826
804.487	875.03949
804.49872	875.18719
804.51038	875.3714
804.52209	876.03516
804.53375	876.41595
804.54547	875.99756
804.55713	877.92017
804.56885	874.22382
804.58051	873.64655
804.59222	876.04694
804.60388	872.78864
804.61554	874.04535
804.62726	873.69098
804.63892	873.25287
804.65063	875.1203
804.66229	875.98773
804.67401	875.49512
804.68567	873.43719
804.69739	874.25214
804.70905	875.22351
804.7207	874.28339
804.73242	874.10468
804.74408	875.58008
804.7558	876.17743
804.76746	874.58447
804.77917	873.94037
804.79083	875.66931
804.80255	875.66925
804.81421	874.79022
804.82587	876.50922
804.83759	873.40533
804.84924	874.78357
804.86096	875.38409
804.87262	874.48248
804.88434	873.9118
804.896	873.48041
804.90771	874.00891
804.91937	874.43951
804.93103	873.57874
804.94275	873.52582
804.95441	874.98053
804.96613	874.5495
804.97778	874.26257
804.9895	875.15558
805.00116	874.0813
805.01288	872.33112
805.02454	873.97278
805.03619	875.04016
805.04791	876.63135
805.05957	874.56262
805.07129	872.99426
805.08295	874.3609
805.09467	875.62054
805.10632	874.50079
805.11804	876.49835
805.1297	875.58368
805.14142	874.64893
805.15308	874.875
805.16473	873.52991
805.17645	872.14148
805.18811	872.87732
805.19983	873.09412
805.21149	874.74396
805.22321	874.80109
805.23486	874.99072
805.24658	872.17542
805.25824	874.21265
805.2699	872.75165
805.28162	878.23395
805.29327	876.49011
805.30499	874.73389
805.31665	873.58014
805.32837	871.17548
805.34003	876.76886
805.35175	876.14404
805.3634	875.03851
805.37506	874.0376
805.38678	873.28717
805.39844	870.51532
805.41016	870.97607
805.42181	875.44781
805.43353	875.93958
805.44519	873.8681
805.45691	874.91687
805.46857	874.91089
805.48022	874.62915
805.49194	873.5921
805.5036	873.63824
805.51532	874.87372
805.52698	875.8053
805.5387	875.16431
805.55035	874.53961
805.56207	874.40857
805.57373	875.26593
805.58539	874.15729
805.59711	874.64514
805.60876	873.34247
805.62048	875.26892
805.63214	872.67902
805.64386	872.41815
805.65552	875.18695
805.66724	877.00342
805.67889	875.25592
805.69055	874.24036
805.70227	876.24823
805.71393	875.57428
805.72565	875.95575
805.7373	877.44531
805.74902	876.68781
805.76068	876.41815
805.7724	874.7356
805.78406	873.73169
805.79578	876.08875
805.80743	876.17712
805.81909	875.14917
805.83081	878.76904
805.84247	873.52136
805.85419	875.48334
805.86584	873.75439
805.87756	873.2066
805.88922	872.52222
805.90094	873.90765
805.9126	876.35962
805.92426	875.02637
805.93597	874.13226
805.94763	874.40857
805.95935	875.1109
805.97101	875.16449
805.98273	875.81934
805.99438	875.69342
806.0061	875.01611
806.01776	874.05286
806.02942	873.99841
806.04114	875.5368
806.0528	873.97357
806.06451	875.81665
806.07617	874.07953
806.08789	876.01733
806.09955	876.48102
806.11127	874.56213
806.12292	875.8067
806.13458	875.67126
806.1463	874.10895
806.15796	873.19421
806.16968	875.56586
806.18134	874.63
806.19305	874.39587
806.20471	875.49298
806.21643	876.07178
806.22809	875.32141
806.23975	875.45483
806.25146	876.19531
806.26312	875.91956
806.27484	875.3512
806.2865	873.74677
806.29822	875.461
806.30988	873.34552
806.32159	874.84363
806.33325	875.55157
806.34497	874.95923
806.35663	875.36694
806.36829	875.90302
806.38	873.08667
806.39166	876.65253
806.40338	876.19623
806.41504	875.71417
806.42676	876.14307
806.43842	877.17578
806.45013	876.26447
806.46179	876.09015
806.47345	876.84265
806.48517	876.68774
806.49683	875.94006
806.50854	874.32727
806.5202	874.14832
806.53192	874.95477
806.54358	876.68793
806.5553	876.28339
806.56696	876.97168
806.57861	875.65656
806.59033	875.20526
806.60199	876.65735
806.61371	875.25537
806.62537	875.1712
806.63708	874.3374
806.64874	873.76556
806.66046	875.83441
806.67212	875.72858
806.68378	874.40948
806.6955	873.85394
806.70715	875.11047
806.71887	876.2688
806.73053	875.77222
806.74225	876.35815
806.75391	875.88025
806.76563	876.41724
806.77728	874.89099
806.78894	873.86633
806.80066	873.88678
806.81232	874.37567
806.82404	874.89453
806.83569	875.83112
806.84741	876.35443
806.85907	874.71747
806.87079	874.16992
806.88245	875.72229
806.8941	876.73053
806.90582	875.60034
806.91748	876.30042
806.9292	874.07861
806.94086	873.46368
806.95258	875.33588
806.96423	876.89978
806.97595	874.61005
806.98761	875.04266
806.99933	873.70044
807.01099	873.99359
807.02264	873.28802
807.03436	873.24603
807.04602	873.80615
807.05774	873.04175
807.0694	874.22943
807.08112	875.47156
807.09277	876.3656
807.10449	874.60773
807.11615	874.11102
807.12781	874.61554
807.13953	873.70477
807.15118	873.19952
807.1629	873.53552
807.17456	875.32996
807.18628	876.87848
807.19794	875.3587
807.20966	874.72852
807.22131	875.88104
807.23297	878.58124
807.24469	875.61237
807.25635	875.88818
807.26807	875.98505
807.27972	873.3606
807.29144	874.15027
807.3031	875.53571
807.31482	873.80096
807.32648	877.0061
807.33813	876.03687
807.34985	874.17853
807.36151	877.01532
807.37323	877.80957
807.38489	875.17023
807.39661	876.5246
807.40826	876.12579
807.41998	874.5368
807.43164	874.73523
807.4433	874.94098
807.45502	874.95294
807.46667	875.05505
807.47839	874.78235
807.49005	875.52026
807.50177	875.51978
807.51343	875.98322
807.52515	874.65125
807.5368	876.8468
807.54852	875.9873
807.56018	875.52795
807.57184	876.45807
807.58356	873.88867
807.59521	875.78644
807.60693	875.51501
807.61859	874.60034
807.63031	874.79761
807.64197	875.99115
807.65369	877.4801
807.66534	876.49878
807.677	876.13531
807.68872	876.34937
807.70038	875.41534
807.7121	875.00049
807.72375	875.78595
807.73547	876.94843
807.74713	877.74939
807.75885	877.08997
807.77051	877.02625
807.78217	876.37988
807.79388	875.88123
807.80554	874.33173
807.81726	877.54224
807.82892	875.62598
807.84064	876.97913
807.85229	876.93237
807.86401	874.22778
807.87567	874.63086
807.88733	876.49164
807.89905	876.41626
807.91071	877.54089
807.92242	876.29199
807.93408	875.59027
807.9458	876.35706
807.95746	875.31891
807.96918	873.0921
807.98083	875.83936
807.99249	877.68817
808.00421	876.70428
808.01587	875.13684
808.02759	876.14441
808.03925	875.83807
808.05096	876.99554
808.06262	875.63397
808.07434	876.44275
808.086	877.65778
808.09766	877.7204
808.10938	876.16101
808.12103	876.57452
808.13275	875.46832
808.14441	876.2442
808.15613	876.5545
808.16779	876.98914
808.1795	877.11084
808.19116	877.74176
808.20288	877.74463
808.21454	876.21814
808.2262	874.95575
808.23792	875.51855
808.24957	876.46826
808.26129	877.54767
808.27295	876.77045
808.28467	875.29944
808.29633	876.11609
808.30804	875.72333
808.3197	874.97406
808.33136	874.43927
808.34308	876.86035
808.35474	876.80652
808.36646	874.36761
808.37811	874.57318
808.38983	877.65869
808.40149	877.77539
808.41321	877.4856
808.42487	876.98895
808.43652	875.79919
808.44824	875.06598
808.4599	873.99701
808.47162	876.81561
808.48328	876.71631
808.495	877.48242
808.50665	877.31702
808.51837	876.69043
808.53003	876.63574
808.54169	878.19788
808.55341	877.38489
808.56506	877.54614
808.57678	875.52728
808.58844	876.54248
808.60016	877.07379
808.61182	876.66602
808.62354	877.01685
808.63519	876.67499
808.64685	878.60712
808.65857	876.48242
808.67023	875.05396
808.68195	877.32092
808.6936	877.82385
808.70532	878.83704
808.71698	875.22687
808.7287	878.10193
808.74036	877.14465
808.75208	877.99091
808.76373	877.21124
808.77539	876.59613
808.78711	877.09363
808.79877	876.18787
808.81049	877.40277
808.82214	876.70685
808.83386	876.54785
808.84552	876.23993
808.85724	877.46869
808.8689	879.17126
808.88055	878.77283
808.89227	878.57458
808.90393	880.0083
808.91565	878.073
808.92731	877.27893
808.93903	878.50659
808.95068	875.26599
808.9624	878.26422
808.97406	876.53473
808.98572	879.71387
808.99744	877.23511
809.00909	876.71375
809.02081	876.60614
809.03247	877.05566
809.04419	875.57336
809.05585	875.9118
809.06757	877.90448
809.07922	877.50732
809.09088	877.30481
809.1026	876.18396
809.11426	875.72443
809.12598	876.97754
809.13763	877.63257
809.14935	877.7677
809.16101	877.77588
809.17273	876.63721
809.18439	876.87885
809.19604	878.44403
809.20776	878.23212
809.21942	878.39746
809.23114	874.82654
809.2428	878.01624
809.25452	875.4455
809.26617	877.81927
809.27789	875.05615
809.28955	878.38068
809.30121	876.86646
809.31293	878.5929
809.32458	878.95074
809.3363	878.51349
809.34796	876.46002
809.35968	877.76202
809.37134	876.88049
809.38306	876.58441
809.39471	878.3208
809.40643	879.77411
809.41809	878.67267
809.42975	877.64331
809.44147	878.12286
809.45313	877.54352
809.46484	877.43719
809.4765	878.2403
809.48822	876.65625
809.49988	877.72382
809.5116	879.44104
809.52325	877.10083
809.53491	877.13171
809.54663	876.41113
809.55829	877.33783
809.57001	875.2074
809.58167	877.54834
809.59338	878.66095
809.60504	877.65979
809.61676	879.5036
809.62842	877.34888
809.64008	876.79462
809.65179	877.99463
809.66345	878.26782
809.67517	878.98578
809.68683	878.14673
809.69855	877.61584
809.71021	878.65381
809.72192	878.84167
809.73358	879.1626
809.74524	878.70624
809.75696	876.89197
809.76862	878.86371
809.78033	879.40363
809.79199	877.71033
809.80371	877.80243
809.81537	877.73407
809.82709	878.92303
809.83875	878.27313
809.8504	880.21094
809.86212	878.91632
809.87378	877.60376
809.8855	879.92548
809.89716	878.73346
809.90887	878.48871
809.92053	877.72693
809.93225	879.71228
809.94391	878.18011
809.95563	876.61761
809.96729	878.01208
809.97894	879.36713
809.99066	880.92249
810.00232	878.72876
810.01404	879.37805
810.0257	878.90198
810.03741	880.63092
810.04907	880.02075
810.06079	879.71942
810.07245	878.15308
810.08411	879.23883
810.09583	880.66101
810.10748	879.37286
810.1192	879.87183
810.13086	879.36371
810.14258	879.73767
810.15424	878.66589
810.16595	879.37946
810.17761	878.74005
810.18927	878.8913
810.20099	879.2724
810.21265	877.62476
810.22437	877.86029
810.23602	879.04504
810.24774	879.67358
810.2594	878.58453
810.27112	879.37164
810.28278	878.43109
810.29443	879.3606
810.30615	877.69794
810.31781	880.86835
810.32953	880.85065
810.34119	879.84949
810.35291	877.01941
810.36456	879.8761
810.37628	879.04041
810.38794	879.68146
810.3996	880.40686
810.41132	880.95642
810.42297	880.78308
810.43469	879.46796
810.44635	877.47156
810.45807	880.36005
810.46973	881.76703
810.48145	881.68195
810.4931	880.0498
810.50476	879.59558
810.51648	880.94
810.52814	881.50024
810.53986	880.8335
810.55151	882.08575
810.56323	882.44586
810.57489	880.43488
810.58661	880.73975
810.59827	882.39606
810.60999	881.1554
810.62164	881.87555
810.6333	879.55774
810.64502	880.27399
810.65668	882.56061
810.6684	882.46796
810.68005	881.74939
810.69177	881.15466
810.70343	883.40747
810.71515	881.70514
810.72681	881.27789
810.73846	882.77484
810.75018	881.05103
810.76184	882.96564
810.77356	881.38757
810.78522	882.46631
810.79694	883.92535
810.80859	883.10986
810.82031	882.0166
810.83197	882.26514
810.84363	882.14172
810.85535	882.8114
810.867	883.33405
810.87872	883.16772
810.89038	882.95776
810.9021	883.78278
810.91376	884.49982
810.92548	883.54755
810.93713	883.14209
810.94879	882.349
810.96051	883.6803
810.97217	885.92059
810.98389	882.77112
810.99554	885.18518
811.00726	884.67517
811.01892	883.62524
811.03064	883.64136
811.0423	884.95142
811.05396	884.70624
811.06567	882.56207
811.07733	883.77197
811.08905	886.25439
811.10071	888.56824
811.11243	887.20453
811.12408	886.12317
811.1358	884.83014
811.14746	886.09808
811.15918	886.79596
811.17084	886.89581
811.1825	889.78723
811.19421	887.6228
811.20587	889.01245
811.21759	888.06866
811.22925	889.4281
811.24097	889.10327
811.25262	889.9975
811.26434	888.90204
811.276	889.63837
811.28766	889.95502
811.29938	889.80621
811.31104	890.78668
811.32275	889.12866
811.33441	890.49359
811.34613	890.19769
811.35779	891.63507
811.36951	892.13202
811.38116	893.64417
811.39282	892.80328
811.40454	892.72931
811.4162	893.78979
811.42792	896.42023
811.43958	893.97656
811.45129	894.32751
811.46295	897.41187
811.47467	895.83295
811.48633	894.98724
811.49799	897.84595
811.5097	894.77679
811.52136	896.87256
811.53308	897.49127
811.54474	898.11316
811.55646	895.35266
811.56812	894.76581
811.57983	895.58051
811.59149	894.52118
811.60315	897.91321
811.61487	896.4726
811.62653	895.77985
811.63824	897.09735
811.6499	896.8949
811.66162	893.69092
811.67328	894.03729
811.685	895.21069
811.69666	897.83337
811.70831	896.90247
811.72003	895.78357
811.73169	895.35968
811.74341	895.8277
811.75507	897.60114
811.76678	898.89594
811.77844	897.98053
811.79016	897.78302
811.80182	897.33942
811.81354	896.84784
811.8252	896.12134
811.83685	896.31775
811.84857	894.46698
811.86023	895.2179
811.87195	895.67316
811.88361	893.867
811.89532	897.53467
811.90698	894.72174
811.9187	894.96326
811.93036	893.92938
811.94202	894.18213
811.95374	891.55615
811.96539	893.95825
811.97711	896.21259
811.98877	891.44196
812.00049	894.68054
812.01215	892.18402
812.02386	893.08777
812.03552	892.41187
812.04718	889.91351
812.0589	890.51898
812.07056	891.28143
812.08228	891.54822
812.09393	890.24591
812.10565	889.57135
812.11731	889.28888
812.12903	887.94562
812.14069	888.26996
812.15234	891.48529
812.16406	889.18787
812.17572	890.45123
812.18744	889.68201
812.1991	889.90027
812.21082	889.70465
812.22247	889.85229
812.23419	888.34442
812.24585	887.10345
812.25751	887.94824
812.26923	890.32452
812.28088	890.41187
812.2926	889.46204
812.30426	888.15283
812.31598	888.92023
812.32764	888.49713
812.33936	889.49835
812.35101	887.29926
812.36273	888.56885
812.37439	890.73743
812.38605	890.23114
812.39777	886.62256
812.40942	886.86871
812.42114	888.91504
812.4328	885.29144
812.44452	888.1283
812.45618	886.48224
812.4679	887.73175
812.47955	888.22266
812.49121	888.92719
812.50293	889.85944
812.51459	889.1665
812.52631	890.12042
812.53796	890.24335
812.54968	888.9906
812.56134	887.82733
812.57306	888.00507
812.58472	887.64673
812.59637	885.51459
812.60809	888.81061
812.61975	886.04761
812.63147	884.73462
812.64313	886.68915
812.65485	885.72192
812.6665	888.15619
812.67822	887.16071
812.68988	885.29926
812.70154	887.03937
812.71326	888.70123
812.72491	884.25409
812.73663	886.44409
812.74829	889.15265
812.76001	883.9245
812.77167	887.63953
812.78339	886.70001
812.79504	888.53796
812.8067	887.99017
812.81842	885.6825
812.83008	888.70502
812.8418	888.71881
812.85345	888.6745
812.86517	887.70166
812.87683	887.69354
812.88855	888.48041
812.90021	889.67413
812.91187	887.85846
812.92358	888.56036
812.93524	888.54956
812.94696	887.69781
812.95862	891.14758
812.97034	888.37372
812.98199	888.06805
812.99371	887.80249
813.00537	889.76849
813.01709	889.5976
813.02875	887.76477
813.04041	887.70374
813.05212	889.07513
813.06378	888.50629
813.0755	889.20502
813.08716	890.36621
813.09888	888.46466
813.11053	890.75708
813.12225	889.03931
813.13391	890.47198
813.14557	890.77338
813.15729	888.76959
813.16895	889.24237
813.18066	889.51233
813.19232	893.30115
813.20404	889.65137
813.2157	892.71875
813.22742	893.00305
813.23907	890.64233
813.25073	890.41473
813.26245	891.90112
813.27411	893.50757
813.28583	891.48737
813.29749	892.5293
813.3092	892.57214
813.32086	894.20752
813.33258	894.18317
813.34424	897.71313
813.3559	896.53113
813.36761	894.61432
813.37927	895.00323
813.39099	895.59711
813.40265	895.63135
813.41437	895.97925
813.42603	896.43695
813.43774	896.39264
813.4494	895.26215
813.46106	895.0014
813.47278	897.71606
813.48444	898.65155
813.49615	897.48346
813.50781	897.18848
813.51953	898.63385
813.53119	899.29675
813.54291	899.00592
813.55457	900.92908
813.56628	900.97174
813.57794	900.1073
813.5896	901.86676
813.60132	901.18964
813.61298	901.11707
813.62469	905.4613
813.63635	903.38525
813.64807	900.52917
813.65973	900.90796
813.67145	905.8479
813.68311	909.38837
813.69476	903.39264
813.70648	907.47534
813.71814	906.3642
813.72986	907.28491
813.74152	906.80621
813.75323	907.57916
813.76489	911.36017
813.77661	910.76788
813.78827	912.33606
813.79993	913.86884
813.81165	911.72229
813.8233	912.96796
813.83502	915.25623
813.84668	913.84241
813.8584	916.25586
813.87006	919.25574
813.88177	921.5766
813.89343	922.87994
813.90509	919.74963
813.91681	918.32831
813.92847	922.90961
813.94019	924.38275
813.95184	925.85846
813.96356	925.22351
813.97522	927.81378
813.98694	927.04346
813.9986	926.6698
814.01025	929.26245
814.02197	932.83997
814.03363	934.61206
814.04535	937.30975
814.05701	935.00238
814.06873	939.58087
814.08038	935.38922
814.0921	938.77649
814.10376	937.48254
814.11542	938.73828
814.12714	944.54242
814.13879	947.94586
814.15051	948.11682
814.16217	946.86621
814.17389	946.42719
814.18555	947.80084
814.19727	951.07068
814.20892	951.91418
814.22064	952.15979
814.2323	956.0412
814.24396	958.68402
814.25568	955.06348
814.26733	961.51257
814.27905	964.42981
814.29071	961.86377
814.30243	965.44147
814.31409	964.10663
814.32581	964.51062
814.33746	967.05029
814.34912	968.02277
814.36084	969.28137
814.3725	970.43219
814.38422	969.67908
814.39587	965.58197
814.40759	975.19513
814.41925	975.05707
814.43097	970.21887
814.44263	975.29401
814.45428	970.92651
814.466	968.01611
814.47766	972.60791
814.48938	970.54968
814.50104	966.69147
814.51276	964.72662
814.52441	970.54974
814.53613	968.36536
814.54779	963.15771
814.55945	966.38654
814.57117	962.1814
814.58282	961.42737
814.59454	963.93756
814.6062	958.92444
814.61792	955.11102
814.62958	958.04126
814.6413	958.05927
814.65295	955.8548
814.66461	953.80707
814.67633	951.26141
814.68799	950.88873
814.69971	947.82782
814.71136	950.84528
814.72308	948.27991
814.73474	945.63721
814.74646	944.52264
814.75812	945.73224
814.76984	944.25238
814.78149	942.3822
814.79315	937.47168
814.80487	939.54633
814.81653	938.22314
814.82825	938.07117
814.8399	934.83026
814.85162	931.94891
814.86328	932.53424
814.875	929.21161
814.88666	927.29242
814.89832	929.49011
814.91003	925.05969
814.92169	926.60333
814.93341	924.27789
814.94507	926.6817
814.95679	921.7923
814.96844	919.96466
814.98016	921.02344
814.99182	920.1402
815.00348	921.48077
815.0152	919.76721
815.02686	914.87115
815.03857	913.54828
815.05023	913.24512
815.06195	913.37671
815.07361	914.46332
815.08533	912.51862
815.09698	913.39215
815.10864	910.5022
815.12036	908.48248
815.13202	907.50305
815.14374	906.36444
815.1554	908.33508
815.16711	905.19501
815.17877	907.39935
815.19049	906.54944
815.20215	905.03107
815.21381	904.52869
815.22552	906.42932
815.23718	906.27161
815.2489	902.37439
815.26056	903.83698
815.27228	901.64014
815.28394	902.02258
815.29565	900.94586
815.30731	902.25183
815.31897	901.8103
815.33069	900.78088
815.34235	901.73779
815.35406	899.68329
815.36572	896.37054
815.37744	898.74878
815.3891	899.73749
815.40082	896.23987
815.41248	895.8775
815.42419	898.15588
815.43585	897.58325
815.44751	895.29547
815.45923	896.45532
815.47089	895.72052
815.4826	895.3739
815.49426	894.54706
815.50598	894.78284
815.51764	894.99176
815.52936	894.83575
815.54102	892.69299
815.55267	891.37396
815.56439	893.18579
815.57605	893.02625
815.58777	891.72064
815.59943	891.83496
815.61115	892.4364
815.6228	891.4967
815.63452	894.04767
815.64618	890.46704
815.65784	891.08832
815.66956	890.1087
815.68121	889.02563
815.69293	887.77448
815.70459	887.35321
815.71631	892.74335
815.72797	888.36987
815.73969	887.76288
815.75134	885.62268
815.763	888.68304
815.77472	889.73682
815.78638	887.94922
815.7981	885.64893
815.80975	889.95831
815.82147	886.50568
815.83313	883.93805
815.84485	885.14014
815.85651	885.20007
815.86816	885.36517
815.87988	885.76721
815.89154	885.3996
815.90326	886.07874
815.91492	884.75153
815.92664	884.64478
815.93829	884.62805
815.95001	885.35614
815.96167	884.53552
815.97339	883.49664
815.98505	882.66309
815.9967	882.96954
816.00842	881.70569
816.02008	882.37598
816.0318	883.07214
816.04346	883.38739
816.05518	882.17395
816.06683	883.65277
816.07855	884.138
816.09021	884.01898
816.10187	882.28955
816.11359	883.61255
816.12524	882.35181
816.13696	882.27783
816.14862	881.84833
816.16034	880.45093
816.172	879.9162
816.18372	881.06213
816.19537	879.66125
816.20703	879.36749
816.21875	879.15668
816.23041	881.00281
816.24213	882.20703
816.25378	882.72815
816.2655	882.81067
816.27716	880.91656
816.28888	880.89246
816.30054	879.58063
816.31219	881.70758
816.32391	880.4726
816.33557	878.46454
816.34729	879.06482
816.35895	877.67181
816.37067	879.3678
816.38232	879.5766
816.39404	879.72791
816.4057	880.93658
816.41736	878.43958
816.42908	879.68134
816.44073	879.18781
816.45245	876.85193
816.46411	879.55664
816.47583	879.28265
816.48749	877.26489
816.49921	878.34521
816.51086	877.37604
816.52252	880.18243
816.53424	878.40631
816.5459	877.65778
816.55762	878.3609
816.56927	878.61304
816.58099	877.8678
816.59265	877.7337
816.60437	876.98303
816.61603	877.64716
816.62775	877.62555
816.6394	877.38934
816.65106	876.65997
816.66278	876.82013
816.67444	878.47583
816.68616	878.47577
816.69781	877.65625
816.70953	877.18695
816.72119	876.89697
816.73291	877.1925
816.74457	876.97101
816.75623	876.78162
816.76794	876.57605
816.7796	876.17291
816.79132	876.72284
816.80298	876.87811
816.8147	876.64807
816.82635	876.85309
816.83807	875.6355
816.84973	875.54272
816.86139	876.82874
816.87311	876.36139
816.88477	875.61395
816.89648	875.36932
816.90814	876.02411
816.91986	876.55481
816.93152	877.37073
816.94324	877.34583
816.9549	877.07135
816.96655	876.41699
816.97827	876.39954
816.98993	875.63031
817.00165	876.01459
817.01331	875.34833
817.02502	874.55994
817.03668	873.56531
817.0484	875.72327
817.06006	873.67621
817.07172	874.76611
817.08344	876.61639
817.09509	878.1322
817.10681	876.086
817.11847	874.20837
817.13019	875.96271
817.14185	874.9137
817.15356	875.4776
817.16522	875.92188
817.17694	874.70435
817.1886	875.87573
817.20026	876.41296
817.21198	877.34668
817.22363	875.815
817.23535	875.76447
817.24701	874.68634
817.25873	875.1897
817.27039	875.20874
817.2821	874.71582
817.29376	874.77765
817.30542	874.28192
817.31714	874.52277
817.3288	874.70856
817.34052	874.34961
817.35217	876.20905
817.36389	875.5202
817.37555	875.14954
817.38727	874.7334
817.39893	874.03455
817.41058	875.3786
817.4223	876.73138
817.43396	875.43762
817.44568	874.59155
817.45734	876.16107
817.46906	874.44543
817.48071	876.52734
817.49243	874.11737
817.50409	874.60272
817.51575	875.33679
817.52747	873.62866
817.53912	874.61682
817.55084	874.64392
817.5625	874.61975
817.57422	875.34515
817.58588	875.54315
817.5976	874.13263
817.60925	872.86749
817.62091	875.63513
817.63263	874.63208
817.64429	874.17517
817.65601	874.14032
817.66766	875.08795
817.67938	874.86316
817.69104	875.47858
817.70276	876.11957
817.71442	874.14581
817.72607	873.88538
817.73779	874.29193
817.74945	873.75757
817.76117	874.47729
817.77283	874.7666
817.78455	874.32446
817.7962	873.86188
817.80792	874.81873
817.81958	874.81561
817.8313	874.54138
817.84296	875.50122
817.85461	874.49677
817.86633	874.65698
817.87799	874.19196
817.88971	873.23248
817.90137	873.00146
817.91309	874.58368
817.92474	873.02405
817.93646	872.59717
817.94812	874.2486
817.95978	874.55774
817.9715	875.26831
817.98315	874.67737
817.99487	873.48175
818.00653	874.50458
818.01825	873.24585
818.02991	873.37335
818.04163	872.10327
818.05328	874.63092
818.06494	875.92792
818.07666	875.00537
818.08832	873.74786
818.10004	873.46045
818.11169	873.38708
818.12341	875.14435
818.13507	873.33716
818.14679	873.39374
818.15845	874.492
818.1701	875.66943
818.18182	874.47205
818.19348	877.27161
818.2052	876.79578
818.21686	875.49634
818.22858	873.60089
818.24023	874.41742
818.25195	875.40302
818.26361	874.37988
818.27527	874.93073
818.28699	874.16669
818.29865	874.38239
818.31036	873.90021
818.32202	874.83429
818.33374	875.30719
818.3454	875.28839
818.35712	875.48639
818.36877	874.87213
818.38049	874.12524
818.39215	873.32715
818.40381	873.93335
818.41553	874.0943
818.42719	873.70306
818.4389	873.23975
818.45056	873.92908
818.46228	873.77124
818.47394	874.01459
818.48566	875.30664
818.49731	873.72809
818.50897	874.43475
818.52069	874.46619
818.53235	874.38147
818.54407	873.76996
818.55573	875.05927
818.56744	874.80139
818.5791	874.31073
818.59082	874.73346
818.60248	874.47369
818.61414	873.35986
818.62585	873.40314
818.63751	874.10352
818.64923	873.5127
818.66089	874.42267
818.67261	874.41852
818.68427	874.88232
818.69598	873.27594
818.70764	873.5719
818.7193	875.35803
818.73102	873.1037
818.74268	872.73328
818.75439	874.53314
818.76605	873.64307
818.77777	874.58844
818.78943	874.33484
818.80115	873.42896
818.81281	874.93805
818.82446	874.39166
818.83618	874.11951
818.84784	872.95447
818.85956	872.11078
818.87122	873.92908
818.88293	873.95599
818.89459	873.09869
818.90631	873.80511
818.91797	874.33362
818.92963	873.6145
818.94135	873.00323
818.953	872.91217
818.96472	873.99323
818.97638	874.70013
818.9881	873.27594
818.99976	872.32813
819.01147	872.70093
819.02313	874.49518
819.03485	873.40222
819.04651	873.26031
819.05817	873.44202
819.06989	873.06207
819.08154	873.74573
819.09326	874.76855
819.10492	874.78101
819.11664	873.85217
819.1283	873.62415
819.14001	873.92651
819.15167	874.94696
819.16333	873.73694
819.17505	872.69153
819.18671	873.19403
819.19843	873.93481
819.21008	874.14484
819.2218	873.14606
819.23346	874.06433
819.24518	874.06219
819.25684	872.73462
819.26849	873.28864
819.28021	874.39984
819.29187	874.16321
819.30359	873.65442
819.31525	873.75287
819.32697	873.53589
819.33862	872.39642
819.35034	872.93781
819.362	872.25189
819.37366	873.5202
819.38538	873.34021
819.39703	872.62427
819.40875	872.1474
819.42041	872.77209
819.43213	872.1272
819.44379	874.04974
819.45551	872.2644
819.46716	872.10663
819.47882	872.47479
819.49054	873.26196
819.5022	873.11322
819.51392	873.5307
819.52557	872.46576
819.53729	874.44385
819.54895	872.52893
819.56067	873.32556
819.57233	872.78217
819.58405	873.99664
819.5957	873.01849
819.60736	873.02136
819.61908	874.53955
819.63074	873.68176
819.64246	872.87598
819.65411	873.66266
819.66583	874.18573
819.67749	872.50763
819.68921	873.93201
819.70087	872.98676
819.71252	874.88379
819.72424	872.32599
819.7359	873.8457
819.74762	873.21381
819.75928	872.98352
819.771	874.03497
819.78265	872.71802
819.79437	874.03436
819.80603	874.54004
819.81769	873.94519
819.82941	872.06085
819.84106	873.58533
819.85278	873.17346
819.86444	872.42798
819.87616	872.45569
819.88782	873.23541
819.89954	873.66846
819.91119	873.04358
819.92285	873.4364
819.93457	872.46014
819.94623	873.237
819.95795	873.74023
819.9696	873.5379
819.98132	873.9646
819.99298	873.23486
820.0047	873.03802
820.01636	873.04462
820.02802	872.52032
820.03973	873.43066
820.05139	873.97327
820.06311	872.83484
820.07477	872.8938
820.08649	873.47321
820.09814	874.21271
820.10986	873.06042
820.12152	871.99445
820.13318	872.00989
820.1449	873.849
820.15656	873.99384
820.16827	873.18549
820.17993	873.99945
820.19165	874.07452
820.20331	873.07831
820.21503	873.33856
820.22668	873.45862
820.2384	874.17218
820.25006	874.46356
820.26172	873.13513
820.27344	873.89716
820.2851	875.23712
820.29681	873.99243
820.30847	872.6662
820.32019	872.08502
820.33185	874.9126
820.34357	874.6004
820.35522	873.21722
820.36688	873.26477
820.3786	872.61389
820.39026	874.22388
820.40198	873.55255
820.41364	873.05194
820.42535	873.07654
820.43701	873.32098
820.44873	873.1134
820.46039	872.76556
820.47205	873.78394
820.48376	873.16571
820.49542	873.08844
820.50714	873.16962
820.5188	873.3493
820.53052	872.93774
820.54218	873.4267
820.55389	872.78937
820.56555	872.77289
820.57721	872.88757
820.58893	873.23157
820.60059	873.25
820.6123	872.96259
820.62396	872.98486
820.63568	872.49725
820.64734	872.93976
820.65906	873.7951
820.67072	873.31647
820.68237	872.93457
820.69409	873.40497
820.70575	872.46808
820.71747	871.83136
820.72913	872.43555
820.74084	872.97479
820.7525	873.90765
820.76422	872.32404
820.77588	872.71936
820.7876	874.54156
820.79926	873.20068
820.81091	873.05042
820.82263	874.38867
820.83429	874.03003
820.84601	873.76807
820.85767	874.01929
820.86938	873.50201
820.88104	873.46057
820.89276	872.9361
820.90442	873.23114
820.91608	873.21118
820.9278	873.40021
820.93945	874.54199
820.95117	874.69037
820.96283	873.92249
820.97455	874.43298
820.98621	875.06567
820.99792	873.88684
821.00958	872.88324
821.02124	873.84308
821.03296	873.84949
821.04462	873.64514
821.05634	873.83661
821.06799	874.02332
821.07971	875.51379
821.09137	874.87939
821.10309	874.89648
821.11475	873.75867
821.1264	873.30469
821.13812	874.64948
821.14978	876.04736
821.1615	873.80286
821.17316	871.89667
821.18488	872.59009
821.19653	874.53967
821.20825	872.64063
821.21991	873.7442
821.23157	873.23682
821.24329	874.00818
821.25494	874.01849
821.26666	874.47003
821.27832	873.69489
821.29004	873.80029
821.3017	873.99091
821.31342	874.06842
821.32507	874.23358
821.33673	874.93628
821.34845	875.08453
821.36011	872.96143
821.37183	874.01556
821.38348	873.74603
821.3952	874.42908
821.40686	875.12848
821.41858	873.50671
821.43024	873.02515
821.44196	873.67847
821.45361	873.90845
821.46527	872.58569
821.47699	871.61279
821.48865	871.75562
821.50037	873.50604
821.51202	873.84698
821.52374	873.08984
821.5354	874.00079
821.54712	872.73285
821.55878	872.30658
821.57043	872.84186
821.58215	873.72998
821.59381	873.52765
821.60553	873.54138
821.61719	873.72852
821.62891	873.36261
821.64056	873.46136
821.65228	874.10059
821.66394	874.11615
821.6756	874.966
821.68732	875.18616
821.69897	872.77875
821.71069	872.65796
821.72235	871.44769
821.73407	872.04413
821.74573	874.40814
821.75745	874.72034
821.7691	872.64069
821.78076	872.61072
821.79248	873.38184
821.80414	873.51703
821.81586	873.42114
821.82751	872.44531
821.83923	872.69641
821.85089	873.43927
821.86261	873.19604
821.87427	873.71692
821.88593	873.38214
821.89764	874.12207
821.9093	873.28918
821.92102	873.82672
821.93268	873.00055
821.9444	874.13721
821.95605	874.79254
821.96777	873.75928
821.97943	873.75238
821.99115	873.05743
822.00281	873.34857
822.01447	873.82227
822.02618	873.22656
822.03784	872.98834
822.04956	873.43378
822.06122	873.98486
822.07294	872.92407
822.08459	872.95294
822.09631	873.71082
822.10797	873.41528
822.11963	872.58899
822.13135	873.19501
822.14301	872.04431
822.15472	872.46155
822.16638	873.92926
822.1781	873.3866
822.18976	873.25623
822.20148	873.67383
822.21313	873.27234
822.22479	871.45947
822.23651	871.9715
822.24817	873.34009
822.25989	873.7406
822.27155	872.76196
822.28326	871.55499
822.29492	873.58807
822.30664	873.48132
822.3183	872.93188
822.32996	874.11304
822.34167	873.88782
822.35333	872.6413
822.36505	872.23981
822.37671	872.93921
822.38843	873.4325
822.40009	872.87836
822.4118	874.30774
822.42346	873.56134
822.43512	873.44604
822.44684	873.76648
822.4585	872.9502
822.47021	872.63373
822.48187	874.53021
822.49359	872.91669
822.50525	872.94928
822.51697	872.29517
822.52863	873.12695
822.54028	871.84259
822.552	873.9776
822.56366	874.29791
822.57538	873.45935
822.58704	873.63751
822.59875	873.25525
822.61041	871.57697
822.62213	874.2912
822.63379	874.98547
822.64551	872.84662
822.65717	872.84882
822.66882	872.7558
822.68054	874.34424
822.6922	873.81659
822.70392	873.82104
822.71558	870.72046
822.72729	873.35986
822.73895	872.91516
822.75067	871.9621
822.76233	872.74689
822.77399	872.32678
822.78571	871.42181
822.79736	873.00189
822.80908	871.34827
822.82074	873.00989
822.83246	871.6662
822.84412	872.72528
822.85583	872.56262
822.86749	871.79199
822.87915	873.69336
822.89087	872.2561
822.90253	872.37866
822.91425	873.2121
822.9259	874.50543
822.93762	874.27875
822.94928	871.78882
822.961	873.15674
822.97266	873.58917
822.98431	873.37238
822.99603	872.52228
823.00769	872.95538
823.01941	873.50958
823.03107	873.03577
823.04279	873.13806
823.05444	871.70508
823.06616	872.25446
823.07782	873.55609
823.08948	873.69324
823.1012	873.01337
823.11285	871.81848
823.12457	872.88989
823.13623	873.85938
823.14795	873.55328
823.15961	874.79797
823.17133	873.65424
823.18298	871.85681
823.1947	871.60693
823.20636	872.88702
823.21802	872.172
823.22974	872.82367
823.24139	873.02026
823.25311	873.50781
823.26477	873.14532
823.27649	873.93079
823.28815	873.58777
823.29987	874.38177
823.31152	872.54889
823.32318	872.60498
823.3349	872.75494
823.34656	872.94147
823.35828	873.12128
823.36993	873.97156
823.38165	872.60168
823.39331	873.98267
823.40503	872.86719
823.41669	872.74457
823.42834	871.58466
823.44006	871.83582
823.45172	873.95691
823.46344	874.10913
823.4751	872.88971
823.48682	872.02234
823.49847	873.1059
823.51019	872.62872
823.52185	872.76575
823.53351	872.70349
823.54523	872.08783
823.55688	873.84253
823.5686	873.48846
823.58026	873.9165
823.59198	874.12018
823.60364	873.25073
823.61536	872.96796
823.62701	872.75574
823.63867	872.98468
823.65039	873.20288
823.66205	871.82147
823.67377	871.28088
823.68542	873.59644
823.69714	872.72174
823.7088	872.94086
823.72052	871.73273
823.73218	872.1438
823.74384	871.98901
823.75555	873.58966
823.76721	872.86298
823.77893	872.7605
823.79059	872.35602
823.80231	872.95795
823.81396	872.73096
823.82568	873.83594
823.83734	874.5722
823.84906	872.38043
823.86072	873.15967
823.87238	872.74634
823.88409	872.13831
823.89575	873.22437
823.90747	874.0498
823.91913	870.80768
823.93085	871.92731
823.9425	872.17731
823.95422	873.04944
823.96588	872.99939
823.97754	872.26221
823.98926	873.31964
824.00092	871.14935
824.01263	873.26843
824.02429	873.51703
824.03601	873.51013
824.04767	872.69885
824.05939	872.27417
824.07104	873.47925
824.0827	872.14954
824.09442	871.76758
824.10608	873.32312
824.1178	872.62958
824.12946	871.45538
824.14117	872.39001
824.15283	872.63477
824.16455	874.39264
824.17621	873.63104
824.18787	873.41565
824.19958	871.07642
824.21124	873.47113
824.22296	872.24426
824.23462	871.57111
824.24634	871.66492
824.258	871.63257
824.26971	874.85797
824.28137	872.88702
824.29303	871.78485
824.30475	872.49994
824.31641	872.47449
824.32813	873.03003
824.33978	873.46234
824.3515	872.45331
824.36316	872.96777
824.37488	872.98743
824.38654	873.11725
824.39825	872.39795
824.40991	873.30206
824.42157	874.46039
824.43329	872.83704
824.44495	872.3678
824.45667	871.74121
824.46832	873.7262
824.48004	873.50018
824.4917	873.62158
824.50342	871.63379
824.51508	873.81696
824.52673	873.00006
824.53845	872.70233
824.55011	873.9516
824.56183	872.53809
824.57349	872.82666
824.58521	873.61224
824.59686	874.534
824.60858	873.33673
824.62024	872.52246
824.6319	874.15466
824.64362	874.08533
824.65527	873.81067
824.66699	873.22522
824.67865	872.15796
824.69037	872.82208
824.70203	871.94879
824.71375	873.48224
824.7254	873.63757
824.73706	873.19806
824.74878	871.47559
824.76044	872.2804
824.77216	873.15509
824.78381	873.02618
824.79553	872.52808
824.80719	872.03723
824.81891	872.45941
824.83057	871.79816
824.84222	872.04706
824.85394	871.06604
824.8656	872.88092
824.87732	872.93713
824.88898	871.98053
824.9007	872.45062
824.91235	871.65637
824.92407	871.27167
824.93573	871.00073
824.94739	872.2168
824.95911	872.97565
824.97076	872.69348
824.98248	872.92126
824.99414	873.20734
825.00586	872.58917
825.01752	873.12329
825.02924	872.58691
825.04089	873.15173
825.05261	872.50293
825.06427	873.19922
825.07593	874.13647
825.08765	872.64691
825.0993	873.74097
825.11102	873.57141
825.12268	872.51465
825.1344	872.31738
825.14606	871.55975
825.15778	872.33575
825.16943	873.05017
825.18109	872.14203
825.19281	872.53479
825.20447	872.79083
825.21619	872.94763
825.22784	873.97565
825.23956	872.37152
825.25122	872.56738
825.26294	873.3551
825.2746	872.9104
825.28625	873.08527
825.29797	872.07581
825.30963	872.07556
825.32135	871.95111
825.33301	872.55188
825.34473	870.33722
825.35638	871.74866
825.3681	872.8197
825.37976	870.91028
825.39142	871.44965
825.40314	872.88666
825.41479	872.48901
825.42651	870.64252
825.43817	873.87177
825.44989	872.69342
825.46155	871.38849
825.47327	871.57831
825.48492	869.78638
825.49658	870.92639
825.5083	871.93164
825.51996	873.33801
825.53168	872.24725
825.54333	872.45459
825.55505	872.42682
825.56671	871.22705
825.57843	872.45111
825.59009	871.3783
825.60175	872.42145
825.61346	872.64771
825.62512	872.80005
825.63684	871.75909
825.6485	872.39624
825.66022	872.87616
825.67188	871.00854
825.68359	872.81592
825.69525	873.68494
825.70697	872.66949
825.71863	872.06458
825.73029	871.26202
825.742	872.6073
825.75366	874.12708
825.76538	871.98334
825.77704	871.88727
825.78876	872.55963
825.80042	871.87006
825.81213	871.62354
825.82379	873.05408
825.83545	872.08838
825.84717	870.99902
825.85883	871.47382
825.87054	872.28918
825.8822	873.46088
825.89392	871.94586
825.90558	871.47552
825.9173	874.74103
825.92896	872.51355
825.94061	871.44171
825.95233	871.0191
825.96399	872.63062
825.97571	872.11475
825.98737	871.68298
825.99908	871.51544
826.01074	871.92914
826.02246	872.99823
826.03412	873.73682
826.04578	872.76672
826.0575	871.55475
826.06915	872.83936
826.08087	872.08051
826.09253	872.8772
826.10425	872.04901
826.11591	872.58966
826.12762	871.18256
826.13928	872.56146
826.15094	872.58472
826.16266	873.34607
826.17432	873.1806
826.18604	872.33594
826.19769	872.00171
826.20941	872.0697
826.22107	870.90668
826.23279	872.31525
826.24445	872.26801
826.25616	872.27258
826.26782	871.8913
826.27948	872.59387
826.2912	871.44189
826.30286	871.64508
826.31458	871.97418
826.32623	869.89185
826.33795	870.38684
826.34961	870.81494
826.36133	872.21851
826.37299	873.18402
826.38464	874.20947
826.39636	872.13165
826.40802	872.40222
826.41974	872.41937
826.4314	873.12213
826.44312	871.02234
826.45477	871.81458
826.46649	872.22943
826.47815	871.0094
826.48981	871.26978
826.50153	871.54834
826.51318	871.78687
826.5249	872.40601
826.53656	872.10608
826.54828	872.01349
826.55994	871.62714
826.57166	870.84869
826.58331	871.43347
826.59497	872.75183
826.60669	871.93927
826.61835	872.13171
826.63007	871.69775
826.64172	870.66284
826.65344	870.77087
826.6651	872.61206
826.67682	872.75348
826.68848	873.29407
826.70013	872.28723
826.71185	871.89044
826.72351	871.12933
826.73523	871.77203
826.74689	871.98016
826.75861	871.46387
826.77026	872.80157
826.78198	871.74182
826.79364	872.71613
826.8053	871.88904
826.81702	872.3833
826.82867	872.4516
826.84039	871.62109
826.85205	870.57648
826.86377	872.37555
826.87543	872.23248
826.88715	871.64655
826.8988	871.90387
826.91052	872.83472
826.92218	872.64148
826.93384	872.30133
826.94556	871.54962
826.95721	871.44159
826.96893	871.56317
826.98059	872.20477
826.99231	871.7431
827.00397	871.70068
827.01569	871.56042
827.02734	871.29352
827.039	871.36334
827.05072	871.44202
827.06238	871.72009
827.0741	872.70831
827.08575	872.05432
827.09747	872.51233
827.10913	871.08514
827.12085	870.29242
827.13251	872.60767
827.14417	873.55573
827.15588	872.23083
827.16754	872.70679
827.17926	871.12012
827.19092	871.95288
827.20264	872.79437
827.21429	871.97565
827.22601	869.98779
827.23767	872.70087
827.24933	870.9082
827.26105	872.32526
827.27271	872.77319
827.28442	871.20746
827.29608	871.23376
827.3078	872.23175
827.31946	873.09723
827.33118	873.09167
827.34283	872.90796
827.35449	872.76727
827.36621	872.21387
827.37787	872.65881
827.38959	872.68817
827.40125	873.84308
827.41296	871.62579
827.42462	871.32874
827.43634	872.38336
827.448	873.91077
827.45972	872.68213
827.47137	871.99854
827.48303	872.66199
827.49475	871.64911
827.50641	871.49524
827.51813	872.60712
827.52979	872.22485
827.5415	872.42633
827.55316	872.48932
827.56488	871.00433
827.57654	871.66486
827.5882	873.02094
827.59991	872.13159
827.61157	870.49426
827.62329	871.98663
827.63495	870.85901
827.64667	872.9967
827.65833	871.9812
827.67004	872.89789
827.6817	873.18909
827.69336	872.56738
827.70508	872.97424
827.71674	872.255
827.72845	871.64325
827.74011	870.8512
827.75183	871.61725
827.76349	870.91876
827.77521	872.89471
827.78687	871.51074
827.79852	871.8418
827.81024	871.32886
827.8219	871.94794
827.83362	873.08423
827.84528	871.1897
827.85699	871.81042
827.86865	871.32233
827.88037	872.56012
827.89203	871.71808
827.90369	871.43085
827.91541	872.60315
827.92706	872.10284
827.93878	870.8905
827.95044	871.50879
827.96216	871.0824
827.97382	871.1189
827.98553	872.75183
827.99719	871.80182
828.00885	871.58337
828.02057	870.73895
828.03223	871.94299
828.04395	871.38403
828.0556	871.88519
828.06732	871.47992
828.07898	871.8562
828.0907	872.52264
828.10236	873.35565
828.11407	872.5036
828.12573	872.60742
828.13739	872.08374
828.14911	871.19513
828.16077	871.11389
828.17249	873.22614
828.18414	871.93524
828.19586	870.41534
828.20752	871.94659
828.21924	870.71722
828.2309	871.68634
828.24255	871.76422
828.25427	870.41565
828.26593	870.6626
828.27765	871.77155
828.28931	871.479
828.30103	870.95105
828.31268	872.59906
828.3244	872.85938
828.33606	871.8092
828.34772	871.47729
828.35944	871.53326
828.37109	872.21344
828.38281	872.15436
828.39447	871.45355
828.40619	871.35431
828.41785	871.72607
828.42957	872.539
828.44122	872.50574
828.45288	871.81439
828.4646	871.55701
828.47626	871.47845
828.48798	872.1734
828.49963	871.82782
828.51135	871.42206
828.52301	871.55762
828.53473	872.62207
828.54639	872.54828
828.55804	871.11047
828.56976	871.97827
828.58142	870.98419
828.59314	870.7793
828.6048	871.83038
828.61652	871.82861
828.62817	872.58557
828.63989	873.03937
828.65155	872.18103
828.66327	872.39172
828.67493	872.00787
828.68658	871.64087
828.6983	871.57184
828.70996	871.52063
828.72168	871.76593
828.73334	871.92694
828.74506	872.67395
828.75671	872.76666
828.76843	871.89044
828.78009	870.79358
828.79175	871.50586
828.80347	872.22253
828.81512	873.62231
828.82684	872.36475
828.8385	872.04199
828.85022	871.53107
828.86188	871.80328
828.8736	871.27777
828.88525	872.70514
828.89691	872.8078
828.90863	873.31433
828.92029	871.90454
828.93201	871.89148
828.94366	870.42731
828.95538	871.09015
828.96704	872.25818
828.97876	872.01678
828.99042	871.87482
829.00208	872.20612
829.01379	871.21942
829.02545	870.64136
829.03717	871.68243
829.04883	870.58899
829.06055	872.24982
829.0722	870.51044
829.08392	871.9046
829.09558	872.94519
829.10724	872.31641
829.11896	870.93854
829.13062	871.40619
829.14233	869.92841
829.15399	871.10791
829.16571	872.37982
829.17737	870.86932
829.18909	872.7301
829.20074	872.60516
829.2124	870.41614
829.22412	871.93555
829.23578	872.64441
829.2475	870.78357
829.25916	870.03418
829.27087	871.8772
829.28253	871.62164
829.29425	872.43536
829.30591	872.65472
829.31763	872.40021
829.32928	871.46008
829.34094	872.52911
829.35266	871.05597
829.36432	870.53052
829.37604	869.85217
829.3877	871.38983
829.39941	871.36578
829.41107	871.58038
829.42279	870.24976
829.43445	871.52039
829.44611	871.81366
829.45782	870.74353
829.46948	873.00946
829.4812	871.35059
829.49286	871.3136
829.50458	871.97675
829.51624	872.67719
829.52795	871.37872
829.53961	871.40356
829.55127	872.0672
829.56299	872.31006
829.57465	872.58844
829.58636	871.3902
829.59802	872.44714
829.60974	872.04187
829.6214	873.38556
829.63312	872.1629
829.64478	870.64789
829.65643	870.06671
829.66815	871.15051
829.67981	871.96301
829.69153	872.22852
829.70319	872.74109
829.7149	870.34222
829.72656	873.32776
829.73828	872.21918
829.74994	872.01636
829.7616	872.68085
829.77332	871.85046
829.78497	871.68604
829.79669	872.42712
829.80835	872.19135
829.82007	873.32037
829.83173	872.17694
829.84344	871.68536
829.8551	872.4986
829.86682	870.23785
829.87848	872.16083
829.89014	870.59784
829.90186	871.2077
829.91351	872.63672
829.92523	869.44281
829.93689	870.66559
829.94861	872.41956
829.96027	871.30023
829.97198	870.6355
829.98364	871.57269
829.9953	871.18597
830.00702	871.40155
830.01868	872.7746
830.0304	871.95374
830.04205	872.6051
830.05377	872.01306
830.06543	872.08209
830.07715	872.2301
830.08881	872.24817
830.10046	872.98627
830.11218	872.64978
830.12384	872.09003
830.13556	871.46619
830.14722	871.11377
830.15894	870.22375
830.17059	870.862
830.18231	870.34882
830.19397	870.16223
830.20563	870.52838
830.21735	871.41443
830.229	871.1507
830.24072	871.39923
830.25238	871.69672
830.2641	871.87384
830.27576	873.20258
830.28748	871.68195
830.29913	870.6535
830.31079	870.81952
830.32251	870.79822
830.33417	871.65869
830.34589	873.5766
830.35754	872.03387
830.36926	870.88269
830.38092	871.84937
830.39264	872.39941
830.4043	873.03693
830.41595	872.3642
830.42767	872.32751
830.43933	870.54022
830.45105	871.54529
830.46271	871.58624
830.47443	871.32031
830.48608	872.05078
830.4978	871.35394
830.50946	873.25372
830.52118	873.48236
830.53284	871.55664
830.54449	870.83215
830.55621	871.89844
830.56787	871.67639
830.57959	872.789
830.59125	873.06512
830.60297	872.96033
830.61462	870.51019
830.62634	872.35291
830.638	872.65613
830.64966	872.7251
830.66138	871.89081
830.67303	873.1507
830.68475	871.84308
830.69641	872.31012
830.70813	872.82422
830.71979	872.42566
830.73151	872.60071
830.74316	871.62341
830.75482	871.23541
830.76654	870.41034
830.7782	872.96039
830.78992	870.80389
830.80157	870.89795
830.81329	870.61523
830.82495	871.91974
830.83667	873.05573
830.84833	871.64172
830.85999	871.24915
830.8717	872.63934
830.88336	873.30249
830.89508	872.43451
830.90674	872.24139
830.91846	872.52185
830.93011	873.65057
830.94183	872.04688
830.95349	869.96252
830.96515	871.29248
830.97687	869.89313
830.98853	871.36731
831.00024	871.6134
831.0119	870.79779
831.02362	872.29034
831.03528	872.13629
831.047	872.70392
831.05865	872.94299
831.07037	873.23969
831.08203	872.26141
831.09369	872.65454
831.10541	872.15778
831.11707	872.72876
831.12878	871.97467
831.14044	872.26331
831.15216	872.94495
831.16382	871.62598
831.17554	872.55225
831.18719	873.15118
831.19885	872.92688
831.21057	872.72009
831.22223	871.76886
831.23395	871.66656
831.24561	871.04877
831.25732	871.55389
831.26898	871.74756
831.2807	872.41101
831.29236	871.86517
831.30402	872.60059
831.31573	872.73712
831.32739	873.26404
831.33911	872.42072
831.35077	873.62463
831.36249	871.59387
831.37415	872.10327
831.38586	871.39166
831.39752	871.80701
831.40918	871.46307
831.4209	872.24927
831.43256	873.32202
831.44427	873.67987
831.45593	871.96265
831.46765	872.07581
831.47931	872.83032
831.49103	872.89026
831.50269	871.66608
831.51434	873.24725
831.52606	874.21051
831.53772	874.0863
831.54944	873.02521
831.5611	872.35693
831.57281	871.37109
831.58447	871.75427
831.59619	871.10748
831.60785	871.69623
831.61951	872.99103
831.63123	873.4187
831.64288	873.01862
831.6546	870.4361
831.66626	871.54828
831.67798	870.68701
831.68964	871.59015
831.70135	872.64563
831.71301	872.26508
831.72473	872.65106
831.73639	872.38983
831.74805	873.42603
831.75977	874.10864
831.77142	873.64752
831.78314	872.73181
831.7948	872.159
831.80652	871.43896
831.81818	871.27686
831.8299	873.07935
831.84155	873.11969
831.85321	873.57928
831.86493	873.05725
831.87659	872.78497
831.88831	873.00568
831.89996	873.22174
831.91168	873.52637
831.92334	872.94849
831.93506	872.54376
831.94672	873.05139
831.95837	871.34082
831.97009	872.99023
831.98175	872.62726
831.99347	873.24512
832.00513	873.03156
832.01685	872.62201
832.0285	872.6825
832.04022	872.25763
832.05188	871.5752
832.06354	873.10077
832.07526	873.18909
832.08691	873.43835
832.09863	872.47546
832.11029	873.37042
832.12201	873.62219
832.13367	872.81488
832.14539	872.81866
832.15704	871.78339
832.1687	873.49878
832.18042	873.20581
832.19208	873.16479
832.2038	873.16168
832.21545	873.06055
832.22717	873.79431
832.23883	871.94958
832.25055	872.77496
832.26221	872.41864
832.27393	872.49182
832.28558	873.19928
832.29724	874.64075
832.30896	872.95007
832.32062	872.32452
832.33234	871.96515
832.34399	870.88397
832.35571	871.59473
832.36737	873.48511
832.37909	873.25165
832.39075	872.54089
832.4024	874.49146
832.41412	872.56647
832.42578	872.94012
832.4375	872.62823
832.44916	872.64795
832.46088	873.32422
832.47253	872.74945
832.48425	872.48492
832.49591	872.26343
832.50757	871.81165
832.51929	872.27338
832.53094	872.44263
832.54266	873.61224
832.55432	873.05164
832.56604	873.38885
832.5777	871.45441
832.58942	872.51434
832.60107	873.33496
832.61273	874.06604
832.62445	872.50018
832.63611	874.1394
832.64783	873.08777
832.65948	873.31537
832.6712	872.74854
832.68286	873.91534
832.69458	874.31042
832.70624	873.51434
832.7179	873.18073
832.72961	873.20062
832.74127	872.5874
832.75299	873.12567
832.76465	872.9942
832.77637	873.3407
832.78802	873.37823
832.79974	873.51123
832.8114	873.00989
832.82306	872.07867
832.83478	872.51569
832.84644	872.65186
832.85815	872.81171
832.86981	873.29578
832.88153	873.33234
832.89319	873.31494
832.90491	873.1745
832.91656	873.03387
832.92828	873.22223
832.93994	872.31976
832.9516	871.79016
832.96332	870.37842
832.97498	871.07758
832.98669	873.53534
832.99835	874.25531
833.01007	874.36633
833.02173	873.34448
833.03345	873.35614
833.0451	872.62909
833.05676	873.46637
833.06848	874.37659
833.08014	873.72473
833.09186	872.05048
833.10352	872.2135
833.11523	873.83923
833.12689	872.74988
833.13861	872.77496
833.15027	871.92517
833.16193	873.54309
833.17365	873.75824
833.1853	872.93207
833.19702	873.2027
833.20868	874.18213
833.2204	871.15619
833.23206	872.50568
833.24377	874.13232
833.25543	873.39117
833.26709	874.81213
833.27881	873.01227
833.29047	874.83997
833.30219	872.08307
833.31384	873.63794
833.32556	873.4397
833.33722	873.03705
833.34894	873.65802
833.3606	873.35126
833.37225	873.4458
833.38397	872.91205
833.39563	873.38177
833.40735	873.21808
833.41901	871.98987
833.43073	873.62872
833.44238	873.7392
833.4541	873.52203
833.46576	873.38568
833.47748	873.01581
833.48914	873.08673
833.50079	873.03784
833.51251	873.98132
833.52417	874.31873
833.53589	874.12708
833.54755	873.69678
833.55927	874.04071
833.57092	872.8764
833.58264	872.91095
833.5943	874.32959
833.60596	874.78595
833.61768	874.01135
833.62933	873.41602
833.64105	873.85968
833.65271	873.91351
833.66443	872.89996
833.67609	873.65826
833.68781	874.3656
833.69946	873.30725
833.71112	872.84607
833.72284	872.47375
833.7345	871.20288
833.74622	873.59277
833.75787	873.6311
833.76959	872.55615
833.78125	874.27942
833.79297	874.19299
833.80463	874.33289
833.81628	874.65967
833.828	872.1698
833.83966	874.06903
833.85138	874.40649
833.86304	873.61139
833.87476	873.79749
833.88641	873.29486
833.89813	874.72754
833.90979	874.44318
833.92145	874.22894
833.93317	873.42883
833.94482	873.11523
833.95654	872.68555
833.9682	871.6637
833.97992	874.13757
833.99158	873.57904
834.0033	874.14594
834.01495	873.33417
834.02661	872.77386
834.03833	873.69177
834.04999	872.30743
834.06171	873.93579
834.07336	874.34448
834.08508	873.40692
834.09674	873.38531
834.10846	872.90619
834.12012	873.47748
834.13184	873.16443
834.14349	873.30896
834.15515	873.48352
834.16687	872.71362
834.17853	873.40839
834.19025	873.9613
834.2019	873.14069
834.21362	873.20679
834.22528	873.91785
834.237	873.52625
834.24866	874.12268
834.26031	873.65259
834.27203	872.95258
834.28369	872.62134
834.29541	872.97845
834.30707	873.56262
834.31879	872.61017
834.33044	872.87787
834.34216	873.90308
834.35382	873.11444
834.36548	873.07831
834.3772	873.4549
834.38885	873.2666
834.40057	872.92902
834.41223	872.45428
834.42395	872.83417
834.43561	873.36743
834.44733	873.49573
834.45898	873.18616
834.47064	872.55383
834.48236	873.3374
834.49402	874.32562
834.50574	873.80566
834.5174	873.02979
834.52911	872.64569
834.54077	873.0769
834.55249	873.37329
834.56415	873.77698
834.57581	872.86694
834.58752	871.95154
834.59918	872.97949
834.6109	874.10352
834.62256	873.6955
834.63428	873.2652
834.64594	872.9693
834.65765	873.72052
834.66931	873.71246
834.68103	872.79224
834.69269	873.45044
834.70435	874.6532
834.71606	873.0946
834.72772	872.35217
834.73944	872.97693
834.7511	872.75842
834.76282	872.9151
834.77448	873.47791
834.78619	873.59637
834.79785	873.50336
834.80951	871.80865
834.82123	873.04968
834.83289	872.83008
834.8446	873.03998
834.85626	872.92731
834.86798	873.12372
834.87964	874.03082
834.89136	872.18463
834.90302	873.23627
834.91467	871.61707
834.92639	873.09717
834.93805	873.81348
834.94977	874.37439
834.96143	874.51855
834.97314	872.44189
834.9848	873.45374
834.99652	873.92004
835.00818	874.54327
835.01984	873.44342
835.03156	874.26984
835.04321	873.77515
835.05493	873.19946
835.06659	874.01013
835.07831	873.92035
835.08997	873.04938
835.10168	873.21161
835.11334	872.64844
835.125	873.69159
835.13672	873.82697
835.14838	873.67352
835.1601	873.27661
835.17175	873.44623
835.18347	874.14136
835.19513	874.17834
835.20685	873.20074
835.21851	873.73987
835.23016	874.2771
835.24188	873.19647
835.25354	874.72461
835.26526	874.39844
835.27692	873.78558
835.28864	873.99762
835.30029	874.38269
835.31201	873.14563
835.32367	871.72546
835.33539	873.18433
835.34705	873.4353
835.3587	872.37994
835.37042	874.30328
835.38208	874.17334
835.3938	873.77509
835.40546	872.28033
835.41718	871.71466
835.42883	872.63849
835.44055	873.94159
835.45221	874.10291
835.46387	873.79694
835.47559	873.36682
835.48724	873.30383
835.49896	874.50964
835.51062	872.70618
835.52234	873.51453
835.534	873.55499
835.54572	871.63416
835.55737	873.3974
835.56903	874.76038
835.58075	873.69507
835.59241	875.3562
835.60413	873.43439
835.61578	873.71155
835.6275	872.45007
835.63916	874.72943
835.65088	875.52466
835.66254	875.14978
835.67419	875.07074
835.68591	874.17456
835.69757	874.38092
835.70929	872.96735
835.72095	873.00049
835.73267	873.91357
835.74432	873.35681
835.75604	872.44409
835.7677	873.172
835.77936	874.55444
835.79108	874.06384
835.80273	872.37805
835.81445	873.15015
835.82611	873.89056
835.83783	874.55634
835.84949	873.9704
835.86121	872.95203
835.87286	872.91034
835.88458	873.45392
835.89624	871.78094
835.9079	873.84308
835.91962	874.52203
835.93127	873.38922
835.94299	873.66895
835.95465	874.15985
835.96637	873.71667
835.97803	872.95435
835.98975	873.28607
836.0014	873.33942
836.01306	874.40784
836.02478	873.63928
836.03644	873.74371
836.04816	874.07758
836.05981	874.4314
836.07153	873.59344
836.08319	873.37555
836.09491	873.45483
836.10657	873.5293
836.11823	872.89905
836.12994	873.40283
836.1416	875.36902
836.15332	873.91577
836.16498	874.22095
836.1767	874.26099
836.18835	874.26044
836.20007	873.90045
836.21173	872.64728
836.22339	873.96277
836.23511	874.38977
836.24677	873.1308
836.25848	872.479
836.27014	872.91571
836.28186	872.91296
836.29352	872.51575
836.30524	872.97534
836.31689	872.83203
836.32855	873.91846
836.34027	873.83636
836.35193	872.77991
836.36365	873.66638
836.37531	872.95825
836.38702	873.53546
836.39868	873.7149
836.4104	872.74823
836.42206	871.98138
836.43372	874.36859
836.44543	873.9187
836.45709	874.93451
836.46881	874.2912
836.48047	875.39374
836.49219	874.52155
836.50385	872.65393
836.51556	873.26636
836.52722	873.05023
836.53894	873.11676
836.5506	872.59113
836.56226	872.74554
836.57397	873.48578
836.58563	872.8869
836.59735	872.34393
836.60901	873.72339
836.62073	872.20172
836.63239	872.15149
836.6441	873.43542
836.65576	873.26788
836.66742	872.46326
836.67914	872.2981
836.6908	873.13483
836.70251	872.97363
836.71417	873.6488
836.72589	873.01947
836.73755	873.40356
836.74927	873.43536
836.76093	873.50226
836.77258	871.97473
836.7843	872.26172
836.79596	873.37213
836.80768	873.48956
836.81934	873.37054
836.83105	874.30292
836.84271	874.8349
836.85443	873.01373
836.86609	873.1441
836.87775	872.58325
836.88947	872.33887
836.90112	873.20679
836.91284	872.79382
836.9245	872.16742
836.93622	871.78156
836.94788	872.97839
836.95959	872.84308
836.97125	872.51868
836.98291	874.03461
836.99463	873.88086
837.00629	873.47937
837.01801	873.0542
837.02966	872.44684
837.04138	873.62128
837.05304	872.284
837.06476	873.21942
837.07642	871.672
837.08813	873.28186
837.09979	874.66437
837.11145	873.52753
837.12317	873.56537
837.13483	873.23474
837.14655	874.46191
837.1582	873.44678
837.16992	873.63684
837.18158	873.04437
837.1933	874.40735
837.20496	874.87292
837.21661	872.94104
837.22833	872.26691
837.23999	872.60535
837.25171	873.10724
837.26337	872.08093
837.27509	872.79608
837.28674	872.88861
837.29846	873.76276
837.31012	873.11591
837.32178	873.61951
837.3335	874.42584
837.34515	874.37329
837.35687	873.36182
837.36853	874.80518
837.38025	874.40479
837.39191	873.86523
837.40363	873.63721
837.41528	872.26984
837.42694	872.97784
837.43866	873.51758
837.45032	873.4856
837.46204	873.29651
837.47369	874.83746
837.48541	874.38763
837.49707	873.58612
837.50879	873.47736
837.52045	874.54376
837.5321	871.75049
837.54382	873.64026
837.55548	872.21106
837.5672	873.78632
837.57886	872.89697
837.59058	873.01166
837.60223	873.54736
837.61395	872.45685
837.62561	872.1084
837.63727	874.40845
837.64899	873.8493
837.66064	873.86755
837.67236	873.27753
837.68402	872.82355
837.69574	872.81763
837.7074	873.29102
837.71912	873.76013
837.73077	873.02203
837.74249	872.68237
837.75415	874.17279
837.76581	873.38824
837.77753	873.76941
837.78918	873.04504
837.8009	873.23566
837.81256	873.17792
837.82428	873.13318
837.83594	872.8371
837.84766	872.12189
837.85931	872.31921
837.87097	873.80414
837.88269	872.86212
837.89435	871.94324
837.90607	873.34454
837.91772	873.82318
837.92944	873.20306
837.9411	873.61273
837.95282	871.15881
837.96448	872.20844
837.97614	871.91693
837.98785	872.37396
837.99951	872.48779
838.01123	872.68823
838.02289	871.85913
838.03461	871.22559
838.04626	871.67224
838.05798	872.67578
838.06964	873.06866
838.0813	872.33801
838.09302	873.33032
838.10468	873.27289
838.11639	871.66998
838.12805	874.40649
838.13977	872.12585
838.15143	873.1969
838.16315	872.56946
838.1748	873.56732
838.18646	873.97412
838.19818	873.53711
838.20984	872.41663
838.22156	872.48938
838.23322	873.27448
838.24493	873.86664
838.25659	871.88007
838.26831	873.34833
838.27997	872.86426
838.29169	873.0592
838.30334	872.146
838.315	873.38916
838.32672	871.35645
838.33838	872.18207
838.3501	872.60754
838.36176	872.35406
838.37347	871.90222
838.38513	872.78235
838.39685	872.45923
838.40851	872.85156
838.42017	872.85522
838.43188	872.24921
838.44354	872.73639
838.45526	873.78656
838.46692	873.79883
838.47864	873.04236
838.4903	871.78809
838.50201	871.95941
838.51367	873.78705
838.52533	872.55688
838.53705	872.95526
838.54871	872.69647
838.56042	872.78558
838.57208	872.63513
838.5838	872.24225
838.59546	870.94489
838.60718	872.48151
838.61884	872.1665
838.63049	872.03442
838.64221	872.37317
838.65387	871.26929
838.66559	872.61261
838.67725	872.42413
838.68896	872.81897
838.70062	873.94574
838.71234	874.20654
838.724	873.45111
838.73566	871.98499
838.74738	872.00793
838.75903	872.60541
838.77075	873.42151
838.78241	872.71661
838.79413	873.04303
838.80579	874.12482
838.8175	873.16467
838.82916	872.55798
838.84082	872.82477
838.85254	872.92438
838.8642	871.96606
838.87592	871.88196
838.88757	873.37512
838.89929	872.33624
838.91095	872.14404
838.92267	871.86145
838.93433	872.64978
838.94604	872.44702
838.9577	872.03064
838.96936	871.9433
838.98108	873.04401
838.99274	872.20123
839.00446	872.07971
839.01611	871.43665
839.02783	872.3125
839.03949	872.28387
839.05121	871.82513
839.06287	872.052
839.07452	871.7041
839.08624	872.5921
839.0979	871.77502
839.10962	872.85962
839.12128	872.21051
839.133	872.02185
839.14465	872.72449
839.15637	873.12488
839.16803	871.5174
839.17969	873.42468
839.19141	872.25623
839.20306	872.73853
839.21478	872.25885
839.22644	873.21753
839.23816	873.19031
839.24982	873.41956
839.26154	872.51404
839.27319	874.50348
839.28485	872.40894
839.29657	872.51996
839.30823	873.45734
839.31995	873.12512
839.3316	873.28992
839.34332	872.55414
839.35498	872.53082
839.3667	872.70349
839.37836	871.93439
839.39001	872.78345
839.40173	872.08771
839.41339	871.48029
839.42511	870.91449
839.43677	872.01605
839.44849	871.8725
839.46014	871.07806
839.47186	872.50574
839.48352	872.85828
839.49524	872.10535
839.5069	870.61072
839.51855	871.37048
839.53027	873.08185
839.54193	872.31952
839.55365	871.97845
839.56531	872.91217
839.57703	873.76721
839.58868	873.37665
839.6004	872.23376
839.61206	871.81232
839.62372	873.25305
839.63544	872.16333
839.64709	872.5813
839.65881	871.93127
839.67047	870.84479
839.68219	872.55414
839.69385	872.53265
839.70557	873.1167
839.71722	873.59277
839.72888	873.29675
839.7406	873.33484
839.75226	873.87952
839.76398	873.08179
839.77563	872.25665
839.78735	871.94495
839.79901	872.78046
839.81073	872.38269
839.82239	870.85803
839.83405	871.84509
839.84576	873.17474
839.85742	872.19202
839.86914	871.41266
839.8808	872.35443
839.89252	872.94
839.90417	871.97711
839.91589	873.14319
839.92755	871.25909
839.93921	872.06024
839.95093	872.63312
839.96259	872.55188
839.9743	871.67017
839.98596	872.32898
839.99768	871.31323
840.00934	871.88861
840.02106	871.82092
840.03271	872.87988
840.04437	872.94299
840.05609	873.01312
840.06775	872.19049
840.07947	872.72321
840.09113	872.00891
840.10284	872.20007
840.1145	872.90485
840.12622	872.29962
840.13788	871.83813
840.1496	872.2063
840.16125	871.19183
840.17291	872.73315
840.18463	871.99994
840.19629	872.1438
840.20801	872.1925
840.21967	872.33282
840.23138	872.34937
840.24304	872.66327
840.25476	871.95966
840.26642	871.86871
840.27808	872.54761
840.28979	872.97974
840.30145	872.52209
840.31317	872.21472
840.32483	873.36798
840.33655	873.61127
840.34821	872.83698
840.35992	873.18243
840.37158	871.90503
840.38324	870.99066
840.39496	872.68976
840.40662	872.7168
840.41833	871.95624
840.42999	871.57007
840.44171	873.30847
840.45337	873.0976
840.46509	872.55975
840.47675	871.35028
840.4884	871.78339
840.50012	871.97247
840.51178	872.71918
840.5235	871.92181
840.53516	871.87958
840.54688	872.43768
840.55853	871.07806
840.57025	870.97931
840.58191	872.94922
840.59357	872.54004
840.60529	873.47363
840.61694	872.00897
840.62866	872.16321
840.64032	872.97906
840.65204	873.14941
840.6637	872.69196
840.67542	872.6015
840.68707	871.36188
840.69879	871.98285
840.71045	873.20026
840.72211	872.20557
840.73383	872.7182
840.74548	873.29449
840.7572	872.81146
840.76886	872.64014
840.78058	873.42529
840.79224	871.45062
840.80396	873.17828
840.81561	871.91034
840.82727	872.40222
840.83899	871.49023
840.85065	871.72229
840.86237	873.67804
840.87402	872.56982
840.88574	872.65698
840.8974	871.92267
840.90912	872.47217
840.92078	872.27258
840.93243	873.81628
840.94415	872.11884
840.95581	873.06775
840.96753	873.4856
840.97919	872.93726
840.99091	873.40417
841.00256	873.13611
841.01428	871.40216
841.02594	872.05371
841.0376	871.45453
841.04932	872.52051
841.06097	870.57959
841.07269	872.27307
841.08435	871.93964
841.09607	871.12683
841.10773	871.09869
841.11945	871.69391
841.1311	871.99377
841.14276	872.26782
841.15448	871.06573
841.16614	871.40576
841.17786	872.82343
841.18951	872.75787
841.20123	872.0697
841.21289	873.27893
841.22461	872.00848
841.23627	871.97284
841.24792	872.16003
841.25964	871.62445
841.2713	871.16699
841.28302	870.63379
841.29468	870.59857
841.3064	871.43884
841.31805	871.29529
841.32977	871.17523
841.34143	872.20056
841.35315	872.11359
841.36481	872.76996
841.37646	872.42096
841.38818	871.11078
841.39984	872.33856
841.41156	873.64325
841.42322	871.5224
841.43494	871.83691
841.44659	872.03583
841.45831	872.71448
841.46997	872.11633
841.48163	872.05573
841.49335	871.54364
841.505	873.56787
841.51672	871.81165
841.52838	871.8642
841.5401	870.06616
841.55176	871.64618
841.56348	871.80878
841.57513	873.11108
841.58679	871.63684
841.59851	872.11884
841.61017	870.66095
841.62189	871.01471
841.63354	872.14868
841.64526	872.03821
841.65692	871.65991
841.66864	872.36517
841.6803	870.95978
841.69196	870.80988
841.70367	870.84845
841.71533	873.41583
841.72705	873.04413
841.73871	872.91107
841.75043	871.87958
841.76208	871.66321
841.7738	871.47522
841.78546	869.51355
841.79712	870.30157
841.80884	871.64972
841.8205	871.28571
841.83221	870.91919
841.84387	869.50208
841.85559	870.84094
841.86725	870.99792
841.87897	871.0387
841.89063	870.67871
841.90234	871.02814
841.914	870.42004
841.92566	871.8924
841.93738	871.05188
841.94904	871.95251
841.96075	870.28186
841.97241	871.39929
841.98413	871.95087
841.99579	871.86847
842.00751	870.80383
842.01917	872.87177
842.03082	871.75122
842.04254	873.53644
842.0542	872.26965
842.06592	870.84692
842.07758	871.06323
842.08929	870.68701
842.10095	872.01062
842.11267	873.34589
842.12433	871.68878
842.13599	871.31238
842.14771	871.23029
842.15936	872.47028
842.17108	870.89337
842.18274	872.24255
842.19446	871.77625
842.20612	870.86713
842.21783	871.90533
842.22949	871.94269
842.24115	870.62122
842.25287	872.2276
842.26453	870.95575
842.27625	871.08856
842.2879	871.86749
842.29962	873.26355
842.31128	872.90625
842.323	872.00549
842.33466	871.48901
842.34631	873.75372
842.35803	872.80286
842.36969	872.12244
842.38141	871.95404
842.39307	873.37421
842.40479	874.45349
842.41644	872.65436
842.42816	870.64648
842.43982	872.77838
842.45148	873.56958
842.4632	872.47955
842.47485	872.70276
842.48657	870.39868
842.49823	871.01849
842.50995	871.60712
842.52161	871.91882
842.53333	870.55609
842.54498	870.13458
842.5567	871.55786
842.56836	872.20227
842.58002	871.72833
842.59174	872.39801
842.60339	870.4212
842.61511	870.86511
842.62677	870.83704
842.63849	870.76373
842.65015	870.89325
842.66187	872.74048
842.67352	872.45782
842.68518	872.32666
842.6969	872.185
842.70856	872.80945
842.72028	871.88904
842.73193	872.50171
842.74365	872.73096
842.75531	870.73016
842.76703	872.51654
842.77869	872.98645
842.79034	871.34918
842.80206	871.57965
842.81372	873.08197
842.82544	871.4635
842.8371	871.63403
842.84882	870.5365
842.86047	871.17627
842.87219	872.35571
842.88385	871.72516
842.89551	872.90533
842.90723	871.57556
842.91888	872.74127
842.9306	871.28674
842.94226	872.25427
842.95398	872.72577
842.96564	873.75525
842.97736	872.39984
842.98901	871.22034
843.00067	872.32849
843.01239	872.79138
843.02405	871.49182
843.03577	872.21735
843.04742	872.45624
843.05914	872.83429
843.0708	872.37311
843.08252	871.71259
843.09418	871.27008
843.1059	871.65149
843.11755	872.59064
843.12921	872.37238
843.14093	873.16919
843.15259	871.84204
843.16431	872.41364
843.17596	873.86871
843.18768	873.29718
843.19934	871.461
843.21106	872.53577
843.22272	871.5213
843.23438	872.62616
843.24609	872.22485
843.25775	870.90393
843.26947	872.28876
843.28113	873.1084
843.29285	871.9549
843.3045	871.18365
843.31622	871.46173
843.32788	871.99573
843.33954	871.35339
843.35126	871.67181
843.36292	871.91882
843.37463	871.73926
843.38629	871.64355
843.39801	872.1814
843.40967	871.42346
843.42139	870.29401
843.43304	871.49042
843.4447	871.1402
843.45642	870.78516
843.46808	873.04187
843.4798	871.98901
843.49146	870.99695
843.50317	871.5307
843.51483	872.92999
843.52655	871.25
843.53821	870.52911
843.54987	871.53058
843.56158	873.77191
843.57324	873.27777
843.58496	872.8775
843.59662	872.05969
843.60834	871.70917
843.62	872.68939
843.63171	871.91846
843.64337	872.36572
843.65503	872.20917
843.66675	873.18451
843.67841	870.2829
843.69012	872.29553
843.70178	872.36597
843.7135	872.2785
843.72516	871.76416
843.73688	872.93195
843.74854	872.32025
843.76025	872.04791
843.77191	872.24048
843.78357	871.43134
843.79529	871.95868
843.80695	871.64539
843.81866	871.54486
843.83032	872.01025
843.84204	871.03094
843.8537	873.08063
843.86542	872.91577
843.87708	872.42688
843.88873	870.88464
843.90045	871.83301
843.91211	871.99054
843.92383	873.11078
843.93549	872.27454
843.9472	871.66431
843.95886	871.18213
843.97058	872.86176
843.98224	871.30957
843.9939	871.25818
844.00562	872.99011
844.01727	872.21362
844.02899	873.15399
844.04065	871.62268
844.05237	872.72662
844.06403	871.34149
844.07574	871.69501
844.0874	872.52618
844.09906	871.23627
844.11078	872.41113
844.12244	872.29962
844.13416	872.07739
844.14581	871.65839
844.15753	872.45148
844.16919	873.97705
844.18091	871.75708
844.19257	872.23126
844.20422	874.02618
844.21594	873.94739
844.2276	872.93121
844.23932	872.83398
844.25098	871.54297
844.2627	873.28033
844.27435	872.03809
844.28607	872.04413
844.29773	871.93396
844.30945	872.54651
844.32111	870.39716
844.33276	869.08179
844.34448	871.72028
844.35614	871.7558
844.36786	873.17596
844.37952	873.22394
844.39124	871.84436
844.40289	870.43054
844.41461	871.05499
844.42627	873.51703
844.43793	872.08704
844.44965	870.87463
844.4613	871.18866
844.47302	872.79364
844.48468	872.62311
844.4964	871.80402
844.50806	871.89343
844.51978	871.00189
844.53143	872.39557
844.54309	868.78564
844.55481	871.26642
844.56647	872.63593
844.57819	872.92487
844.58984	871.17957
844.60156	870.09546
844.61322	871.06506
844.62494	871.46948
844.6366	870.53412
844.64825	871.98126
844.65997	872.29962
844.67163	872.13336
844.68335	871.58307
844.69501	872.55548
844.70673	871.65234
844.71838	871.88739
844.7301	871.46771
844.74176	870.18793
844.75342	872.96112
844.76514	871.44873
844.77679	872.34796
844.78851	871.94312
844.80017	872.05469
844.81189	873.15527
844.82355	874.21613
844.83527	873.32086
844.84692	872.61255
844.85858	872.013
844.8703	872.73553
844.88196	872.91235
844.89368	872.61438
844.90533	872.07123
844.91705	872.05682
844.92871	871.67981
844.94043	872.21002
844.95209	871.51495
844.96381	873.24243
844.97546	871.19781
844.98712	872.10229
844.99884	870.97571
845.0105	871.51929
845.02222	872.98523
845.03387	871.7099
845.04559	872.0282
845.05725	872.75879
845.06897	872.08752
845.08063	874.22821
845.09229	874.44592
845.104	872.36951
845.11566	871.96954
845.12738	872.98248
845.13904	872.39752
845.15076	873.38831
845.16241	872.75836
845.17413	872.15649
845.18579	873.86218
845.19745	873.17157
845.20917	869.8772
845.22083	873.50055
845.23254	873.07275
845.2442	873.58722
845.25592	875.0636
845.26758	875.16998
845.2793	871.61096
845.29095	872.33765
845.30261	873.36877
845.31433	870.62073
845.32599	871.29547
845.33771	872.28802
845.34937	872.39886
845.36108	873.19012
845.37274	873.84271
845.38446	874.00586
845.39612	873.21716
845.40778	872.09546
845.41949	874.16467
845.43115	875.63269
845.44287	873.44769
845.45453	872.92523
845.46625	874.71545
845.47791	871.3299
845.48962	872.11487
845.50128	875.2793
845.513	873.78723
845.52466	874.07452
845.53632	874.11365
845.54803	872.71912
845.55969	872.77411
845.57141	874.27917
845.58307	875.05548
845.59479	872.58466
845.60645	874.23572
845.61816	874.59204
845.62982	874.62048
845.64148	874.81293
845.6532	873.68042
845.66486	874.6568
845.67657	873.6217
845.68823	874.66333
845.69995	877.99194
845.71161	877.88141
845.72333	875.72406
845.73499	876.15662
845.74664	875.85956
845.75836	876.22687
845.77002	877.34906
845.78174	876.12762
845.7934	874.68396
845.80511	877.72418
845.81677	877.91028
845.82849	879.88776
845.84015	877.3739
845.85181	879.27063
845.86353	881.22455
845.87518	880.82983
845.8869	878.40063
845.89856	886.01007
845.91028	885.3844
845.92194	886.51263
845.93365	890.29596
845.94531	895.55237
845.95697	898.08301
845.96869	902.77185
845.98035	910.21552
845.99207	921.00024
846.00372	935.81665
846.01544	944.69647
846.0271	969.08649
846.03882	987.41174
846.05048	1017.3539
846.06213	1051.437
846.07385	1094.1599
846.08551	1115.7357
846.09723	1164.3337
846.10889	1165.8379
846.12061	1181.9447
846.13226	1177.1819
846.14398	1184.1592
846.15564	1162.3549
846.16736	1130.321
846.17902	1121.4307
846.19067	1090.8875
846.20239	1054.631
846.21405	1030.0132
846.22577	996.97534
846.23743	973.50824
846.24915	964.12146
846.2608	951.08502
846.27252	937.01447
846.28418	923.94238
846.29584	913.9469
846.30756	905.36487
846.31921	899.77997
846.33093	902.93207
846.34259	893.48688
846.35431	892.61163
846.36597	891.06659
846.37769	888.32581
846.38934	885.15076
846.401	882.91119
846.41272	880.56647
846.42438	879.96173
846.4361	880.73969
846.44775	879.21155
846.45947	878.93958
846.47113	878.55542
846.48285	877.40302
846.49451	876.55524
846.50616	876.43335
846.51788	880.32843
846.52954	876.80743
846.54126	873.78302
846.55292	876.34961
846.56464	874.80475
846.57629	875.19092
846.58801	875.83661
846.59967	874.29504
846.61133	875.56055
846.62305	877.29425
846.6347	876.93054
846.64642	874.82538
846.65808	874.755
846.6698	872.61816
846.68146	873.27655
846.69318	875.8927
846.70483	873.09027
846.71655	873.50458
846.72821	874.08319
846.73987	873.95135
846.75159	874.67688
846.76324	875.97052
846.77496	873.97888
846.78662	874.05017
846.79834	875.52173
846.81	875.1991
846.82172	873.0899
846.83337	874.41394
846.84503	873.33752
846.85675	871.35443
846.86841	873.32202
846.88013	871.74792
846.89178	874.90973
846.9035	876.01471
846.91516	874.85547
846.92688	873.17859
846.93854	875.36786
846.9502	874.24377
846.96191	872.29193
846.97357	873.24695
846.98529	873.95831
846.99695	871.92944
847.00867	871.14362
847.02032	873.90192
847.03204	872.53784
847.0437	870.42224
847.05536	875.29163
847.06708	873.10376
847.07874	870.49292
847.09045	872.63458
847.10211	872.06177
847.11383	874.15863
847.12549	872.20691
847.13721	872.59076
847.14886	874.6803
847.16052	874.30835
847.17224	873.55713
847.1839	873.36237
847.19562	873.76453
847.20728	872.30481
847.21899	873.52704
847.23065	872.91461
847.24237	873.3606
847.25403	873.46472
847.26569	872.65405
847.2774	871.59741
847.28906	872.79779
847.30078	872.13312
847.31244	873.0304
847.32416	873.15112
847.33582	872.19293
847.34753	870.46075
847.35919	873.00714
847.37091	873.64478
847.38257	872.02844
847.39423	872.80273
847.40594	873.70044
847.4176	873.55206
847.42932	871.67316
847.44098	874.71857
847.4527	874.1507
847.46436	872.45502
847.47607	872.33673
847.48773	874.06757
847.49939	874.62421
847.51111	873.54175
847.52277	872.85889
847.53448	873.7804
847.54614	874.09656
847.55786	871.19891
847.56952	869.93591
847.58124	871.22632
847.5929	872.47351
847.60455	871.38153
847.61627	872.46606
847.62793	874.40845
847.63965	870.89478
847.65131	872.15356
847.66302	872.08441
847.67468	872.8136
847.6864	872.53522
847.69806	872.50708
847.70972	872.37244
847.72144	873.43237
847.73309	871.92023
847.74481	869.54877
847.75647	870.79028
847.76819	868.02496
847.77985	873.69989
847.79156	873.6286
847.80322	871.66736
847.81488	872.91357
847.8266	872.47614
847.83826	873.961
847.84998	871.71906
847.86163	871.2901
847.87335	871.2652
847.88501	871.14441
847.89673	871.01367
847.90839	871.98376
847.9201	869.67682
847.93176	872.02734
847.94342	873.60394
847.95514	870.61224
847.9668	870.02686
847.97852	871.30847
847.99017	870.29285
848.00189	872.00122
848.01355	871.31348
848.02527	870.50275
848.03693	870.84656
848.04858	872.99579
848.0603	873.98132
848.07196	871.57715
848.08368	875.05371
848.09534	873.83807
848.10706	871.38751
848.11871	873.4765
848.13043	869.80371
848.14209	871.76801
848.15375	872.8949
848.16547	872.8548
848.17712	871.66266
848.18884	872.16821
848.2005	872.55627
848.21222	871.52386
848.22388	869.05157
848.2356	872.5351
848.24725	870.67688
848.25891	871.52222
848.27063	874.69373
848.28229	869.97144
848.29401	870.66852
848.30566	869.51471
848.31738	868.552
848.32904	870.10767
848.34076	871.88623
848.35242	873.63489
848.36407	872.80841
848.37579	871.67023
848.38745	874.22931
848.39917	873.20532
848.41083	872.04529
848.42255	874.03906
848.4342	874.27881
848.44592	870.72369
848.45758	873.85175
848.46924	871.73517
848.48096	872.31378
848.49261	872.0127
848.50433	872.24292
848.51599	871.77502
848.52771	872.93152
848.53937	874.85266
848.55109	871.72229
848.56274	872.41608
848.57446	871.97607
848.58612	870.81665
848.59778	872.62097
848.6095	872.65417
848.62115	872.68768
848.63287	871.43384
848.64453	872.00293
848.65625	871.38202
848.66791	872.03101
848.67963	872.60535
848.69128	870.39441
848.70294	871.49463
848.71466	871.5365
848.72632	871.18475
848.73804	870.07709
848.74969	873.93219
848.76141	874.51367
848.77307	873.12469
848.78479	870.94519
848.79645	871.29016
848.80811	871.73883
848.81982	873.16858
848.83148	873.82294
848.8432	873.04401
848.85486	870.3504
848.86658	872.58826
848.87823	869.18591
848.88995	872.59039
848.90161	871.97626
848.91327	872.77905
848.92499	870.14514
848.93665	872.07025
848.94836	872.09723
848.96002	871.50311
848.97174	871.58478
848.9834	871.67938
848.99512	872.46204
849.00677	871.29138
849.01843	872.23877
849.03015	871.50793
849.04181	874.21759
849.05353	873.18402
849.06519	874.3056
849.0769	872.82373
849.08856	874.03516
849.10028	872.12457
849.11194	872.45996
849.12366	870.68494
849.13531	871.73541
849.14697	872.75012
849.15869	871.94415
849.17035	872.76392
849.18207	873.48096
849.19373	872.50745
849.20544	872.82361
849.2171	872.84302
849.22882	868.85687
849.24048	870.38385
849.25214	873.16064
849.26385	872.59497
849.27551	871.1557
849.28723	871.52142
849.29889	871.55902
849.31061	870.14545
849.32227	873.93658
849.33398	872.06592
849.34564	871.23718
849.3573	873.25415
849.36902	873.83551
849.38068	870.97076
849.3924	872.27869
849.40405	871.65839
849.41577	871.81281
849.42743	872.34094
849.43915	871.56897
849.45081	869.11322
849.46246	869.77606
849.47418	871.4588
849.48584	871.30255
849.49756	873.2298
849.50922	873.28644
849.52094	872.6308
849.53259	870.27148
849.54431	869.74829
849.55597	871.30969
849.56763	872.22729
849.57935	871.99567
849.591	871.42566
849.60272	873.08911
849.61438	873.13885
849.6261	872.46307
849.63776	873.62067
849.64948	869.9859
849.66113	871.54626
849.67279	872.24939
849.68451	871.33881
849.69617	871.61438
849.70789	871.4021
849.71954	873.10229
849.73126	871.93738
849.74292	874.38116
849.75464	869.58795
849.7663	871.89508
849.77802	874.00537
849.78967	870.58063
849.80133	872.08405
849.81305	873.28589
849.82471	872.2052
849.83643	870.83514
849.84808	868.33942
849.8598	871.57373
849.87146	872.94342
849.88318	872.85242
849.89484	873.61951
849.90649	870.23346
849.91821	871.10071
849.92987	870.45227
849.94159	872.88519
849.95325	871.77551
849.96497	870.8717
849.97662	872.21808
849.98834	873.14087
850	872.74176
