805	886.07806
805.01147	897.66882
805.02295	909.64764
805.03442	910.18225
805.0459	913.8764
805.05737	910.9873
805.06885	909.07672
805.08032	915.3739
805.0918	918.87903
805.10327	915.2334
805.11475	914.64465
805.12622	916.88171
805.1377	916.68451
805.14917	919.93158
805.16064	916.17456
805.17212	917.87189
805.18359	916.56384
805.19507	918.08203
805.20654	918.34796
805.21802	921.61273
805.22949	919.58142
805.24097	915.84503
805.25244	913.61926
805.26392	910.27954
805.27539	916.30383
805.28687	918.16949
805.29834	924.50433
805.30981	909.61493
805.32129	907.88043
805.33276	915.01904
805.34424	915.52057
805.35571	919.06488
805.36719	919.74872
805.37866	916.39764
805.39014	914.98712
805.40161	915.51123
805.41309	914.11176
805.42456	915.29578
805.43604	920.49176
805.44751	918.61267
805.45898	917.69104
805.47046	914.86627
805.48193	915.43353
805.49341	918.46893
805.50488	914.06818
805.51636	914.62158
805.52783	913.89258
805.53931	908.75055
805.55078	908.52539
805.56226	914.05219
805.57373	917.41467
805.58521	920.32904
805.59668	918.8465
805.60815	914.23846
805.61963	915.86389
805.6311	910.36639
805.64258	913.20886
805.65405	909.62341
805.66553	911.24023
805.677	912.05591
805.68848	914.46149
805.69995	918.83789
805.71143	917.32587
805.7229	917.88135
805.73438	913.3045
805.74585	911.57111
805.75732	919.01459
805.76886	909.08594
805.78033	915.71991
805.79181	907.70392
805.80328	908.64307
805.81476	911.20184
805.82623	915.95062
805.83771	915.78491
805.84918	911.48798
805.86066	910.63599
805.87213	907.34656
805.88361	908.74109
805.89508	913.40045
805.90656	904.14667
805.91803	912.41101
805.9295	917.36664
805.94098	913.83331
805.95245	912.65326
805.96393	909.16827
805.9754	909.11267
805.98688	911.34491
805.99835	912.45721
806.00983	915.10718
806.0213	916.65759
806.03278	910.2583
806.04425	913.68475
806.05573	914.84729
806.0672	907.36713
806.07867	910.77386
806.09015	913.55377
806.10162	913.39117
806.1131	912.81903
806.12457	909.9314
806.13605	908.37708
806.14752	909.70239
806.159	910.87054
806.17047	910.07758
806.18195	909.27911
806.19342	910.35846
806.2049	906.00665
806.21637	905.3266
806.22784	915.44324
806.23932	907.40991
806.25079	916.29498
806.26227	911.8877
806.27374	908.40942
806.28522	908.68878
806.29669	908.15979
806.30817	908.81262
806.31964	910.87537
806.33112	910.26691
806.34259	908.65698
806.35406	905.17322
806.36554	908.2525
806.37701	911.03088
806.38849	906.59204
806.39996	906.92999
806.41144	907.40186
806.42291	907.90033
806.43439	909.05963
806.44586	907.99902
806.45734	911.63153
806.46881	914.06464
806.48029	910.01379
806.49176	909.10419
806.50323	905.09296
806.51471	906.52155
806.52618	898.58551
806.53766	909.21753
806.54913	908.28589
806.56061	913.14404
806.57208	904.66882
806.58356	908.89734
806.59503	912.18292
806.60651	914.05078
806.61798	913.97021
806.62946	909.51154
806.64093	906.63458
806.6524	909.55573
806.66388	910.63794
806.67535	905.28595
806.68683	914.29797
806.6983	906.95984
806.70978	915.53839
806.72125	912.83655
806.73273	910.56049
806.7442	903.87732
806.75568	907.02789
806.76715	910.37372
806.77863	909.16101
806.7901	907.54614
806.80157	906.46155
806.81305	906.58307
806.82452	907.62872
806.836	906.43616
806.84747	908.7229
806.85895	902.20776
806.87042	908.60052
806.8819	903.7149
806.89337	907.58978
806.90485	904.88123
806.91632	906.58978
806.9278	909.49438
806.93927	908.15973
806.95074	904.68048
806.96222	903.89441
806.97369	906.75195
806.98517	907.15497
806.99664	903.00897
807.00812	908.54742
807.01959	906.16534
807.03107	913.21722
807.04254	909.79956
807.05402	908.30402
807.06549	913.83313
807.07697	914.401
807.08844	906.32629
807.09991	907.98352
807.11139	911.94696
807.12286	905.87366
807.13434	902.59637
807.14581	905.35468
807.15729	904.51398
807.16876	912.00909
807.18024	910.39685
807.19171	901.51086
807.20319	906.06635
807.21466	906.52698
807.22614	910.76678
807.23761	909.80676
807.24908	903.44507
807.26056	905.03375
807.27203	909.55432
807.28351	909.72919
807.29504	908.11865
807.30652	905.31299
807.31799	903.00189
807.32947	901.21289
807.34094	902.20612
807.35242	904.02155
807.36389	911.5387
807.37537	906.16028
807.38684	908.34851
807.39832	905.50732
807.40979	907.35828
807.42126	909.38672
807.43274	906.19836
807.44421	901.70142
807.45569	901.24408
807.46716	905.3269
807.47864	908.94629
807.49011	905.15906
807.50159	903.49744
807.51306	907.11249
807.52454	905.03693
807.53601	907.43768
807.54749	905.10376
807.55896	905.76984
807.57043	901.77911
807.58191	900.49933
807.59338	906.40228
807.60486	908.05115
807.61633	909.90167
807.62781	910.19751
807.63928	904.8587
807.65076	910.40588
807.66223	910.01709
807.67371	910.97424
807.68518	905.82239
807.69666	909.07996
807.70813	905.56628
807.7196	903.53912
807.73108	909.02051
807.74255	901.71088
807.75403	898.75122
807.7655	901.40125
807.77698	903.37451
807.78845	902.49481
807.79993	902.57635
807.8114	903.43628
807.82288	901.12213
807.83435	904.75195
807.84583	907.24561
807.8573	908.64349
807.86877	911.12537
807.88025	898.19971
807.89172	904.83887
807.9032	906.0321
807.91467	905.80402
807.92615	905.01807
807.93762	906.09198
807.9491	908.17108
807.96057	904.0672
807.97205	901.96228
807.98352	907.5379
807.995	906.32739
808.00647	902.85376
808.01794	899.19006
808.02942	906.05084
808.04089	905.71368
808.05237	904.17487
808.06384	901.51685
808.07532	910.00311
808.08679	907.62238
808.09827	900.37439
808.10974	904.42981
808.12122	906.93573
808.13269	905.73694
808.14417	906.65723
808.15564	906.87469
808.16711	904.71637
808.17859	900.27667
808.19006	893.91547
808.20154	904.99731
808.21301	902.03491
808.22449	907.57153
808.23596	904.81329
808.24744	909.07965
808.25891	903.86981
808.27039	903.68597
808.28186	905.07111
808.29333	909.68665
808.30481	908.46527
808.31628	905.32458
808.32776	904.35162
808.33923	904.32245
808.35071	909.10638
808.36218	907.23364
808.37366	906.87939
808.38513	899.2002
808.39661	902.74194
808.40808	901.6803
808.41956	905.67834
808.43103	900.94769
808.4425	904.53278
808.45398	901.67261
808.46545	902.73279
808.47693	904.93512
808.4884	904.74139
808.49988	905.5285
808.51135	906.62244
808.52283	907.20459
808.5343	909.4325
808.54578	907.01361
808.55725	906.38092
808.56873	908.15625
808.5802	904.71344
808.59167	910.4931
808.60315	905.20142
808.61462	906.6698
808.6261	901.84692
808.63757	905.20184
808.64905	905.19794
808.66052	908.36127
808.672	908.13293
808.68347	905.4826
808.69495	908.2428
808.70642	908.89355
808.7179	905.4624
808.72937	906.86902
808.74084	906.99652
808.75232	901.31317
808.76379	900.27753
808.77527	909.21368
808.78674	902.34082
808.79822	908.92395
808.80969	909.216
808.82123	903.0816
808.8327	908.8714
808.84418	909.5426
808.85565	906.19879
808.86713	905.35846
808.8786	901.29138
808.89008	901.85547
808.90155	902.83673
808.91302	900.19269
808.9245	903.99628
808.93597	907.92224
808.94745	900.91913
808.95892	903.11871
808.9704	900.87469
808.98187	908.95374
808.99335	902.36981
809.00482	904.39813
809.0163	909.7616
809.02777	906.66974
809.03925	900.89117
809.05072	899.50891
809.06219	904.12726
809.07367	907.49927
809.08514	906.23383
809.09662	905.22296
809.10809	905.67731
809.11957	902.8045
809.13104	899.71576
809.14252	904.6861
809.15399	907.13391
809.16547	905.64655
809.17694	907.31238
809.18842	907.42963
809.19989	908.23206
809.21136	908.39996
809.22284	905.66888
809.23431	904.22614
809.24579	905.66339
809.25726	909.33258
809.26874	905.80212
809.28021	905.91644
809.29169	910.70789
809.30316	911.71808
809.31464	908.04858
809.32611	900.8725
809.33759	905.83276
809.34906	908.1499
809.36053	904.73083
809.37201	906.53589
809.38348	906.27942
809.39496	908.79218
809.40643	906.17352
809.41791	905.82599
809.42938	907.58868
809.44086	905.90076
809.45233	906.56628
809.46381	904.80261
809.47528	906.47418
809.48676	909.92908
809.49823	907.35809
809.5097	908.21503
809.52118	906.09979
809.53265	905.94867
809.54413	910.9541
809.5556	902.01697
809.56708	907.58661
809.57855	910.59076
809.59003	910.10663
809.6015	909.8114
809.61298	911.16766
809.62445	909.13
809.63593	906.42737
809.6474	907.4408
809.65887	910.6427
809.67035	909.95941
809.68182	908.01367
809.6933	908.23706
809.70477	904.49231
809.71625	905.88556
809.72772	900.88525
809.7392	902.724
809.75067	904.13129
809.76215	906.33038
809.77362	907.35022
809.7851	907.47021
809.79657	907.96393
809.80804	910.77533
809.81952	911.47351
809.83099	909.11566
809.84247	908.38501
809.85394	908.16431
809.86542	905.98877
809.87689	904.38788
809.88837	903.87531
809.89984	906.47198
809.91132	908.59998
809.92279	905.31885
809.93427	906.25507
809.94574	902.2204
809.95721	906.24176
809.96869	903.06757
809.98016	911.25378
809.99164	908.61774
810.00311	908.38409
810.01459	908.96625
810.02606	906.95868
810.03754	906.97223
810.04901	907.09827
810.06049	905.05292
810.07196	906.97498
810.08344	909.66077
810.09491	910.77795
810.10638	908.25647
810.11786	909.77789
810.12933	908.11646
810.14081	906.33362
810.15228	915.16248
810.16376	904.4165
810.17523	905.3291
810.18671	911.33411
810.19818	908.42554
810.20966	908.11871
810.22113	908.10809
810.2326	910.43219
810.24408	906.84949
810.25555	910.13605
810.26703	912.16833
810.2785	908.93463
810.28998	908.06006
810.30145	908.8266
810.31293	910.98267
810.3244	909.888
810.33588	907.61316
810.34741	910.56512
810.35889	910.7663
810.37036	908.09784
810.38184	903.10938
810.39331	917.05939
810.40479	911.70233
810.41626	908.89154
810.42773	908.99933
810.43921	911.82758
810.45068	914.54071
810.46216	911.47467
810.47363	911.91229
810.48511	909.58374
810.49658	912.87042
810.50806	910.71399
810.51953	910.39014
810.53101	907.06885
810.54248	903.96234
810.55396	906.42615
810.56543	911.2699
810.5769	917.15564
810.58838	911.5274
810.59985	910.82678
810.61133	910.02356
810.6228	915.1438
810.63428	914.61584
810.64575	914.11176
810.65723	915.01434
810.6687	913.92529
810.68018	916.698
810.69165	914.61157
810.70313	915.9646
810.7146	918.51672
810.72607	916.52197
810.73755	915.83881
810.74902	918.86127
810.7605	915.63806
810.77197	917.0329
810.78345	914.3952
810.79492	917.30322
810.8064	913.47736
810.81787	921.38672
810.82935	916.41248
810.84082	926.6059
810.85229	919.76184
810.86377	921.39105
810.87524	923.84851
810.88672	924.47766
810.89819	927.14728
810.90967	925.56848
810.92114	925.59442
810.93262	923.38812
810.94409	920.49585
810.95557	924.08557
810.96704	927.3429
810.97852	929.51868
810.98999	927.08459
811.00146	922.55475
811.01294	931.31097
811.02441	930.88708
811.03589	931.5708
811.04736	939.04584
811.05884	934.6676
811.07031	933.13989
811.08179	937.76984
811.09326	939.3606
811.10474	941.63654
811.11621	938.84851
811.12769	938.57379
811.13916	940.46228
811.15063	940.51208
811.16211	942.25629
811.17358	944.05487
811.18506	943.44666
811.19653	941.22632
811.20801	936.38959
811.21948	939.32916
811.23096	947.3324
811.24243	953.17499
811.25391	945.01599
811.26538	941.10364
811.27686	952.76178
811.28833	953.29089
811.2998	945.23035
811.31128	947.52124
811.32275	947.94629
811.33423	951.77643
811.3457	951.93518
811.35718	951.10992
811.36865	949.992
811.38013	950.31091
811.3916	953.65088
811.40308	951.20087
811.41455	948.85852
811.42603	953.49286
811.4375	946.06122
811.44897	947.91937
811.46045	951.0863
811.47192	948.633
811.4834	946.34875
811.49487	952.0304
811.50635	954.24237
811.51782	949.34021
811.5293	947.94879
811.54077	949.14252
811.55225	946.75842
811.56372	947.08124
811.5752	948.34387
811.58667	948.38721
811.59814	945.93011
811.60962	944.04541
811.62109	942.55353
811.63257	947.85815
811.64404	942.39288
811.65552	940.62561
811.66699	943.04938
811.67847	941.62073
811.68994	937.56909
811.70142	937.71509
811.71289	934.24274
811.72437	936.60693
811.73584	937.91339
811.74731	933.74725
811.75879	935.39606
811.77026	941.75287
811.78174	935.67908
811.79321	934.78363
811.80469	933.7356
811.81616	933.99585
811.82764	936.28845
811.83911	933.60919
811.85059	932.42444
811.86206	933.3399
811.87354	932.50397
811.88507	923.8905
811.89655	928.55884
811.90802	930.36493
811.91949	926.8291
811.93097	927.05096
811.94244	926.22803
811.95392	927.76117
811.96539	925.47058
811.97687	923.82391
811.98834	920.96625
811.99982	922.23798
812.01129	924.02405
812.02277	923.35565
812.03424	919.14252
812.04572	923.33136
812.05719	920.27448
812.06866	923.10583
812.08014	920.7923
812.09161	922.38892
812.10309	919.74103
812.11456	917.20111
812.12604	917.86401
812.13751	920.38574
812.14899	920.99902
812.16046	917.00446
812.17194	915.2511
812.18341	915.59229
812.19489	910.27893
812.20636	917.44556
812.21783	920.95129
812.22931	918.41949
812.24078	922.42957
812.25226	914.32635
812.26373	921.55127
812.27521	918.71161
812.28668	917.83905
812.29816	919.56708
812.30963	917.6535
812.32111	919.18823
812.33258	919.08618
812.34406	916.91113
812.35553	916.25342
812.367	916.62225
812.37848	914.41772
812.38995	915.46417
812.40143	916.95984
812.4129	915.78259
812.42438	912.6629
812.43585	910.64777
812.44733	914.8053
812.4588	914.38678
812.47028	920.30426
812.48175	916.48004
812.49323	919.69733
812.5047	920.47455
812.51617	915.37592
812.52765	917.21423
812.53912	919.06909
812.5506	915.72449
812.56207	916.64703
812.57355	915.38068
812.58502	917.44153
812.5965	916.48242
812.60797	915.79449
812.61945	918.49823
812.63092	920.14563
812.6424	918.73798
812.65387	916.66278
812.66534	915.6012
812.67682	913.38068
812.68829	913.58527
812.69977	919.66357
812.71124	917.81946
812.72272	914.31128
812.73419	913.43115
812.74567	911.61694
812.75714	911.3092
812.76862	913.56763
812.78009	913.69775
812.79156	917.98767
812.80304	915.64502
812.81451	914.63318
812.82599	917.33636
812.83746	916.82678
812.84894	916.21295
812.86041	915.49799
812.87189	916.47961
812.88336	920.41034
812.89484	920.46454
812.90631	922.07886
812.91779	923.73145
812.92926	917.26648
812.94073	923.13214
812.95221	921.51099
812.96368	918.60852
812.97516	920.67175
812.98663	920.466
812.99811	920.0094
813.00958	920.28827
813.02106	924.59595
813.03253	923.09015
813.04401	924.25079
813.05548	917.24597
813.06696	917.1438
813.07843	925.5722
813.0899	920.90015
813.10138	926.7572
813.11285	927.19354
813.12433	926.58081
813.1358	920.12024
813.14728	922.2171
813.15875	926.06256
813.17023	922.22925
813.1817	921.36603
813.19318	922.87292
813.20465	928.87549
813.21613	931.13239
813.2276	932.72229
813.23907	931.68188
813.25055	929.73834
813.26202	930.80334
813.2735	928.46375
813.28497	930.83105
813.29645	933.11664
813.30792	934.78674
813.3194	933.06366
813.33087	936.04736
813.34235	930.70355
813.35382	930.90588
813.3653	933.10547
813.37677	930.59198
813.38824	933.45215
813.39972	935.14368
813.41125	935.88446
813.42273	938.79834
813.4342	939.38068
813.44568	940.21362
813.45715	938.93805
813.46863	941.64728
813.4801	943.98657
813.49158	940.52411
813.50305	942.52625
813.51453	944.05353
813.526	945.11963
813.53748	946.42139
813.54895	944.55499
813.56042	946.36377
813.5719	948.66742
813.58337	952.59967
813.59485	954.20593
813.60632	954.54236
813.6178	958.70105
813.62927	963.47638
813.64075	955.2113
813.65222	958.63074
813.6637	950.56464
813.67517	962.89148
813.68665	966.20105
813.69812	963.68347
813.70959	964.07062
813.72107	965.9184
813.73254	969.76648
813.74402	966.11438
813.75549	971.04999
813.76697	975.67255
813.77844	978.69269
813.78992	978.38257
813.80139	979.77301
813.81287	982.47803
813.82434	985.61584
813.83582	986.75012
813.84729	981.52893
813.85876	986.48767
813.87024	989.96875
813.88171	997.90887
813.89319	992.7309
813.90466	991.49792
813.91614	1002.0606
813.92761	1005.8798
813.93909	1003.6332
813.95056	1005.1789
813.96204	1005.0165
813.97351	1007.7867
813.98499	1018.7758
813.99646	1018.8005
814.00793	1019.3976
814.01941	1029.2396
814.03088	1026.5092
814.04236	1034.4659
814.05383	1036.1078
814.06531	1035.5413
814.07678	1033.5665
814.08826	1044.6453
814.09973	1053.3651
814.11121	1047.8978
814.12268	1054.0662
814.13416	1058.9377
814.14563	1058.0603
814.1571	1063.9655
814.16858	1067.9858
814.18005	1076.7025
814.19153	1077.2188
814.203	1077.7413
814.21448	1077.1981
814.22595	1086.6448
814.23743	1091.3781
814.2489	1095.3154
814.26038	1091.4734
814.27185	1096.8186
814.28333	1098.4982
814.2948	1097.2776
814.30627	1097.3599
814.31775	1097.2511
814.32922	1099.3053
814.3407	1101.8333
814.35217	1111.1776
814.36365	1118.7494
814.37512	1121.094
814.3866	1115.2909
814.39807	1120.123
814.40955	1120.3177
814.42102	1120.2087
814.4325	1117.7583
814.44397	1118.8772
814.45544	1126.3368
814.46692	1122.7317
814.47839	1112.0734
814.48987	1110.764
814.50134	1110.7861
814.51282	1112.1769
814.52429	1110.8059
814.53577	1102.7345
814.54724	1094.5581
814.55872	1086.5341
814.57019	1088.5498
814.58167	1088.5575
814.59314	1077.894
814.60461	1077.3785
814.61609	1086.2894
814.62756	1081.6257
814.63904	1078.2415
814.65051	1076.9791
814.66199	1064.9893
814.67346	1066.1179
814.68494	1064.4517
814.69641	1061.7755
814.70789	1063.9999
814.71936	1048.5546
814.73083	1050.6545
814.74231	1042.8512
814.75378	1040.6083
814.76526	1043.9608
814.77673	1040.3667
814.78821	1027.8572
814.79968	1030.4508
814.81116	1021.7963
814.82263	1019.373
814.83411	1017.1243
814.84558	1012.0875
814.85706	1010.8354
814.86853	1012.4826
814.88	1003.8188
814.89148	1003.9608
814.90295	1006.2234
814.91443	999.23914
814.9259	996.28088
814.93744	994.19617
814.94891	993.95367
814.96039	988.52795
814.97186	986.46844
814.98334	977.52881
814.99481	974.39117
815.00629	976.13092
815.01776	971.83466
815.02924	979.86646
815.04071	972.02924
815.05219	973.83417
815.06366	972.15234
815.07513	968.21869
815.08661	965.2995
815.09808	962.7915
815.10956	964.0379
815.12103	960.88464
815.13251	956.87775
815.14398	956.47302
815.15546	957.33112
815.16693	956.64545
815.17841	952.04675
815.18988	954.57312
815.20135	954.78241
815.21283	948.18976
815.2243	950.52911
815.23578	950.2215
815.24725	939.38965
815.25873	941.17554
815.2702	945.35034
815.28168	943.97461
815.29315	942.3382
815.30463	944.76898
815.3161	932.64771
815.32758	936.50458
815.33905	935.45483
815.35052	932.20129
815.362	930.03595
815.37347	930.15857
815.38495	929.10681
815.39642	928.68359
815.4079	930.84344
815.41937	926.3374
815.43085	924.31848
815.44232	926.24243
815.4538	922.71051
815.46527	924.19733
815.47675	924.12354
815.48822	922.5249
815.49969	922.77112
815.51117	922.09302
815.52264	919.22864
815.53412	918.89435
815.54559	919.08832
815.55707	917.54626
815.56854	916.14734
815.58002	913.62036
815.59149	912.67114
815.60297	913.13965
815.61444	914.75006
815.62592	909.71326
815.63739	911.35352
815.64886	909.27954
815.66034	910.35333
815.67181	909.89111
815.68329	908.17432
815.69476	908.0755
815.70624	906.11255
815.71771	905.12085
815.72919	907.68097
815.74066	908.32397
815.75214	906.20313
815.76361	906.16388
815.77509	906.4364
815.78656	901.69019
815.79803	900.33563
815.80951	901.12817
815.82098	901.052
815.83246	897.50092
815.84393	901.66876
815.85541	901.53156
815.86688	900.46051
815.87836	899.19055
815.88983	901.3139
815.90131	897.1875
815.91278	897.85925
815.92426	897.43805
815.93573	896.53326
815.9472	898.14752
815.95868	895.68323
815.97015	895.13739
815.98163	896.3645
815.9931	896.44067
816.00458	895.42462
816.01605	895.39667
816.02753	895.46521
816.039	893.56427
816.05048	891.7616
816.06195	891.6488
816.07343	891.0213
816.0849	893.26697
816.09637	891.9942
816.10785	891.82275
816.11932	890.4649
816.1308	892.11548
816.14227	891.80573
816.15375	890.909
816.16522	889.88202
816.1767	888.44208
816.18817	888.71893
816.19965	888.06934
816.21112	887.47614
816.2226	887.03369
816.23407	887.76831
816.24554	888.98975
816.25702	888.97479
816.26849	888.60187
816.27997	889.15692
816.29144	887.7652
816.30292	887.40967
816.31439	885.12189
816.32587	883.63934
816.33734	886.20691
816.34882	888.67517
816.36029	884.64594
816.37177	885.1676
816.38324	886.46619
816.39471	885.28284
816.40619	882.73383
816.41766	884.30511
816.42914	884.76392
816.44061	884.401
816.45209	884.69818
816.46362	884.29218
816.4751	884.66107
816.48657	884.87042
816.49805	885.90619
816.50952	886.65936
816.521	884.93964
816.53247	883.94073
816.54395	882.03381
816.55542	883.42664
816.56689	883.70483
816.57837	882.9621
816.58984	882.47491
816.60132	880.80994
816.61279	883.49432
816.62427	884.98499
816.63574	881.33636
816.64722	883.62866
816.65869	883.03369
816.67017	881.17987
816.68164	880.74536
816.69312	880.68262
816.70459	880.42804
816.71606	882.19635
816.72754	881.71429
816.73901	881.08032
816.75049	880.19751
816.76196	878.47388
816.77344	880.08655
816.78491	879.73547
816.79639	881.71594
816.80786	882.25995
816.81934	879.5014
816.83081	878.95313
816.84229	880.23956
816.85376	880.75
816.86523	879.66571
816.87671	878.14917
816.88818	878.97021
816.89966	878.48694
816.91113	879.8009
816.92261	879.29419
816.93408	878.98236
816.94556	879.5545
816.95703	878.7157
816.96851	878.35199
816.97998	878.81702
816.99146	878.53815
817.00293	879.93292
817.0144	877.62537
817.02588	880.02875
817.03735	879.99896
817.04883	879.95844
817.0603	880.21759
817.07178	879.65088
817.08325	879.52423
817.09473	879.68207
817.1062	878.93042
817.11768	879.96185
817.12915	879.47797
817.14063	878.9801
817.1521	878.55627
817.16357	878.40417
817.17505	880.49548
817.18652	877.72113
817.198	876.03461
817.20947	878.4007
817.22095	878.58771
817.23242	876.388
817.2439	879.76208
817.25537	879.89447
817.26685	877.34686
817.27832	877.28381
817.28979	877.33667
817.30127	876.25836
817.31274	877.1936
817.32422	877.7132
817.33569	877.56714
817.34717	877.76715
817.35864	877.93451
817.37012	877.41425
817.38159	878.33905
817.39307	876.98285
817.40454	876.28558
817.41602	878.20605
817.42749	878.06067
817.43896	875.22046
817.45044	876.20654
817.46191	876.53387
817.47339	878.55048
817.48486	877.91272
817.49634	878.23468
817.50781	878.56702
817.51929	877.27155
817.53076	877.59833
817.54224	875.65082
817.55371	876.18347
817.56519	878.49231
817.57666	877.9873
817.58813	874.83246
817.59961	875.49377
817.61108	874.31958
817.62256	875.36316
817.63403	874.61707
817.64551	874.90094
817.65698	875.67255
817.66846	875.55212
817.67993	876.17059
817.69141	877.67633
817.70288	876.91443
817.71436	876.84662
817.72583	877.16986
817.7373	876.70313
817.74878	875.3913
817.76025	876.74432
817.77173	874.49341
817.7832	874.5321
817.79468	876.00049
817.80615	875.52081
817.81763	876.28741
817.8291	878.13507
817.84058	875.7074
817.85205	876.39453
817.86353	875.79193
817.875	874.5249
817.88647	874.78058
817.89795	876.10687
817.90942	874.29297
817.9209	875.69867
817.93237	875.65302
817.94385	873.95386
817.95532	873.99408
817.9668	877.25946
817.97827	877.07745
817.98981	875.28772
818.00128	875.28479
818.01276	875.40503
818.02423	876.39325
818.03571	875.56714
818.04718	875.09473
818.05865	874.73126
818.07013	873.62354
818.0816	874.12842
818.09308	874.17279
818.10455	875.62494
818.11603	875.44348
818.1275	874.40265
818.13898	873.75879
818.15045	875.81512
818.16193	876.42133
818.1734	876.81219
818.18488	875.78656
818.19635	875.85016
818.20782	874.70764
818.2193	876.59546
818.23077	875.63733
818.24225	875.51636
818.25372	874.69885
818.2652	875.61957
818.27667	875.09167
818.28815	873.75226
818.29962	875.33026
818.3111	876.0752
818.32257	876.83197
818.33405	875.99536
818.34552	874.99438
818.35699	874.45392
818.36847	875.51428
818.37994	875.70343
818.39142	875.03473
818.40289	875.80194
818.41437	875.58856
818.42584	874.2663
818.43732	874.60876
818.44879	875.99323
818.46027	873.23706
818.47174	873.35236
818.48322	874.63367
818.49469	874.48511
818.50616	873.39954
818.51764	874.68378
818.52911	874.35999
818.54059	874.50647
818.55206	873.48474
818.56354	875.10876
818.57501	872.09967
818.58649	872.23749
818.59796	875.16608
818.60944	872.76031
818.62091	873.10724
818.63239	875.87714
818.64386	874.46545
818.65533	874.07263
818.66681	873.61334
818.67828	873.82611
818.68976	875.64923
818.70123	875.11975
818.71271	872.86371
818.72418	873.59241
818.73566	874.13513
818.74713	874.04901
818.75861	874.7594
818.77008	875.08795
818.78156	874.61761
818.79303	875.65228
818.8045	875.9541
818.81598	874.07953
818.82745	873.48254
818.83893	875.20514
818.8504	872.92273
818.86188	873.44019
818.87335	873.19586
818.88483	873.24609
818.8963	875.69897
818.90778	873.27783
818.91925	875.18323
818.93073	874.57727
818.9422	874.32172
818.95367	873.00159
818.96515	873.21857
818.97662	875.23297
818.9881	874.31866
818.99957	875.60999
819.01105	874.84772
819.02252	874.60303
819.034	874.33484
819.04547	872.54016
819.05695	874.48724
819.06842	875.47931
819.0799	874.1358
819.09137	874.50775
819.10284	874.3175
819.11432	873.71277
819.12579	874.11084
819.13727	873.50299
819.14874	874.18616
819.16022	875.69958
819.17169	874.22882
819.18317	873.04474
819.19464	873.09283
819.20612	875.59576
819.21759	874.28717
819.22906	872.85083
819.24054	872.58356
819.25201	873.08813
819.26349	874.45624
819.27496	874.12115
819.28644	873.78564
819.29791	874.05511
819.30939	872.66278
819.32086	873.15753
819.33234	874.34735
819.34381	874.30579
819.35529	873.95319
819.36676	874.06281
819.37823	875.12708
819.38971	874.95587
819.40118	873.68671
819.41266	876.35986
819.42413	874.64801
819.43561	874.68488
819.44708	875.21783
819.45856	875.93207
819.47003	875.95972
819.48151	873.36298
819.49298	874.07239
819.50446	874.70093
819.51599	873.48175
819.52747	874.17108
819.53894	873.84619
819.55042	874.89453
819.56189	875.89679
819.57336	875.09882
819.58484	875.20715
819.59631	874.58673
819.60779	873.97308
819.61926	874.013
819.63074	874.35675
819.64221	873.86737
819.65369	872.46454
819.66516	873.71259
819.67664	873.92944
819.68811	873.51965
819.69958	875.1745
819.71106	874.88635
819.72253	874.22845
819.73401	875.81616
819.74548	874.07233
819.75696	872.2204
819.76843	873.83069
819.77991	873.25531
819.79138	874.10791
819.80286	874.39661
819.81433	873.87341
819.82581	874.50372
819.83728	873.10406
819.84875	875.18011
819.86023	872.11169
819.8717	873.76459
819.88318	872.9408
819.89465	876.10474
819.90613	874.60168
819.9176	875.26788
819.92908	874.25458
819.94055	875.62537
819.95203	873.92932
819.9635	873.86139
819.97498	872.51062
819.98645	871.95978
819.99792	872.97461
820.0094	874.0918
820.02087	873.14349
820.03235	873.09576
820.04382	875.01886
820.0553	875.26801
820.06677	874.25208
820.07825	875.13733
820.08972	874.69019
820.1012	873.20892
820.11267	874.15326
820.12415	875.03174
820.13562	874.39575
820.14709	873.56323
820.15857	874.60315
820.17004	872.30463
820.18152	871.8938
820.19299	874.46973
820.20447	873.5351
820.21594	875.34052
820.22742	872.94019
820.23889	873.38464
820.25037	873.8515
820.26184	874.45313
820.27332	874.11633
820.28479	874.06909
820.29626	873.97815
820.30774	873.75458
820.31921	873.45856
820.33069	874.52283
820.34216	874.25739
820.35364	873.17676
820.36511	872.83685
820.37659	872.50891
820.38806	872.37512
820.39954	872.09393
820.41101	873.15454
820.42249	873.51526
820.43396	872.27832
820.44543	872.95404
820.45691	873.40393
820.46838	873.13641
820.47986	874.15387
820.49133	875.17694
820.50281	873.94745
820.51428	874.00385
820.52576	874.4472
820.53723	872.65253
820.54871	873.99139
820.56018	874.26978
820.57166	874.94464
820.58313	872.92969
820.5946	874.64697
820.60608	874.07178
820.61755	871.96899
820.62903	873.06586
820.6405	873.26758
820.65198	872.66547
820.66345	874.12762
820.67493	872.98566
820.6864	873.57928
820.69788	871.66992
820.70935	872.49921
820.72083	875.07855
820.7323	872.73694
820.74377	873.21796
820.75525	873.3288
820.76672	873.94989
820.7782	873.85669
820.78967	872.54272
820.80115	873.15356
820.81262	874.30591
820.8241	873.1344
820.83557	873.51147
820.84705	872.91217
820.85852	873.77252
820.87	872.07532
820.88147	872.80573
820.89294	874.11542
820.90442	873.17737
820.91589	874.66357
820.92737	874.91156
820.93884	873.96509
820.95032	873.82941
820.96179	873.20068
820.97327	873.56006
820.98474	873.46747
820.99622	873.68829
821.00769	872.54303
821.01917	873.21973
821.03064	874.61053
821.04218	874.02979
821.05365	873.22534
821.06512	873.52008
821.0766	874.30933
821.08807	873.30292
821.09955	872.14594
821.11102	873.59137
821.1225	873.7616
821.13397	872.15131
821.14545	872.46191
821.15692	872.83618
821.1684	873.12738
821.17987	872.93634
821.19135	873.32013
821.20282	872.13593
821.21429	873.32172
821.22577	873.30054
821.23724	874.09595
821.24872	872.41382
821.26019	873.2868
821.27167	873.41547
821.28314	873.35663
821.29462	873.60364
821.30609	872.69519
821.31757	872.27637
821.32904	872.61517
821.34052	873.24036
821.35199	872.7168
821.36346	873.40125
821.37494	874.31775
821.38641	873.70605
821.39789	873.05481
821.40936	873.10443
821.42084	874.6571
821.43231	873.79401
821.44379	873.90533
821.45526	872.75421
821.46674	873.10797
821.47821	872.40204
821.48969	873.12811
821.50116	873.12836
821.51263	874.16718
821.52411	872.8244
821.53558	873.15961
821.54706	873.12427
821.55853	873.19867
821.57001	872.8551
821.58148	872.58838
821.59296	871.94464
821.60443	871.73779
821.61591	871.85071
821.62738	872.93561
821.63885	873.91656
821.65033	873.5473
821.6618	873.57178
821.67328	873.31567
821.68475	873.69537
821.69623	874.08643
821.7077	872.81342
821.71918	872.66541
821.73065	873.47919
821.74213	872.35529
821.7536	870.56873
821.76508	870.9032
821.77655	872.27106
821.78802	872.52661
821.7995	871.21844
821.81097	871.12054
821.82245	873.08496
821.83392	873.35364
821.8454	872.55127
821.85687	871.98126
821.86835	872.90839
821.87982	873.25269
821.8913	872.04828
821.90277	869.69214
821.91425	871.62598
821.92572	872.9198
821.93719	872.70306
821.94867	873.03955
821.96014	871.97339
821.97162	872.59882
821.98309	871.22095
821.99457	871.42474
822.00604	872.40283
822.01752	873.73999
822.02899	873.12695
822.04047	872.05481
822.05194	873.02051
822.06342	872.93793
822.07489	872.33533
822.08636	872.32458
822.09784	872.92615
822.10931	872.82715
822.12079	872.35492
822.13226	872.02026
822.14374	872.17163
822.15521	871.57257
822.16669	872.48438
822.17816	870.64508
822.18964	872.21753
822.20111	872.84772
822.21259	874.02069
822.22406	872.61584
822.23553	873.55396
822.24701	872.01648
822.25848	872.47247
822.26996	871.17609
822.28143	871.07587
822.29291	871.45386
822.30438	872.04126
822.31586	871.47711
822.32733	871.07678
822.33881	873.75092
822.35028	873.61584
822.36176	872.04443
822.37323	871.9931
822.3847	872.33588
822.39618	871.41693
822.40765	872.17633
822.41913	872.4776
822.4306	872.37189
822.44208	870.88214
822.45355	871.32098
822.46503	870.77222
822.4765	870.94501
822.48798	872.28503
822.49945	873.10535
822.51093	872.87018
822.5224	871.88684
822.53387	873.02771
822.54535	873.4386
822.55682	872.84851
822.5683	872.80676
822.57983	873.06659
822.59131	873.2782
822.60278	873.38959
822.61426	872.69427
822.62573	869.42657
822.63721	873.2218
822.64868	872.85535
822.66016	872.26978
822.67163	873.58588
822.68311	872.13818
822.69458	871.56677
822.70605	871.24078
822.71753	871.74677
822.729	872.54321
822.74048	872.54639
822.75195	871.81989
822.76343	873.2854
822.7749	873.47058
822.78638	872.21088
822.79785	871.61774
822.80933	872.61725
822.8208	872.07886
822.83228	872.92633
822.84375	872.30548
822.85522	871.93457
822.8667	872.44238
822.87817	873.72668
822.88965	873.08972
822.90112	871.77594
822.9126	871.27667
822.92407	870.80615
822.93555	870.69159
822.94702	871.23004
822.9585	870.20953
822.96997	870.20892
822.98145	871.90186
822.99292	872.76404
823.00439	872.95447
823.01587	873.36084
823.02734	872.92999
823.03882	873.51111
823.05029	873.16962
823.06177	872.16022
823.07324	872.65302
823.08472	871.8219
823.09619	873.13794
823.10767	873.19525
823.11914	872.96222
823.13062	872.58337
823.14209	873.73901
823.15356	874.22821
823.16504	871.61993
823.17651	871.30817
823.18799	873.3183
823.19946	872.43097
823.21094	872.55573
823.22241	872.57983
823.23389	872.41431
823.24536	872.74139
823.25684	872.86194
823.26831	871.18726
823.27979	872.54944
823.29126	871.18158
823.30273	872.68402
823.31421	872.22485
823.32568	871.68262
823.33716	871.31421
823.34863	872.15363
823.36011	872.26141
823.37158	871.48254
823.38306	871.14001
823.39453	872.11005
823.40601	870.66461
823.41748	871.55249
823.42896	872.39838
823.44043	871.49683
823.4519	872.36194
823.46338	871.88257
823.47485	872.71698
823.48633	871.90936
823.4978	873.74023
823.50928	874.17322
823.52075	873.90948
823.53223	874.12585
823.5437	873.92053
823.55518	873.2113
823.56665	870.91412
823.57813	870.64764
823.5896	871.2005
823.60107	870.93408
823.61255	871.95789
823.62402	871.72601
823.6355	872.35468
823.64697	871.97345
823.65845	873.52185
823.66992	873.33234
823.6814	872.98181
823.69287	872.04138
823.70435	872.47589
823.71582	871.75995
823.72729	871.59113
823.73877	872.24774
823.75024	871.48035
823.76172	872.26709
823.77319	872.7984
823.78467	872.20898
823.79614	872.80676
823.80762	872.61804
823.81909	873.35779
823.83057	872.43799
823.84204	872.94525
823.85352	873.36792
823.86499	872.35449
823.87646	873.02234
823.88794	872.88391
823.89941	873.12738
823.91089	872.57971
823.92236	873.04486
823.93384	872.7558
823.94531	872.99084
823.95679	871.87897
823.96826	871.41412
823.97974	872.1933
823.99121	872.16895
824.00269	872.49207
824.01416	871.57373
824.02563	871.883
824.03711	872.56549
824.04858	872.72699
824.06006	872.89288
824.07153	872.60498
824.08301	873.25305
824.09448	871.36609
824.10602	872.59271
824.11749	872.77209
824.12897	873.07709
824.14044	871.90161
824.15192	871.22949
824.16339	872.21265
824.17487	872.5755
824.18634	872.50323
824.19781	872.94946
824.20929	872.30396
824.22076	873.09497
824.23224	872.47198
824.24371	873.40826
824.25519	872.46881
824.26666	873.21509
824.27814	872.64392
824.28961	872.75415
824.30109	870.46576
824.31256	871.552
824.32404	874.10138
824.33551	872.59576
824.34698	871.30054
824.35846	870.55078
824.36993	872.43188
824.38141	872.73303
824.39288	872.46155
824.40436	872.27417
824.41583	873.21002
824.42731	872.27594
824.43878	872.26526
824.45026	872.37726
824.46173	872.30481
824.47321	871.89124
824.48468	871.54059
824.49615	872.64905
824.50763	872.00793
824.5191	871.50317
824.53058	870.65869
824.54205	870.29523
824.55353	871.15515
824.565	870.14227
824.57648	869.95563
824.58795	871.44958
824.59943	871.62805
824.6109	872.71204
824.62238	871.15918
824.63385	870.80072
824.64532	872.62903
824.6568	872.4057
824.66827	868.80463
824.67975	870.87805
824.69122	870.51489
824.7027	872.29388
824.71417	871.37817
824.72565	872.71942
824.73712	871.55731
824.7486	873.66357
824.76007	870.77881
824.77155	873.30273
824.78302	872.9776
824.79449	871.18372
824.80597	871.66602
824.81744	870.83325
824.82892	871.34711
824.84039	872.14282
824.85187	871.86047
824.86334	870.45947
824.87482	872.21442
824.88629	873.18042
824.89777	871.5083
824.90924	871.02747
824.92072	871.40369
824.93219	871.42755
824.94366	872.02484
824.95514	872.52588
824.96661	872.51489
824.97809	872.39398
824.98956	873.0755
825.00104	873.14014
825.01251	872.8158
825.02399	871.77637
825.03546	871.00928
825.04694	871.651
825.05841	870.63916
825.06989	869.82068
825.08136	870.54095
825.09283	869.51038
825.10431	870.38513
825.11578	871.51733
825.12726	872.05957
825.13873	868.3136
825.15021	870.4646
825.16168	871.9314
825.17316	871.71783
825.18463	871.52527
825.19611	870.54749
825.20758	872.12573
825.21906	872.15222
825.23053	872.48578
825.242	872.42865
825.25348	872.34772
825.26495	871.1123
825.27643	873.01111
825.2879	872.81281
825.29938	872.854
825.31085	872.55408
825.32233	871.69971
825.3338	872.40051
825.34528	870.54486
825.35675	870.27075
825.36823	871.32196
825.3797	871.92242
825.39117	870.43408
825.40265	870.05518
825.41412	871.3111
825.4256	871.35352
825.43707	870.17896
825.44855	871.22229
825.46002	871.1496
825.4715	870.56958
825.48297	871.77545
825.49445	870.73529
825.50592	870.95612
825.5174	870.93939
825.52887	871.7323
825.54034	871.25891
825.55182	869.77686
825.56329	871.76917
825.57477	872.95337
825.58624	872.84192
825.59772	871.31537
825.60919	870.00165
825.62067	872.8645
825.6322	870.72601
825.64368	871.04486
825.65515	869.79327
825.66663	871.33771
825.6781	870.7489
825.68958	871.44415
825.70105	872.81525
825.71252	871.92621
825.724	871.99408
825.73547	869.91718
825.74695	872.7207
825.75842	870.43854
825.7699	872.88202
825.78137	872.78473
825.79285	871.78711
825.80432	872.71936
825.8158	871.06158
825.82727	871.89496
825.83875	873.25903
825.85022	872.82355
825.86169	871.42267
825.87317	871.27557
825.88464	871.56982
825.89612	872.17261
825.90759	870.84894
825.91907	872.87616
825.93054	874.14697
825.94202	872.50543
825.95349	873.37549
825.96497	872.5788
825.97644	871.19653
825.98792	872.46259
825.99939	871.5415
826.01086	871.59918
826.02234	871.97876
826.03381	872.41132
826.04529	872.13831
826.05676	871.54987
826.06824	871.76166
826.07971	872.71234
826.09119	871.11182
826.10266	871.92993
826.11414	871.11841
826.12561	871.65692
826.13708	871.56122
826.14856	871.96594
826.16003	872.59924
826.17151	872.16876
826.18298	871.36566
826.19446	871.33966
826.20593	871.20795
826.21741	871.43372
826.22888	871.23468
826.24036	871.25586
826.25183	871.08075
826.26331	871.25006
826.27478	869.97015
826.28625	871.79279
826.29773	872.43591
826.3092	871.40631
826.32068	870.77014
826.33215	873.03918
826.34363	872.40125
826.3551	870.77374
826.36658	870.49353
826.37805	871.47833
826.38953	872.1936
826.401	870.82739
826.41248	872.36755
826.42395	873.01221
826.43542	871.72986
826.4469	872.73151
826.45837	873.77234
826.46985	872.55865
826.48132	870.41644
826.4928	871.37213
826.50427	871.61523
826.51575	871.45709
826.52722	871.29022
826.5387	871.82104
826.55017	871.39471
826.56165	871.77148
826.57312	872.05249
826.58459	871.09186
826.59607	871.21198
826.60754	872.17322
826.61902	872.5304
826.63049	870.82336
826.64197	870.05194
826.65344	870.61957
826.66492	872.77997
826.67639	872.66577
826.68787	871.06415
826.69934	871.27313
826.71082	872.24579
826.72229	872.20496
826.73376	871.55566
826.74524	872.09277
826.75671	871.4787
826.76819	870.83527
826.77966	870.63843
826.79114	870.51257
826.80261	871.07782
826.81409	872.46344
826.82556	872.27948
826.83704	871.68256
826.84851	872.31482
826.85999	870.76721
826.87146	871.0769
826.88293	871.31989
826.89441	871.45416
826.90588	872.39362
826.91736	872.42682
826.92883	872.35229
826.94031	871.39374
826.95178	871.28912
826.96326	871.1441
826.97473	872.26056
826.98621	871.9209
826.99768	871.79297
827.00916	871.81036
827.02063	872.4198
827.0321	872.58075
827.04358	870.07758
827.05505	871.40131
827.06653	871.41882
827.078	872.32092
827.08948	872.18872
827.10095	871.74005
827.11243	872.02295
827.1239	872.59369
827.13538	872.27167
827.14685	870.97614
827.15839	871.01166
827.16986	871.22565
827.18134	871.43109
827.19281	872.54138
827.20428	870.98834
827.21576	871.40833
827.22723	872.93005
827.23871	872.44049
827.25018	871.96356
827.26166	871.67096
827.27313	872.55298
827.28461	871.9502
827.29608	872.75189
827.30756	871.45972
827.31903	872.48486
827.33051	871.22516
827.34198	870.75354
827.35345	871.71844
827.36493	870.87427
827.3764	873.67731
827.38788	872.85852
827.39935	872.97961
827.41083	871.48315
827.4223	871.81177
827.43378	873.03406
827.44525	873.37146
827.45673	872.73212
827.4682	873.01208
827.47968	872.51208
827.49115	873.31372
827.50262	871.95386
827.5141	872.32025
827.52557	872.66211
827.53705	872.55566
827.54852	872.91406
827.56	871.48242
827.57147	872.41321
827.58295	871.59796
827.59442	872.63593
827.6059	871.20313
827.61737	871.38116
827.62885	871.41931
827.64032	872.30957
827.65179	872.6839
827.66327	871.8327
827.67474	871.4577
827.68622	871.69391
827.69769	872.27051
827.70917	873.02136
827.72064	872.31793
827.73212	871.61963
827.74359	872.6582
827.75507	871.83051
827.76654	872.12939
827.77802	872.47095
827.78949	872.20984
827.80096	872.45728
827.81244	872.62695
827.82391	872.04462
827.83539	872.58899
827.84686	872.95074
827.85834	872.32269
827.86981	872.81195
827.88129	872.56506
827.89276	872.22522
827.90424	872.29309
827.91571	873.56494
827.92719	872.36896
827.93866	873.9729
827.95013	872.57477
827.96161	873.08746
827.97308	874.34344
827.98456	873.11627
827.99603	873.43567
828.00751	871.237
828.01898	871.39435
828.03046	872.69641
828.04193	872.33948
828.05341	873.49976
828.06488	871.59033
828.07635	871.57056
828.08783	871.96576
828.0993	871.43951
828.11078	872.23383
828.12225	871.64417
828.13373	871.41937
828.1452	872.17609
828.15668	870.37061
828.16815	871.94623
828.17963	871.42194
828.1911	873.63361
828.20258	873.76154
828.21405	872.9566
828.22552	872.26349
828.237	871.91217
828.24847	872.302
828.25995	873.73956
828.27142	873.20319
828.2829	872.19312
828.29437	873.28571
828.30585	873.74255
828.31732	873.33691
828.3288	872.70392
828.34027	871.59088
828.35175	872.53961
828.36322	872.76715
828.37469	872.92499
828.38617	874
828.39764	874.40961
828.40912	873.0426
828.42059	873.32819
828.43207	872.39819
828.44354	872.33246
828.45502	871.62451
828.46649	872.86517
828.47797	873.01355
828.48944	872.20679
828.50092	873.64856
828.51239	873.17151
828.52386	873.09796
828.53534	871.87921
828.54681	873.18597
828.55829	872.49829
828.56976	873.51453
828.58124	872.35449
828.59271	873.6474
828.60419	872.28656
828.61566	872.8559
828.62714	873.2085
828.63861	870.77704
828.65009	873.43213
828.66156	872.78754
828.67303	871.65356
828.68457	871.97345
828.69604	873.79993
828.70752	872.27637
828.71899	872.35651
828.73047	873.81384
828.74194	873.03571
828.75342	873.12439
828.76489	872.06311
828.77637	873.94598
828.78784	873.96625
828.79932	873.8125
828.81079	872.31622
828.82227	870.66986
828.83374	872.7063
828.84521	872.4859
828.85669	873.68549
828.86816	870.31061
828.87964	874.22552
828.89111	874.18451
828.90259	873.62061
828.91406	872.49603
828.92554	872.84326
828.93701	873.79352
828.94849	872.40485
828.95996	872.14069
828.97144	873.96857
828.98291	873.28265
828.99438	874.11841
829.00586	875.02551
829.01733	872.2215
829.02881	871.02979
829.04028	872.37927
829.05176	874.30396
829.06323	874.72174
829.07471	875.55975
829.08618	873.07922
829.09766	873.23889
829.10913	872.77533
829.12061	873.10577
829.13208	873.8114
829.14355	870.4743
829.15503	872.37378
829.1665	871.12366
829.17798	873.6933
829.18945	873.36395
829.20093	872.90161
829.2124	873.24017
829.22388	872.34808
829.23535	872.40851
829.24683	873.1601
829.2583	874.14868
829.26978	874.95355
829.28125	874.07745
829.29272	873.80505
829.3042	873.53845
829.31567	872.87689
829.32715	873.38733
829.33862	874.66205
829.3501	873.28101
829.36157	873.30389
829.37305	873.87225
829.38452	873.29163
829.396	872.18915
829.40747	872.40302
829.41895	872.83173
829.43042	874.09943
829.44189	874.40625
829.45337	873.6748
829.46484	872.62518
829.47632	872.95135
829.48779	873.56458
829.49927	873.38574
829.51074	871.8692
829.52222	873.16193
829.53369	874.53839
829.54517	873.43402
829.55664	873.44269
829.56812	872.86084
829.57959	873.71069
829.59106	874.18903
829.60254	875.05029
829.61401	875.50555
829.62549	873.84473
829.63696	874.79413
829.64844	873.82678
829.65991	873.50348
829.67139	874.71558
829.68286	874.08063
829.69434	873.37152
829.70581	873.90387
829.71729	874.07117
829.72876	873.14209
829.74023	873.81433
829.75171	873.46588
829.76318	874.80237
829.77466	874.13184
829.78613	873.80597
829.79761	873.13245
829.80908	873.742
829.82056	874.26178
829.83203	873.41278
829.84351	873.45593
829.85498	874.33307
829.86646	874.22186
829.87793	873.59338
829.8894	875.16986
829.90088	874.37097
829.91235	873.28113
829.92383	872.77057
829.9353	873.43854
829.94678	872.85968
829.95825	873.42035
829.96973	872.93488
829.9812	872.95782
829.99268	873.93372
830.00415	873.46002
830.01563	873.46783
830.0271	872.77136
830.03857	874.94244
830.05005	873.86853
830.06152	874.45343
830.073	873.42944
830.08447	873.29468
830.09595	873.36285
830.10742	875.06708
830.1189	872.8833
830.13037	873.54285
830.14185	872.78577
830.15332	872.49249
830.16479	873.27185
830.17627	874.58856
830.18774	873.30988
830.19922	872.77301
830.21075	872.73761
830.22223	871.4903
830.2337	872.07214
830.24518	870.93677
830.25665	872.54022
830.26813	873.85193
830.2796	873.85059
830.29108	874.62329
830.30255	873.31805
830.31403	872.63617
830.3255	872.40863
830.33698	874.28351
830.34845	872.85858
830.35992	873.11676
830.3714	873.74567
830.38287	873.99335
830.39435	874.06458
830.40582	872.77252
830.4173	873.13678
830.42877	872.26154
830.44025	872.08026
830.45172	874.45728
830.4632	873.76715
830.47467	873.76465
830.48615	874.94757
830.49762	874.91144
830.50909	874.8089
830.52057	876.30664
830.53204	874.58459
830.54352	873.28363
830.55499	872.91602
830.56647	874.48029
830.57794	875.29883
830.58942	874.46106
830.60089	872.81433
830.61237	873.26318
830.62384	873.4834
830.63531	873.74677
830.64679	873.59613
830.65826	872.70624
830.66974	873.54871
830.68121	874.05725
830.69269	873.49713
830.70416	875.32886
830.71564	875.19037
830.72711	873.97919
830.73859	874.10742
830.75006	874.88672
830.76154	875.10101
830.77301	874.09711
830.78448	874.60181
830.79596	875.33472
830.80743	874.36401
830.81891	873.37646
830.83038	872.81757
830.84186	873.39807
830.85333	874.07764
830.86481	874.15125
830.87628	874.35486
830.88776	873.65558
830.89923	874.09637
830.91071	873.72363
830.92218	874.39825
830.93365	874.38892
830.94513	874.06519
830.9566	872.63336
830.96808	872.82782
830.97955	874.862
830.99103	874.61957
831.0025	874.06946
831.01398	874.00861
831.02545	874.16199
831.03693	873.26611
831.0484	872.92639
831.05988	872.70721
831.07135	872.10095
831.08282	872.77008
831.0943	873.63062
831.10577	873.27173
831.11725	873.10284
831.12872	872.61755
831.1402	874.30774
831.15167	873.31604
831.16315	872.82587
831.17462	873.96735
831.1861	874.56915
831.19757	874.32745
831.20905	874.38831
831.22052	873.56488
831.23199	873.81494
831.24347	874.2077
831.25494	875.60522
831.26642	875.44232
831.27789	873.02106
831.28937	873.92407
831.30084	874.79266
831.31232	875.19025
831.32379	874.66583
831.33527	874.80939
831.34674	875.58307
831.35822	874.90137
831.36969	874.63202
831.38116	874.82477
831.39264	874.24878
831.40411	874.14777
831.41559	873.24225
831.42706	873.80768
831.43854	875.18549
831.45001	875.79388
831.46149	876.1496
831.47296	875.82843
831.48444	874.45056
831.49591	874.19336
831.50739	872.87347
831.51886	873.88971
831.53033	873.05603
831.54181	875.14716
831.55328	873.19659
831.56476	873.47888
831.57623	873.50085
831.58771	872.21716
831.59918	872.84161
831.61066	875.71173
831.62213	876.22174
831.63361	874.8858
831.64508	876.03339
831.65656	874.3457
831.66803	874.56494
831.6795	874.78619
831.69098	873.48785
831.70245	873.32214
831.71393	873.14539
831.7254	874.48102
831.73694	874.2384
831.74841	874.38464
831.75989	875.34253
831.77136	874.33936
831.78284	873.90546
831.79431	873.74957
831.80579	875.57214
831.81726	874.40991
831.82874	875.04492
831.84021	875.46478
831.85168	875.18182
831.86316	874.26099
831.87463	875.69788
831.88611	874.89166
831.89758	875.65656
831.90906	875.37695
831.92053	875.71814
831.93201	876.05402
831.94348	874.27692
831.95496	875.14948
831.96643	874.28961
831.97791	875.79395
831.98938	875.40332
832.00085	874.15131
832.01233	874.32269
832.0238	875.20099
832.03528	874.64185
832.04675	873.94629
832.05823	874.1001
832.0697	874.1604
832.08118	875.10162
832.09265	874.01599
832.10413	874.31189
832.1156	874.13226
832.12708	874.96863
832.13855	874.31177
832.15002	874.35779
832.1615	875.26245
832.17297	873.99542
832.18445	873.67108
832.19592	873.95972
832.2074	875.73944
832.21887	874.57135
832.23035	874.02405
832.24182	872.94586
832.2533	873.23029
832.26477	874.3446
832.27625	873.65985
832.28772	874.20251
832.29919	875.15826
832.31067	875.05377
832.32214	873.02429
832.33362	874.7002
832.34509	874.62762
832.35657	875.32544
832.36804	874.14551
832.37952	873.60736
832.39099	873.71912
832.40247	874.71094
832.41394	874.36804
832.42542	874.00635
832.43689	874.2002
832.44836	874.00842
832.45984	875.19421
832.47131	874.57062
832.48279	873.55377
832.49426	874.34161
832.50574	875.8302
832.51721	875.59467
832.52869	875.11102
832.54016	874.4549
832.55164	873.26135
832.56311	872.47638
832.57458	871.80377
832.58606	873.63513
832.59753	872.28522
832.60901	872.64276
832.62048	873.28534
832.63196	873.06793
832.64343	873.20306
832.65491	873.50079
832.66638	874.0976
832.67786	872.91058
832.68933	872.37585
832.70081	872.42383
832.71228	874.02563
832.72375	873.41754
832.73523	872.99731
832.7467	873.53979
832.75818	874.35498
832.76965	874.40338
832.78113	873.54803
832.7926	874.76404
832.80408	875.06348
832.81555	874.51154
832.82703	873.48828
832.8385	873.5592
832.84998	873.96271
832.86145	875.06366
832.87292	873.62885
832.8844	873.48315
832.89587	874.74792
832.90735	873.37671
832.91882	873.75238
832.9303	874.07635
832.94177	874.74658
832.95325	875.61902
832.96472	873.25732
832.9762	874.14142
832.98767	873.19672
832.99915	872.65979
833.01062	873.60803
833.02209	874.30731
833.03357	874.15472
833.04504	875.67212
833.05652	875.49109
833.06799	875.08954
833.07947	873.88501
833.09094	875.5058
833.10242	875.69043
833.11389	873.98706
833.12537	873.48859
833.13684	874.43817
833.14832	874.46051
833.15979	873.27234
833.17126	873.78479
833.18274	872.39612
833.19421	873.2771
833.20569	874.87817
833.21716	873.80591
833.22864	872.76465
833.24011	873.52783
833.25159	872.07623
833.26306	873.57062
833.2746	875.31781
833.28607	876.16589
833.29755	874.00934
833.30902	871.24677
833.3205	874.02161
833.33197	872.55554
833.34344	874.28845
833.35492	873.77228
833.36639	873.84552
833.37787	874.32733
833.38934	872.98181
833.40082	870.67761
833.41229	873.46259
833.42377	873.34033
833.43524	873.80695
833.44672	873.32196
833.45819	873.79279
833.46967	871.51501
833.48114	873.8515
833.49261	873.12573
833.50409	873.85822
833.51556	873.66144
833.52704	872.87091
833.53851	875.71387
833.54999	873.20618
833.56146	872.93713
833.57294	871.03528
833.58441	872.84583
833.59589	873.6814
833.60736	873.41431
833.61884	872.96515
833.63031	870.14441
833.64178	874.55005
833.65326	872.54144
833.66473	873.89844
833.67621	873.71106
833.68768	873.17432
833.69916	873.1983
833.71063	872.77679
833.72211	872.39655
833.73358	873.49384
833.74506	874.63593
833.75653	872.80969
833.76801	873.63269
833.77948	873.20447
833.79095	873.17139
833.80243	874.9519
833.8139	873.20471
833.82538	872.64331
833.83685	874.06732
833.84833	873.59589
833.8598	873.25861
833.87128	874.07129
833.88275	871.97681
833.89423	872.59674
833.9057	873.63947
833.91718	873.97461
833.92865	874.0351
833.94012	873.03021
833.9516	874.12726
833.96307	872.91663
833.97455	873.36682
833.98602	872.82727
833.9975	873.72009
834.00897	873.99927
834.02045	872.93018
834.03192	873.59644
834.0434	872.87085
834.05487	873.03308
834.06635	874.25555
834.07782	873.58301
834.08929	873.20447
834.10077	873.8902
834.11224	873.50873
834.12372	872.31549
834.13519	872.34186
834.14667	872.11285
834.15814	872.8974
834.16962	873.60883
834.18109	872.49951
834.19257	872.65399
834.20404	873.78485
834.21552	873.58197
834.22699	872.83826
834.23846	872.922
834.24994	873.44238
834.26141	872.89191
834.27289	872.3551
834.28436	873.52722
834.29584	872.76886
834.30731	873.3385
834.31879	873.31244
834.33026	873.69397
834.34174	872.68207
834.35321	870.94489
834.36469	872.13684
834.37616	873.6554
834.38763	873.85535
834.39911	872.04858
834.41058	872.90338
834.42206	872.67487
834.43353	872.28082
834.44501	871.83105
834.45648	872.37775
834.46796	872.3302
834.47943	872.04016
834.49091	872.54907
834.50238	873.58093
834.51385	873.55469
834.52533	872.32434
834.5368	872.9566
834.54828	874.93652
834.55975	873.79486
834.57123	872.69531
834.5827	873.49445
834.59418	872.62524
834.60565	872.021
834.61713	875.13184
834.6286	874.10339
834.64008	873.20636
834.65155	872.62378
834.66302	871.03998
834.6745	871.17114
834.68597	872.95001
834.69745	872.4397
834.70892	871.91229
834.7204	871.80743
834.73187	873.04224
834.74335	871.89301
834.75482	873.2821
834.7663	872.63446
834.77777	872.49994
834.78925	871.61896
834.80078	873.84753
834.81226	874.09589
834.82373	873.03528
834.83521	872.89758
834.84668	873.1225
834.85815	872.49139
834.86963	872.6521
834.8811	872.47516
834.89258	872.64319
834.90405	871.15906
834.91553	873.48181
834.927	873.52228
834.93848	871.63586
834.94995	870.09369
834.96143	870.53662
834.9729	871.84174
834.98438	872.99219
834.99585	872.86761
835.00732	873.86298
835.0188	872.4408
835.03027	871.39233
835.04175	871.60706
835.05322	872.56866
835.0647	870.81464
835.07617	871.56458
835.08765	871.74353
835.09912	873.24597
835.1106	871.49683
835.12207	872.83777
835.13354	872.55505
835.14502	871.22253
835.15649	873.15741
835.16797	872.02716
835.17944	871.1806
835.19092	872.28052
835.20239	871.50513
835.21387	869.79608
835.22534	872.12994
835.23682	872.22955
835.24829	871.68805
835.25977	873.12103
835.27124	872.62097
835.28271	871.14624
835.29419	872.008
835.30566	871.61371
835.31714	872.33423
835.32861	872.74689
835.34009	872.14752
835.35156	871.92188
835.36304	871.64215
835.37451	872.01056
835.38599	872.63849
835.39746	871.88782
835.40894	873.29865
835.42041	871.92804
835.43188	871.91907
835.44336	871.15308
835.45483	871.25519
835.46631	873.28815
835.47778	871.46185
835.48926	873.19824
835.50073	871.03882
835.51221	871.29346
835.52368	871.47949
835.53516	870.94641
835.54663	873.08673
835.55811	872.86169
835.56958	873.22253
835.58105	871.84473
835.59253	874.37476
835.604	871.77002
835.61548	870.86969
835.62695	872.6817
835.63843	873.28876
835.6499	873.94434
835.66138	873.81525
835.67285	872.47595
835.68433	871.64185
835.6958	872.35754
835.70728	872.51874
835.71875	872.32904
835.73022	871.68726
835.7417	871.74744
835.75317	871.63934
835.76465	872.5531
835.77612	871.59119
835.7876	871.49591
835.79907	873.60382
835.81055	872.16553
835.82202	871.0033
835.8335	872.97638
835.84497	871.22156
835.85645	871.67761
835.86792	871.97235
835.87939	871.10577
835.89087	871.84698
835.90234	872.26569
835.91382	872.18835
835.92529	871.36041
835.93677	873.49554
835.94824	873.2912
835.95972	873.08356
835.97119	871.55273
835.98267	872.83081
835.99414	872.80286
836.00562	872.63605
836.01709	872.21198
836.02856	872.6347
836.04004	873.02441
836.05151	872.95599
836.06299	873.92456
836.07446	872.56146
836.08594	872.39722
836.09741	872.9151
836.10889	872.62451
836.12036	873.50549
836.13184	873.44836
836.14331	871.38483
836.15479	872.11462
836.16626	872.43658
836.17773	873.25208
836.18921	871.39246
836.20068	872.08252
836.21216	873.4361
836.22363	873.84747
836.23511	872.6593
836.24658	871.43481
836.25806	872.41809
836.26953	874.37354
836.28101	872.01379
836.29248	873.40051
836.30396	872.3493
836.31543	872.35364
836.32697	873.23413
836.33844	873.13123
836.34991	872.72137
836.36139	873.39545
836.37286	873.43707
836.38434	871.55414
836.39581	871.14941
836.40729	872.07928
836.41876	872.49286
836.43024	873.09753
836.44171	874.25562
836.45319	873.10364
836.46466	872.20001
836.47614	872.44403
836.48761	872.4115
836.49908	872.22632
836.51056	872.69379
836.52203	872.31067
836.53351	872.31903
836.54498	873.78485
836.55646	873.05219
836.56793	873.65375
836.57941	874.25159
836.59088	872.40271
836.60236	873.0498
836.61383	872.1709
836.62531	874.11731
836.63678	874.26678
836.64825	872.83209
836.65973	872.85211
836.6712	870.39728
836.68268	872.17657
836.69415	871.3855
836.70563	874.11597
836.7171	871.82922
836.72858	871.50159
836.74005	872.81641
836.75153	872.57007
836.763	872.3855
836.77448	872.31207
836.78595	872.75861
836.79742	872.28821
836.8089	870.86621
836.82037	873.97827
836.83185	873.33008
836.84332	873.02844
836.8548	873.30804
836.86627	871.97565
836.87775	872.3075
836.88922	871.78528
836.9007	874.4848
836.91217	873.62067
836.92365	872.67767
836.93512	872.39508
836.94659	874.24384
836.95807	872.28613
836.96954	872.37634
836.98102	872.05048
836.99249	872.78503
837.00397	870.38916
837.01544	873.02631
837.02692	873.33899
837.03839	872.38568
837.04987	869.23328
837.06134	872.02936
837.07281	872.82684
837.08429	872.03497
837.09576	872.19446
837.10724	871.24023
837.11871	872.30646
837.13019	870.65918
837.14166	873.19196
837.15314	871.42389
837.16461	871.93451
837.17609	872.0351
837.18756	871.13031
837.19904	872.98053
837.21051	873.21954
837.22198	873.47357
837.23346	872.08636
837.24493	871.63031
837.25641	870.61957
837.26788	872.4679
837.27936	873.14307
837.29083	874.61621
837.30231	872.34198
837.31378	872.61182
837.32526	872.63007
837.33673	872.22217
837.34821	871.35077
837.35968	872.86633
837.37115	873.67371
837.38263	870.92059
837.3941	871.69421
837.40558	872.38934
837.41705	871.97882
837.42853	872.45007
837.44	872.41016
837.45148	872.08099
837.46295	872.50507
837.47443	872.57947
837.4859	871.36163
837.49738	872.24292
837.50885	872.92322
837.52032	873.73889
837.5318	873.62231
837.54327	872.82483
837.55475	872.32837
837.56622	873.37488
837.5777	872.64502
837.58917	872.30444
837.60065	872.04187
837.61212	873.62793
837.6236	872.99969
837.63507	873.24664
837.64655	873.2215
837.65802	872.4632
837.66949	873.61572
837.68097	872.81647
837.69244	871.98816
837.70392	874.36536
837.71539	874.11212
837.72687	872.70355
837.73834	873.30853
837.74982	872.40729
837.76129	872.08551
837.77277	873.49713
837.78424	873.13934
837.79572	873.81763
837.80719	874.34692
837.81866	872.76239
837.83014	870.41046
837.84161	873.07184
837.85315	874.71503
837.86462	872.51788
837.8761	872.72003
837.88757	871.2677
837.89905	871.40674
837.91052	871.54755
837.922	873.33923
837.93347	873.18976
837.94495	873.84833
837.95642	873.14392
837.9679	871.74432
837.97937	872.80914
837.99084	872.57019
838.00232	873.33978
838.01379	871.505
838.02527	873.06964
838.03674	872.90833
838.04822	871.95197
838.05969	872.50537
838.07117	873.2688
838.08264	871.4856
838.09412	870.51062
838.10559	870.62946
838.11707	872.14899
838.12854	873.40356
838.14001	873.28748
838.15149	872.40729
838.16296	871.41443
838.17444	871.60516
838.18591	874.07336
838.19739	872.02722
838.20886	873.23816
838.22034	871.4906
838.23181	873.91174
838.24329	873.06714
838.25476	874.01776
838.26624	872.89264
838.27771	873.2373
838.28918	872.67419
838.30066	874.3042
838.31213	873.31573
838.32361	871.65466
838.33508	872.53998
838.34656	873.42401
838.35803	873.68011
838.36951	872.39502
838.38098	872.01794
838.39246	871.69104
838.40393	872.35846
838.41541	873.1366
838.42688	873.5708
838.43835	872.41046
838.44983	872.23669
838.4613	873.79675
838.47278	873.63519
838.48425	872.82031
838.49573	872.95001
838.5072	872.96149
838.51868	872.32892
838.53015	871.72058
838.54163	870.30573
838.5531	872.10718
838.56458	872.20844
838.57605	871.62109
838.58752	872.66028
838.599	872.43805
838.61047	873.1792
838.62195	873.22021
838.63342	873.36523
838.6449	873.23346
838.65637	871.89868
838.66785	871.26343
838.67932	873.14722
838.6908	872.68927
838.70227	871.09186
838.71375	871.50494
838.72522	871.95331
838.73669	872.79022
838.74817	874.78021
838.75964	872.59662
838.77112	871.7605
838.78259	872.21875
838.79407	872.1731
838.80554	872.42908
838.81702	873.34033
838.82849	872.44537
838.83997	871.54242
838.85144	870.94073
838.86292	872.56696
838.87439	871.41016
838.88586	872.71112
838.89734	870.85248
838.90881	872.22711
838.92029	873.4068
838.93176	873.42462
838.94324	874.6673
838.95471	871.80054
838.96619	872.76398
838.97766	871.99988
838.98914	871.45062
839.00061	873.45923
839.01208	874.06378
839.02356	873.47925
839.03503	874.26965
839.04651	872.02869
839.05798	873.76031
839.06946	872.5863
839.08093	872.48657
839.09241	872.61334
839.10388	871.86609
839.11536	873.20294
839.12683	870.56836
839.13831	872.62854
839.14978	872.60419
839.16125	872.84998
839.17273	872.19214
839.1842	872.60541
839.19568	872.21405
839.20715	873.22876
839.21863	873.49054
839.2301	872.95453
839.24158	872.85199
839.25305	872.68713
839.26453	871.69135
839.276	871.70374
839.28748	872.84857
839.29895	871.63818
839.31042	870.73938
839.3219	872.24945
839.33337	872.33795
839.34485	872.78156
839.35632	874.04834
839.3678	873.77863
839.37933	873.02466
839.39081	873.55542
839.40228	873.30463
839.41376	872.26849
839.42523	872.69696
839.43671	873.16193
839.44818	872.93036
839.45966	873.56714
839.47113	873.35675
839.4826	872.3642
839.49408	873.61316
839.50555	874.12299
839.51703	872.77393
839.5285	873.2019
839.53998	873.49329
839.55145	871.71747
839.56293	872.76117
839.5744	872.15259
839.58588	872.04456
839.59735	873.96216
839.60883	873.44006
839.6203	873.09955
839.63177	874.4126
839.64325	872.87909
839.65472	873.66541
839.6662	871.9967
839.67767	872.9657
839.68915	874.01166
839.70062	874.1748
839.7121	872.539
839.72357	872.78821
839.73505	873.4801
839.74652	872.02588
839.758	873.97241
839.76947	874.20605
839.78094	873.79395
839.79242	872.375
839.80389	871.86115
839.81537	871.86096
839.82684	874.38959
839.83832	872.47601
839.84979	872.09631
839.86127	872.45728
839.87274	871.50415
839.88422	873.48676
839.89569	874.2619
839.90717	874.41394
839.91864	873.25153
839.93011	872.51721
839.94159	873.87274
839.95306	871.98792
839.96454	872.51556
839.97601	871.27972
839.98749	872.53949
839.99896	872.3479
840.01044	872.27148
840.02191	872.95996
840.03339	872.77832
840.04486	872.97577
840.05634	874.005
840.06781	873.69257
840.07928	873.23456
840.09076	871.78943
840.10223	872.66846
840.11371	872.47449
840.12518	872.22485
840.13666	873.36255
840.14813	873.59387
840.15961	872.67474
840.17108	872.59375
840.18256	873.25604
840.19403	873.28174
840.20551	872.36719
840.21698	872.95026
840.22845	873.91943
840.23993	872.84894
840.2514	871.59521
840.26288	873.16016
840.27435	873.80457
840.28583	871.92352
840.2973	873.2674
840.30878	874.18677
840.32025	873.33368
840.33173	873.55029
840.3432	873.91815
840.35468	872.08704
840.36615	871.66138
840.37762	871.95441
840.3891	872.64063
840.40057	872.89862
840.41205	871.1394
840.42352	872.87598
840.435	873.15479
840.44647	872.92029
840.45795	871.99518
840.46942	872.32361
840.4809	873.79926
840.49237	873.47784
840.50385	872.16254
840.51532	873.24841
840.52679	871.33795
840.53827	872.22589
840.54974	874.61572
840.56122	873.80255
840.57269	873.38879
840.58417	872.64227
840.59564	873.77264
840.60712	873.29437
840.61859	872.85376
840.63007	872.71039
840.64154	873.59406
840.65302	873.5307
840.66449	872.94611
840.67596	872.48138
840.68744	873.35547
840.69891	872.41931
840.71039	874.35791
840.72186	875.1745
840.73334	874.19672
840.74481	873.51776
840.75629	874.88116
840.76776	874.68738
840.77924	874.65991
840.79071	874.7937
840.80219	874.16339
840.81366	872.73254
840.82513	871.52502
840.83661	872.3302
840.84808	872.2511
840.85956	873.1665
840.87103	874.88092
840.88251	873.49664
840.89398	871.37885
840.90552	871.9917
840.91699	873.76569
840.92847	872.83453
840.93994	873.19257
840.95142	873.82617
840.96289	873.25397
840.97437	872.14905
840.98584	873.23633
840.99731	873.41479
841.00879	872.69574
841.02026	873.96948
841.03174	871.86731
841.04321	871.82257
841.05469	872.34009
841.06616	872.37238
841.07764	873.15668
841.08911	872.3139
841.10059	871.27307
841.11206	872.86377
841.12354	873.85071
841.13501	872.97949
841.14648	873.276
841.15796	871.75714
841.16943	871.36304
841.18091	870.33673
841.19238	872.46808
841.20386	872.40424
841.21533	872.24615
841.22681	872.57397
841.23828	873.46313
841.24976	874.03522
841.26123	873.55243
841.27271	872.82489
841.28418	872.67078
841.29565	872.66583
841.30713	874.34192
841.3186	874.20459
841.33008	871.85364
841.34155	872.66797
841.35303	873.22906
841.3645	872.18585
841.37598	872.71338
841.38745	872.82928
841.39893	872.32434
841.4104	872.32953
841.42188	873.68896
841.43335	873.69934
841.44482	873.20715
841.4563	873.37427
841.46777	872.81244
841.47925	873.83417
841.49072	873.98712
841.5022	873.76263
841.51367	873.49945
841.52515	872.95404
841.53662	872.56897
841.5481	871.74658
841.55957	872.07892
841.57104	872.14398
841.58252	872.51416
841.59399	872.03729
841.60547	872.80573
841.61694	873.56256
841.62842	874.10046
841.63989	873.92963
841.65137	873.21002
841.66284	872.11505
841.67432	872.52997
841.68579	873.12903
841.69727	872.18903
841.70874	874.42188
841.72021	873.13379
841.73169	874.216
841.74316	873.09601
841.75464	873.11566
841.76611	871.40204
841.77759	872.16321
841.78906	873.30499
841.80054	871.30322
841.81201	872.32147
841.82349	873.16901
841.83496	872.82904
841.84644	872.69043
841.85791	873.2998
841.86938	872.2066
841.88086	872.21307
841.89233	873.47839
841.90381	872.29907
841.91528	872.23755
841.92676	870.9021
841.93823	872.14899
841.94971	873.50165
841.96118	874.11511
841.97266	873.34875
841.98413	872.18805
841.99561	871.60333
842.00708	871.24097
842.01855	871.31952
842.03003	872.55182
842.0415	873.43707
842.05298	873.9707
842.06445	872.70898
842.07593	871.82678
842.0874	871.24054
842.09888	873.5777
842.11035	873.45801
842.12183	872.60498
842.1333	873.62152
842.14478	874.26599
842.15625	872.20422
842.16772	873.66229
842.1792	872.46899
842.19067	872.16833
842.20215	872.7749
842.21362	873.36932
842.2251	872.45563
842.23657	872.65143
842.24805	872.59558
842.25952	872.5965
842.271	870.75067
842.28247	872.74365
842.29395	873.13599
842.30542	871.66577
842.31689	872.34546
842.32837	872.89551
842.33984	872.18158
842.35132	872.87366
842.36279	873.09656
842.37427	872.20599
842.38574	872.49908
842.39722	872.3255
842.40869	873.16827
842.42017	872.90222
842.4317	873.18127
842.44318	872.86273
842.45465	873.2063
842.46613	874.22766
842.4776	874.52454
842.48907	874.43164
842.50055	871.43677
842.51202	872.72211
842.5235	873.04529
842.53497	873.57867
842.54645	873.38147
842.55792	871.27576
842.5694	871.42993
842.58087	869.50977
842.59235	872.51575
842.60382	872.83258
842.6153	872.64722
842.62677	874.1084
842.63824	871.70172
842.64972	871.81927
842.66119	874.06134
842.67267	873.88269
842.68414	873.32977
842.69562	873.26587
842.70709	872.50421
842.71857	873.18781
842.73004	872.36078
842.74152	872.64728
842.75299	870.84863
842.76447	871.95917
842.77594	872.74109
842.78741	872.55151
842.79889	871.75171
842.81036	872.4696
842.82184	873.11804
842.83331	871.59235
842.84479	871.70135
842.85626	871.24414
842.86774	873.78986
842.87921	873.14349
842.89069	873.33435
842.90216	872.73267
842.91364	872.10406
842.92511	871.78217
842.93658	872.75531
842.94806	873.01025
842.95953	872.70068
842.97101	873.78217
842.98248	873.0849
842.99396	872.40216
843.00543	872.78601
843.01691	874.08655
843.02838	873.18005
843.03986	873.19867
843.05133	872.93115
843.06281	872.43146
843.07428	873.10785
843.08575	873.2804
843.09723	872.70111
843.1087	872.41376
843.12018	872.30676
843.13165	871.41577
843.14313	872.47455
843.1546	872.70667
843.16608	872.17456
843.17755	871.90515
843.18903	872.19629
843.2005	871.74725
843.21198	872.6037
843.22345	871.93256
843.23492	872.22418
843.2464	873.0741
843.25787	871.90204
843.26935	872.64368
843.28082	872.1261
843.2923	871.3562
843.30377	871.43695
843.31525	872.52911
843.32672	872.08466
843.3382	872.71356
843.34967	873.40436
843.36115	871.70233
843.37262	874.34021
843.38409	871.18634
843.39557	871.89777
843.40704	871.40424
843.41852	871.15356
843.42999	870.93512
843.44147	872.19281
843.45294	871.93488
843.46442	872.34814
843.47589	871.09595
843.48737	872.11011
843.49884	870.98901
843.51031	872.60419
843.52179	873.44861
843.53326	872.24713
843.54474	872.69818
843.55621	872.70441
843.56769	873.65118
843.57916	873.18646
843.59064	871.81586
843.60211	872.03204
843.61359	871.25793
843.62506	871.1875
843.63654	872.09393
843.64801	871.82001
843.65948	872.41101
843.67096	871.151
843.68243	870.78107
843.69391	871.63043
843.70538	873.53198
843.71686	874.02783
843.72833	871.74756
843.73981	871.86536
843.75128	872.81592
843.76276	870.31519
843.77423	872.84357
843.78571	871.8877
843.79718	873.16077
843.80865	873.47052
843.82013	872.70618
843.8316	871.23541
843.84308	871.23724
843.85455	872.99988
843.86603	872.67224
843.8775	871.05249
843.88898	870.9259
843.90045	873.34033
843.91193	871.80469
843.9234	871.59045
843.93488	871.42303
843.94635	871.58051
843.95782	869.909
843.96936	871.66736
843.98083	872.15369
843.99231	870.79211
844.00378	871.19794
844.01526	871.8941
844.02673	873.35144
844.03821	873.48553
844.04968	872.08136
844.06116	872.17181
844.07263	872.12195
844.08411	872.10779
844.09558	871.70764
844.10706	870.25568
844.11853	871.13031
844.13	872.51868
844.14148	870.70642
844.15295	871.73145
844.16443	872.39972
844.1759	870.23303
844.18738	870.71625
844.19885	873.25317
844.21033	872.31348
844.2218	871.19586
844.23328	872.9375
844.24475	871.09674
844.25623	870.28931
844.2677	872.14191
844.27917	871.72693
844.29065	872.29657
844.30212	871.37677
844.3136	871.15259
844.32507	873.09253
844.33655	873.16931
844.34802	871.30975
844.3595	872.28436
844.37097	872.6709
844.38245	871.03491
844.39392	871.07294
844.4054	871.80103
844.41687	871.57208
844.42834	871.67786
844.43982	871.98846
844.45129	870.69244
844.46277	871.62646
844.47424	872.54828
844.48572	871.9245
844.49719	873.03186
844.50867	872.92548
844.52014	872.48785
844.53162	872.5976
844.54309	871.88647
844.55457	872.93011
844.56604	872.76019
844.57751	872.46143
844.58899	871.9032
844.60046	871.42505
844.61194	872.5882
844.62341	871.95935
844.63489	872.51294
844.64636	872.14624
844.65784	872.07385
844.66931	873.03369
844.68079	871.46521
844.69226	873.50513
844.70374	872.13788
844.71521	872.06238
844.72668	872.07288
844.73816	873.00928
844.74963	872.13947
844.76111	869.68774
844.77258	872.32172
844.78406	872.03076
844.79553	870.74426
844.80701	871.1983
844.81848	870.90503
844.82996	870.73065
844.84143	871.38654
844.85291	871.1709
844.86438	872.27032
844.87585	872.27966
844.88733	873.08551
844.8988	872.62213
844.91028	872.4436
844.92175	872.75085
844.93323	872.19391
844.9447	870.67041
844.95618	871.17517
844.96765	869.91064
844.97913	871.71503
844.9906	872.026
845.00208	871.87018
845.01355	871.31683
845.02502	870.49963
845.0365	870.67786
845.04797	871.75244
845.05945	870.90692
845.07092	871.03156
845.0824	871.67035
845.09387	870.33148
845.10535	871.8244
845.11682	872.05109
845.1283	870.24109
845.13977	870.62323
845.15125	872.44916
845.16272	871.16827
845.17419	871.50507
845.18567	870.51282
845.19714	871.46759
845.20862	872.24036
845.22009	872.43622
845.23157	872.94214
845.24304	871.25342
845.25452	873.33612
845.26599	872.79425
845.27747	872.78363
845.28894	872.0722
845.30042	873.53583
845.31189	872.44867
845.32336	871.05292
845.33484	871.13898
845.34631	870.83771
845.35779	872.00146
845.36926	871.9104
845.38074	872.30438
845.39221	871.56659
845.40369	873.11066
845.41516	872.65662
845.42664	872.2453
845.43811	873.11896
845.44958	872.52844
845.46106	870.2193
845.47253	870.57141
845.48401	871.40698
845.49554	872.11096
845.50702	871.57721
845.51849	872.02527
845.52997	872.47339
845.54144	871.53833
845.55292	871.83618
845.56439	870.97278
845.57587	870.72034
845.58734	871.97754
845.59882	872.29736
845.61029	872.69745
845.62177	871.74042
845.63324	870.71881
845.64471	871.87946
845.65619	872.84143
845.66766	872.81592
845.67914	870.84546
845.69061	872.50031
845.70209	873.75299
845.71356	871.02307
845.72504	871.84125
845.73651	871.49231
845.74799	871.02612
845.75946	871.31207
845.77094	871.22797
845.78241	870.35382
845.79388	871.93896
845.80536	872.05841
845.81683	871.04797
845.82831	870.99536
845.83978	871.99042
845.85126	872.80627
845.86273	871.4577
845.87421	870.84363
845.88568	870.29236
845.89716	870.22644
845.90863	871.99188
845.9201	871.56921
845.93158	871.88007
845.94305	871.86743
845.95453	871.77802
845.966	870.49536
845.97748	871.61932
845.98895	870.75952
846.00043	871.2782
846.0119	870.43091
846.02338	872.37482
846.03485	872.85065
846.04633	871.25916
846.0578	871.14758
846.06927	871.9458
846.08075	872.11267
846.09222	869.19476
846.1037	872.40973
846.11517	872.46191
846.12665	872.6983
846.13812	871.01807
846.1496	871.71716
846.16107	871.38916
846.17255	873.21088
846.18402	871.9408
846.1955	872.12976
846.20697	870.96143
846.21844	869.64771
846.22992	871.70886
846.24139	871.19055
846.25287	873.20813
846.26434	872.03558
846.27582	871.58575
846.28729	872.70508
846.29877	872.0932
846.31024	871.86877
846.32172	872.92224
846.33319	871.20947
846.34467	870.74255
846.35614	870.67236
846.36761	871.64069
846.37909	871.09106
846.39056	872.20172
846.40204	872.68274
846.41351	871.24774
846.42499	870.28247
846.43646	873.67438
846.44794	873.51001
846.45941	873.37225
846.47089	871.65216
846.48236	871.46179
846.49384	872.76221
846.50531	871.41473
846.51678	872.1673
846.52826	872.16705
846.53973	872.43707
846.55121	872.60162
846.56268	872.06671
846.57416	871.62549
846.58563	872.51996
846.59711	873.91516
846.60858	871.74097
846.62006	869.76373
846.63153	871.67773
846.64301	873.2973
846.65448	872.09711
846.66595	870.8139
846.67743	871.40747
846.6889	873.03113
846.70038	870.96686
846.71185	872.23346
846.72333	872.62
846.7348	871.495
846.74628	871.85266
846.75775	871.5083
846.76923	872.79913
846.7807	871.42749
846.79218	872.29572
846.80365	872.16907
846.81512	871.44781
846.8266	872.98383
846.83807	872.03827
846.84955	871.46216
846.86102	872.72217
846.8725	872.94928
846.88397	872.93823
846.89545	871.87189
846.90692	872.76196
846.9184	872.38519
846.92987	872.91907
846.94135	871.99426
846.95282	871.81458
846.96429	872.54138
846.97577	872.32825
846.98724	872.70807
846.99872	872.7666
847.01019	870.94196
847.02173	871.75647
847.0332	872.61163
847.04468	872.84674
847.05615	874.18384
847.06763	873.05939
847.0791	872.26447
847.09058	873.29138
847.10205	873.63104
847.11353	870.88348
847.125	872.2608
847.13647	874.14282
847.14795	870.29236
847.15942	871.79089
847.1709	871.99933
847.18237	873.72479
847.19385	871.5036
847.20532	869.93378
847.2168	872.69635
847.22827	874.88733
847.23975	874.01074
847.25122	874.21887
847.2627	874.15576
847.27417	874.58203
847.28564	873.31781
847.29712	873.15729
847.30859	873.66119
847.32007	872.79993
847.33154	871.9151
847.34302	870.82263
847.35449	872.10693
847.36597	872.0152
847.37744	873.44598
847.38892	874.82135
847.40039	873.33484
847.41187	874.62659
847.42334	872.23157
847.43481	873.74365
847.44629	872.47418
847.45776	872.06665
847.46924	870.94568
847.48071	871.73273
847.49219	874.4444
847.50366	873.63342
847.51514	871.60516
847.52661	872.48547
847.53809	873.14838
847.54956	872.73157
847.56104	872.2688
847.57251	872.09485
847.58398	872.49738
847.59546	871.24103
847.60693	871.36029
847.61841	873.38391
847.62988	873.45593
847.64136	872.50183
847.65283	871.46259
847.66431	872.92352
847.67578	872.56427
847.68726	872.84772
847.69873	871.48743
847.71021	872.84637
847.72168	873.0636
847.73315	874.23694
847.74463	872.23181
847.7561	872.12683
847.76758	873.31531
847.77905	871.29633
847.79053	872.94244
847.802	872.95233
847.81348	873.04944
847.82495	872.39417
847.83643	872.37958
847.8479	873.62354
847.85938	872.5144
847.87085	871.79926
847.88232	872.32233
847.8938	872.45386
847.90527	873.29846
847.91675	873.60736
847.92822	873.27313
847.9397	872.38977
847.95117	873.57458
847.96265	873.23102
847.97412	875.0495
847.9856	873.41779
847.99707	872.16388
848.00854	875.08374
848.02002	874.51501
848.03149	873.07782
848.04297	872.97137
848.05444	873.61035
848.06592	872.75134
848.07739	871.53668
848.08887	873.36853
848.10034	872.88092
848.11182	873.20111
848.12329	874.56561
848.13477	874.03149
848.14624	873.55963
848.15771	872.86859
848.16919	873.52789
848.18066	873.59296
848.19214	873.64221
848.20361	873.48083
848.21509	873.74377
848.22656	873.7829
848.23804	872.99341
848.24951	874.08405
848.26099	872.69812
848.27246	873.44269
848.28394	874.3028
848.29541	874.43713
848.30688	873.23682
848.31836	872.65344
848.32983	872.96545
848.34131	873.64917
848.35278	874.80127
848.36426	874.58966
848.37573	874.20709
848.38721	874.45697
848.39868	873.86377
848.41016	874.56305
848.42163	875.8028
848.43311	874.65289
848.44458	872.01923
848.45605	873.10919
848.46753	873.31433
848.479	872.04926
848.49048	872.41565
848.50195	875.48047
848.51343	873.99286
848.5249	874.28864
848.53638	874.62091
848.54791	872.96259
848.55939	874.61139
848.57086	873.2204
848.58234	873.62476
848.59381	874.09283
848.60529	874.87274
848.61676	875.46515
848.62823	873.52295
848.63971	871.17706
848.65118	872.87299
848.66266	873.49005
848.67413	874.41113
848.68561	874.26025
848.69708	875.45728
848.70856	873.23267
848.72003	872.35577
848.73151	873.95447
848.74298	875.32739
848.75446	875.32837
848.76593	874.78674
848.7774	873.86829
848.78888	873.20697
848.80035	873.07843
848.81183	874.39575
848.8233	874.30963
848.83478	873.34711
848.84625	874.31299
848.85773	874.61932
848.8692	874.03235
848.88068	874.25287
848.89215	873.41504
848.90363	873.49371
848.9151	873.63013
848.92657	873.8609
848.93805	874.38385
848.94952	873.87
848.961	873.98651
848.97247	875.84198
848.98395	874.63116
848.99542	875.33838
849.0069	873.9856
849.01837	872.68726
849.02985	872.62445
849.04132	874.81439
849.0528	873.14124
849.06427	874.7522
849.07574	875.79297
849.08722	875.17505
849.09869	874.58258
849.11017	874.55542
849.12164	874.53754
849.13312	875.65118
849.14459	874.15558
849.15607	874.09906
849.16754	875.4516
849.17902	875.19904
849.19049	874.9444
849.20197	872.95508
849.21344	875.13062
849.22491	875.08087
849.23639	874.90887
849.24786	873.91205
849.25934	874.86768
849.27081	872.90582
849.28229	873.91913
849.29376	873.91016
849.30524	874.86914
849.31671	874.45892
849.32819	874.91901
849.33966	876.25275
849.35114	875.28552
849.36261	874.59247
849.37408	874.69354
849.38556	875.02301
849.39703	874.22968
849.40851	873.33575
849.41998	874.32037
849.43146	873.44812
849.44293	873.63947
849.45441	873.78754
849.46588	874.20935
849.47736	875.72296
849.48883	875.38135
849.50031	874.20325
849.51178	874.86285
849.52325	875.05225
849.53473	875.05524
849.5462	874.94531
849.55768	874.06293
849.56915	874.21893
849.58063	874.81274
849.5921	874.64612
849.60358	875.80676
849.61505	876.31708
849.62653	876.1825
849.638	874.18884
849.64948	875.28058
849.66095	873.85114
849.67242	873.43317
849.6839	874.16205
849.69537	874.33478
849.70685	874.25421
849.71832	874.33643
849.7298	874.45038
849.74127	874.17377
849.75275	873.91992
849.76422	873.49323
849.7757	874.38385
849.78717	874.62073
849.79865	874.53784
849.81012	874.40894
849.82159	876.92737
849.83307	876.05377
849.84454	874.40253
849.85602	874.08752
849.86749	874.6994
849.87897	875.15936
849.89044	875.38672
849.90192	873.94751
849.91339	873.65497
849.92487	874.6524
849.93634	875.38947
849.94781	874.6322
849.95929	873.73047
849.97076	874.90594
849.98224	873.82312
849.99371	874.99652
850.00519	875.38086
850.01666	876.03046
850.02814	875.8103
850.03961	874.27917
850.05109	873.87335
850.06256	875.20227
850.0741	876.19788
850.08557	874.29938
850.09705	875.58777
850.10852	876.5567
850.12	876.34033
850.13147	874.79816
850.14294	875.22046
850.15442	875.66815
850.16589	874.07813
850.17737	874.99512
850.18884	871.70911
850.20032	873.85303
850.21179	874.789
850.22327	876.60175
850.23474	876.08698
850.24622	875.08856
850.25769	876.42902
850.26917	875.21606
850.28064	874.06873
850.29211	876.41919
850.30359	874.54932
850.31506	874.76843
850.32654	875.87946
850.33801	874.44666
850.34949	874.48218
850.36096	873.03973
850.37244	872.67987
850.38391	875.4986
850.39539	876.57538
850.40686	875.2912
850.41833	875.13251
850.42981	874.74963
850.44128	873.97302
850.45276	875.42743
850.46423	872.98737
850.47571	873.83643
850.48718	875.5686
850.49866	877.04144
850.51013	876.39532
850.52161	875.68378
850.53308	874.13928
850.54456	872.98297
850.55603	875.15131
850.5675	875.99982
850.57898	875.73108
850.59045	874.56836
850.60193	874.11755
850.6134	875.85541
850.62488	874.49164
850.63635	874.62891
850.64783	873.50653
850.6593	872.95355
850.67078	874.10095
850.68225	875.40863
850.69373	875.80188
850.7052	875.40936
850.71667	876.21527
850.72815	873.39423
850.73962	877.19098
850.7511	874.4209
850.76257	873.40143
850.77405	874.56445
850.78552	876.33154
850.797	875.27032
850.80847	876.5979
850.81995	876.05121
850.83142	875.01898
850.8429	874.81671
850.85437	874.65295
850.86584	875.66541
850.87732	875.67072
850.88879	874.8075
850.90027	875.15668
850.91174	874.63556
850.92322	875.75952
850.93469	875.38513
850.94617	875.9035
850.95764	876.51263
850.96912	873.72894
850.98059	875.06293
850.99207	876.8728
851.00354	877.09131
851.01501	877.99194
851.02649	874.39423
851.03796	876.85095
851.04944	877.32336
851.06091	876.10626
851.07239	876.17181
851.08386	874.71643
851.09534	875.2027
851.10681	874.91785
851.11829	877.13342
851.12976	875.67145
851.14124	874.50446
851.15271	874.99615
851.16418	875.67584
851.17566	876.04907
851.18713	875.54028
851.19861	875.28528
851.21008	875.13177
851.22156	874.58447
851.23303	875.09399
851.24451	876.073
851.25598	875.37482
851.26746	873.66974
851.27893	875.38037
851.29041	875.07849
851.30188	875.2431
851.31335	875.85364
851.32483	875.09821
851.3363	874.60968
851.34778	875.90369
851.35925	874.86273
851.37073	876.00195
851.3822	875.67212
851.39368	875.63763
851.40515	876.01563
851.41663	875.65466
851.4281	875.9455
851.43958	874.68085
851.45105	873.94189
851.46252	875.52179
851.474	876.28882
851.48547	876.75098
851.49695	876.54333
851.50842	875.91107
851.5199	875.65924
851.53137	875.68414
851.54285	875.16779
851.55432	876.68854
851.5658	875.82709
851.57727	875.12036
851.58875	876.71179
851.60028	875.85742
851.61176	873.96014
851.62323	875.03583
851.6347	877.34088
851.64618	875.99573
851.65765	875.64508
851.66913	875.41327
851.6806	876.72925
851.69208	876.54535
851.70355	874.78131
851.71503	875.13843
851.7265	876.26971
851.73798	875.34363
851.74945	874.552
851.76093	874.86023
851.7724	876.09991
851.78387	876.45038
851.79535	876.98828
851.80682	875.99042
851.8183	874.93195
851.82977	874.50244
851.84125	876.65735
851.85272	876.13452
851.8642	876.38763
851.87567	875.58319
851.88715	874.90204
851.89862	876.47644
851.9101	875.53888
851.92157	874.57983
851.93304	876.19379
851.94452	876.67322
851.95599	874.73199
851.96747	874.74475
851.97894	874.89917
851.99042	876.03088
852.00189	877.82526
852.01337	874.76453
852.02484	876.10828
852.03632	875.31793
852.04779	875.55719
852.05927	875.97552
852.07074	876.02417
852.08221	875.80469
852.09369	875.30359
852.10516	876.01971
852.11664	876.18073
852.12811	875.43945
852.13959	875.40692
852.15106	876.54498
852.16254	876.52283
852.17401	876.60895
852.18549	875.7652
852.19696	876.27496
852.20844	877.47668
852.21991	876.0072
852.23138	876.55396
852.24286	876.0014
852.25433	876.35596
852.26581	876.4989
852.27728	873.92847
852.28876	875.22229
852.30023	874.09113
852.31171	876.05249
852.32318	875.28314
852.33466	876.05042
852.34613	875.87097
852.3576	875.92169
852.36908	875.98724
852.38055	876.91565
852.39203	876.59705
852.4035	875.51343
852.41498	876.44116
852.42645	875.85016
852.43793	876.23218
852.4494	876.43274
852.46088	876.00446
852.47235	876.5426
852.48383	875.78436
852.4953	875.51721
852.50677	876.10266
852.51825	876.20032
852.52972	874.81964
852.5412	874.61835
852.55267	876.729
852.56415	875.8548
852.57562	876.64789
852.5871	875.13751
852.59857	875.38855
852.61005	875.69586
852.62152	875.24017
852.633	876.03009
852.64447	876.54633
852.65594	873.71655
852.66742	876.44592
852.67889	876.12506
852.69037	876.46924
852.70184	876.81165
852.71332	875.76697
852.72479	876.34076
852.73627	876.1944
852.74774	876.32007
852.75922	876.37585
852.77069	875.77393
852.78217	874.78363
852.79364	875.672
852.80511	873.43024
852.81659	875.85339
852.82806	875.11737
852.83954	875.07819
852.85101	876.12549
852.86249	875.68512
852.87396	875.96454
852.88544	875.20776
852.89691	875.17181
852.90839	877.00385
852.91986	874.28113
852.93134	876.35938
852.94281	874.92706
852.95428	874.8194
852.96576	874.10852
852.97723	874.61963
852.98871	877.47992
853.00018	876.24652
853.01166	876.63623
853.02313	875.70337
853.03461	875.37494
853.04608	874.68329
853.05756	875.30383
853.06903	874.64929
853.08051	875.2171
853.09198	875.25775
853.10345	874.93542
853.11493	875.56409
853.12646	876.3241
853.13794	874.88678
853.14941	875.50702
853.16089	874.40881
853.17236	872.64844
853.18384	873.86896
853.19531	874.98492
853.20679	873.59473
853.21826	875.02875
853.22974	875.15759
853.24121	875.85815
853.25269	874.11932
853.26416	874.87567
853.27563	875.80676
853.28711	876.37872
853.29858	876.58374
853.31006	876.04401
853.32153	876.61963
853.33301	876.17145
853.34448	875.3894
853.35596	876.7793
853.36743	875.95874
853.37891	876.16687
853.39038	875.03473
853.40186	876.32794
853.41333	877.54883
853.4248	875.39069
853.43628	876.61725
853.44775	875.3631
853.45923	875.72546
853.4707	873.94055
853.48218	875.30371
853.49365	875.95642
853.50513	876.15283
853.5166	876.51306
853.52808	875.18976
853.53955	874.89331
853.55103	875.15009
853.5625	874.67822
853.57397	876.0733
853.58545	875.92059
853.59692	875.67725
853.6084	876.36304
853.61987	876.2998
853.63135	877.53265
853.64282	877.2251
853.6543	876.34009
853.66577	876.00201
853.67725	877.47052
853.68872	878.24554
853.7002	877.51544
853.71167	877.6377
853.72314	878.19116
853.73462	876.78998
853.74609	877.09222
853.75757	874.20544
853.76904	879.18115
853.78052	875.90826
853.79199	875.9184
853.80347	878.46252
853.81494	877.99969
853.82642	878.86511
853.83789	878.45831
853.84937	877.11292
853.86084	879.26532
853.87231	879.73785
853.88379	880.07397
853.89526	878.10632
853.90674	879.94818
853.91821	877.05786
853.92969	880.04016
853.94116	880.3338
853.95264	883.32721
853.96411	880.32648
853.97559	882.20984
853.98706	883.02594
853.99854	881.97247
854.01001	883.1178
854.02148	883.42487
854.03296	884.57184
854.04443	884.01581
854.05591	885.72528
854.06738	886.13232
854.07886	888.99481
854.09033	890.79114
854.10181	891.77484
854.11328	894.54565
854.12476	894.57269
854.13623	906.34387
854.14771	906.40948
854.15918	904.93304
854.17065	913.87384
854.18213	924.35065
854.1936	931.36713
854.20508	949.32623
854.21655	965.45703
854.22803	986.96442
854.2395	1008.6744
854.25098	1035.6505
854.26245	1076.1733
854.27393	1109.1829
854.2854	1138.1447
854.29688	1166.8252
854.30835	1204.8512
854.31982	1216.5808
854.3313	1225.4376
854.34277	1235.5081
854.35425	1220.0302
854.36572	1210.5836
854.3772	1193.0293
854.38867	1145.208
854.40015	1134.2407
854.41162	1092.5333
854.4231	1077.0828
854.43457	1041.6647
854.44604	1022.243
854.45752	1010.2
854.46899	987.62091
854.48047	971.11011
854.49194	957.40509
854.50342	940.57361
854.51489	928.289
854.52637	918.64697
854.53784	911.46692
854.54932	908.55402
854.56079	903.72473
854.57227	900.4903
854.58374	900.75354
854.59521	890.55768
854.60669	891.12457
854.61816	889.52374
854.62964	884.52557
854.64111	887.55865
854.65259	885.09515
854.66412	884.9173
854.6756	882.43579
854.68707	881.78491
854.69855	881.31354
854.71002	881.40405
854.7215	880.40253
854.73297	880.18384
854.74445	880.24506
854.75592	880.13513
854.7674	877.38965
854.77887	878.68219
854.79034	880.10101
854.80182	879.36316
854.81329	878.44617
854.82477	879.01758
854.83624	875.92773
854.84772	873.97009
854.85919	875.47144
854.87067	877.14587
854.88214	875.51373
854.89362	876.14398
854.90509	878.64209
854.91656	878.05481
854.92804	876.34503
854.93951	875.60553
854.95099	876.65356
854.96246	875.29468
854.97394	874.36719
854.98541	874.95831
854.99689	877.71149
855.00836	873.26746
855.01984	873.32397
855.03131	879.99445
855.04279	875.35266
855.05426	874.39886
855.06573	873.43622
855.07721	873.94122
855.08868	874.94507
855.10016	873.29419
855.11163	873.86292
855.12311	874.17096
855.13458	874.13452
855.14606	875.21991
855.15753	874.19019
855.16901	872.47986
855.18048	877.9613
855.19196	874.47211
855.20343	875.37311
855.2149	874.04608
855.22638	873.56232
855.23785	875.41846
855.24933	874.81146
855.2608	875.16864
855.27228	874.18951
855.28375	874.91486
855.29523	874.44135
855.3067	874.47003
855.31818	873.39862
855.32965	871.34088
855.34113	872.45544
855.3526	873.34869
855.36407	874.36963
855.37555	876.71765
855.38702	874.64545
855.3985	876.21405
855.40997	874.26196
855.42145	874.4696
855.43292	874.58832
855.4444	872.07867
855.45587	873.02917
855.46735	873.72406
855.47882	874.20074
855.4903	873.42365
855.50177	873.73328
855.51324	875.1908
855.52472	875.5332
855.53619	874.375
855.54767	873.55713
855.55914	875.60614
855.57062	871.8158
855.58209	876.27032
855.59357	874.65497
855.60504	875.18909
855.61652	874.64136
855.62799	872.52557
855.63947	873.33667
855.65094	876.25586
855.66241	874.42511
855.67389	872.76453
855.68536	873.75482
855.69684	874.67883
855.70831	874.57855
855.71979	870.95233
855.73126	873.11584
855.74274	874.02789
855.75421	873.92609
855.76569	875.30737
855.77716	872.44269
855.78864	872.35193
855.80011	872.02899
855.81158	872.02521
855.82306	871.36938
855.83453	873.52148
855.84601	873.51154
855.85748	872.77161
855.86896	874.4375
855.88043	873.2663
855.89191	871.03162
855.90338	872.53223
855.91486	875.28644
855.92633	873.47876
855.93781	872.97467
855.94928	874.71844
855.96075	872.2373
855.97223	873.53333
855.9837	875.28204
855.99518	873.6048
856.00665	873.00818
856.01813	874.65497
856.0296	874.00873
856.04108	874.0675
856.05255	873.64337
856.06403	873.52557
856.0755	872.41608
856.08698	871.64563
856.09845	874.26575
856.10992	873.76672
856.1214	874.50531
856.13287	872.66248
856.14435	872.3316
856.15582	872.71973
856.1673	872.59375
856.17877	873.76031
856.19031	873.53973
856.20178	873.50867
856.21326	873.44244
856.22473	874.24023
856.23621	874.19592
856.24768	874.50629
856.25916	874.46802
856.27063	874.2666
856.2821	873.33411
856.29358	873.81641
856.30505	873.2655
856.31653	869.94427
856.328	873.09998
856.33948	873.31439
856.35095	873.20886
856.36243	871.58453
856.3739	873.77173
856.38538	875.55261
856.39685	874.45038
856.40833	872.72021
856.4198	872.21997
856.43127	868.41199
856.44275	874.57703
856.45422	873.86151
856.4657	873.9754
856.47717	875.15619
856.48865	872.84717
856.50012	872.81287
856.5116	872.32379
856.52307	873.61395
856.53455	872.92621
856.54602	872.66724
856.5575	872.8974
856.56897	874.02258
856.58044	873.43555
856.59192	872.7038
856.60339	872.77692
856.61487	871.56757
856.62634	874.58325
856.63782	872.99176
856.64929	873.64783
856.66077	873.94263
856.67224	872.66833
856.68372	873.23767
856.69519	873.38116
856.70667	874.39893
856.71814	872.94818
856.72961	872.422
856.74109	872.836
856.75256	872.97131
856.76404	871.93018
856.77551	875.27637
856.78699	875.65533
856.79846	874.71637
856.80994	874.89355
856.82141	872.25262
856.83289	873.26678
856.84436	872.59381
856.85583	872.59399
856.86731	873.74902
856.87878	873.15039
856.89026	871.11304
856.90173	872.9743
856.91321	873.62421
856.92468	872.14526
856.93616	874.06635
856.94763	874.63879
856.95911	873.62665
856.97058	871.60712
856.98206	874.78644
856.99353	869.75726
857.005	872.22296
857.01648	872.1792
857.02795	874.42688
857.03943	872.91846
857.0509	872.56433
857.06238	874.22144
857.07385	873.68311
857.08533	871.11456
857.0968	872.82617
857.10828	872.93011
857.11975	873.47528
857.13123	872.78973
857.1427	874.67511
857.15417	871.31885
857.16565	872.31653
857.17712	875.28802
857.1886	875.50708
857.20007	874.45447
857.21155	872.12152
857.22302	874.14825
857.2345	872.25317
857.24597	872.9165
857.25745	874.11627
857.26892	869.44556
857.2804	874.6665
857.29187	873.3064
857.30334	874.27826
857.31482	872.7868
857.32629	872.13013
857.33777	874.08069
857.34924	873.83246
857.36072	872.05817
857.37219	872.68463
857.38367	872.513
857.39514	873.1051
857.40662	872.92566
857.41809	872.85547
857.42957	871.45239
857.44104	874.38086
857.45251	872.27545
857.46399	870.23047
857.47546	873.17346
857.48694	873.45923
857.49841	872.40259
857.50989	872.43793
857.52136	871.62415
857.53284	872.25397
857.54431	872.19373
857.55579	873.60516
857.56726	873.09961
857.57874	873.39185
857.59021	872.5473
857.60168	869.09631
857.61316	870.73279
857.62463	871.2334
857.63611	869.91125
857.64758	869.93317
857.65906	870.3952
857.67053	871.27673
857.68201	873.59375
857.69348	873.22906
857.70496	870.31006
857.71649	870.48853
857.72797	869.8642
857.73944	872.88995
857.75092	872.46613
857.76239	870.97729
857.77386	873.48218
857.78534	873.89111
857.79681	873.33038
857.80829	873.54871
857.81976	870.97736
857.83124	871.26422
857.84271	873.56818
857.85419	875.60181
857.86566	875.42078
857.87714	872.97223
857.88861	870.29858
857.90009	873.85889
857.91156	871.36829
857.92303	873.03558
857.93451	872.5697
857.94598	869.74158
857.95746	869.4693
857.96893	870.51306
857.98041	870.75934
857.99188	871.40692
858.00336	871.50421
858.01483	874.92944
858.02631	871.98944
858.03778	874.38831
858.04926	873.604
858.06073	873.99799
858.0722	873.02368
858.08368	872.48871
858.09515	872.21509
858.10663	871.51532
858.1181	874.9848
858.12958	872.73865
858.14105	873.50031
858.15253	873.85553
858.164	874.81036
858.17548	872.11652
858.18695	871.97052
858.19843	869.14301
858.2099	873.19342
858.22137	874.97791
858.23285	875.21796
858.24432	873.0188
858.2558	872.70099
858.26727	872.85541
858.27875	871.35254
858.29022	871.77966
858.3017	871.89282
858.31317	875.02417
858.32465	874.646
858.33612	873.62714
858.3476	873.50928
858.35907	873.6413
858.37054	874.7724
858.38202	873.65491
858.39349	871.09705
858.40497	871.08972
858.41644	871.5376
858.42792	868.25214
858.43939	872.80579
858.45087	874.9707
858.46234	874.01508
858.47382	871.35095
858.48529	872.53918
858.49677	873.06989
858.50824	873.4447
858.51971	873.23804
858.53119	871.64459
858.54266	872.44012
858.55414	872.21442
858.56561	872.0376
858.57709	874.8609
858.58856	873.75354
858.60004	872.85974
858.61151	874.59637
858.62299	872.62689
858.63446	873.09741
858.64594	872.26447
858.65741	873.90057
858.66888	873.99634
858.68036	874.92242
858.69183	873.39941
858.70331	873.49451
858.71478	870.86041
858.72626	876.24579
858.73773	870.23517
858.74921	871.90302
858.76068	871.8147
858.77216	871.86768
858.78363	872.68323
858.7951	872.664
858.80658	872.88214
858.81805	872.62054
858.82953	872.96368
858.841	874.32428
858.85248	873.19476
858.86395	868.32343
858.87543	872.19055
858.8869	873.02228
858.89838	872.60992
858.90985	871.07159
858.92133	869.25299
858.9328	872.08868
858.94427	873.40259
858.95575	873.94598
858.96722	874.0036
858.9787	871.87634
858.99017	870.00946
859.00165	871.53412
859.01312	870.88568
859.0246	874.41333
859.03607	874.16473
859.04755	872.46771
859.05902	872.1261
859.0705	872.30023
859.08197	873.28131
859.09344	873.53265
859.10492	871.92938
859.11639	870.88483
859.12787	871.80316
859.13934	873.16687
859.15082	871.9668
859.16229	873.09711
859.17377	874.3866
859.18524	873.85547
859.19672	870.54358
859.20819	871.53247
859.21967	873.7522
859.23114	870.16656
859.24268	874.43384
859.25415	870.80029
859.26563	872.96576
859.2771	872.35425
859.28857	871.06445
859.30005	871.50958
859.31152	868.74921
859.323	872.56769
859.33447	874.18707
859.34595	872.34448
859.35742	870.02496
859.3689	872.3952
859.38037	872.46436
859.39185	871.85547
859.40332	871.85547
859.41479	873.06207
859.42627	874.01495
859.43774	874.56171
859.44922	872.08118
859.46069	872.15643
859.47217	874.26642
859.48364	871.7345
859.49512	876.76294
859.50659	871.45624
859.51807	875.28461
859.52954	870.88208
859.54102	872.01544
859.55249	874.82507
859.56396	874.82288
859.57544	872.05438
859.58691	871.0376
859.59839	869.1889
859.60986	874.6684
859.62134	872.45502
859.63281	869.93774
859.64429	872.68073
859.65576	872.63947
859.66724	873.60022
859.67871	871.04706
859.69019	871.08838
859.70166	872.43945
859.71313	873.93719
859.72461	873.2204
859.73608	872.86206
859.74756	873.97229
859.75903	872.83405
859.77051	872.58643
859.78198	872.56781
859.79346	872
859.80493	873.30603
859.81641	872.24377
859.82788	873.45905
859.83936	872.0777
859.85083	873.62109
859.8623	874.53326
859.87378	874.90747
859.88525	873.04565
859.89673	869.69611
859.9082	872.67914
859.91968	873.31409
859.93115	873.00629
859.94263	873.39307
859.9541	871.99121
859.96558	872.78583
859.97705	871.91559
859.98853	872.03015
860	872.13434
