806.6142	884.12598
806.61829	886.12598
806.62231	881.12598
806.6264	879.12598
806.63049	889.12598
806.63458	884
806.63867	885
806.64276	881.12598
806.64685	884.12598
806.65094	881
806.65503	889
806.65906	885.12598
806.66315	879.12598
806.66724	885.12598
806.67133	890.12598
806.67542	882
806.6795	887
806.68359	885
806.68768	883.12598
806.69171	879
806.6958	881
806.69989	884
806.70398	882.12598
806.70807	881
806.71216	878.12598
806.71625	879
806.72028	879
806.72437	882.12598
806.72845	878.12598
806.73254	884
806.73663	885.12598
806.74072	879.12598
806.74481	880
806.74884	883
806.75293	881
806.75702	879
806.76111	882.12598
806.7652	881.12598
806.76929	882.12598
806.77332	879.12598
806.7774	881.12598
806.78149	873.12598
806.78558	880.12598
806.78967	884.12598
806.79376	883
806.79779	885.12598
806.80188	882.12598
806.80597	882
806.81006	879.12598
806.81415	880.12598
806.81824	877.12598
806.82227	884.12598
806.82635	883
806.83044	882
806.83453	880.12598
806.83862	877.12598
806.84265	877
806.84674	883.12598
806.85083	880
806.85492	881
806.85901	881
806.8631	873
806.86713	879.12598
806.87122	879
806.87531	879
806.87939	884
806.88348	881
806.88751	880
806.8916	876.12598
806.89569	877.12598
806.89978	882.12598
806.90387	880
806.9079	887
806.91199	883
806.91608	882
806.92017	879.12598
806.92426	879.12598
806.92828	879
806.93237	875.12598
806.93646	881.12598
806.94055	884.12598
806.94458	876.12598
806.94867	879.12598
806.95276	877.12598
806.95685	878
806.96094	878
806.96497	880
806.96906	882
806.97314	882.12598
806.97723	883.12598
806.98126	872.12598
806.98535	880
806.98944	879.12598
806.99353	880
806.99756	879
807.00165	875.12598
807.00574	882.12598
807.00983	874.12598
807.01392	881
807.01794	882
807.02203	879
807.02612	877
807.03021	881.12598
807.03424	879.12598
807.03833	879.12598
807.04242	880
807.04651	880.12598
807.05054	880
807.05463	876
807.05872	881.12598
807.06274	880.12598
807.06683	878.12598
807.07092	882.12598
807.07501	882
807.07904	873.12598
807.08313	876.12598
807.08722	878.12598
807.09131	878
807.09534	883.12598
807.09943	878.12598
807.10352	881.12598
807.1076	880
807.11163	879.12598
807.11572	879
807.11981	876.12598
807.12384	877.12598
807.12793	884
807.13202	875.12598
807.13611	881.12598
807.14014	883
807.14423	883
807.14832	882
807.15234	881.12598
807.15643	881.12598
807.16052	881
807.16461	880.12598
807.16864	884.12598
807.17273	879.12598
807.17682	883
807.18085	882.12598
807.18494	883.12598
807.18903	885.12598
807.19305	879.12598
807.19714	886.12598
807.20123	876.12598
807.20532	891
807.20935	883.12598
807.21344	893
807.21753	896.12598
807.22156	897.12598
807.22565	908
807.22974	916
807.23376	924
807.23785	934
807.24194	969.12598
807.24597	1035
807.25006	1202
807.25415	1786
807.25818	3468
807.26227	5288
807.26636	4743.126
807.27039	2969.126
807.27448	1540.126
807.27856	1059.126
807.28259	954.12598
807.28668	920.12598
807.29077	900
807.2948	899
807.29889	891
807.30298	899
807.30701	896.12598
807.3111	894
807.31519	883.12598
807.31921	892.12598
807.3233	889.12598
807.32739	887.12598
807.33142	885
807.33551	887
807.3396	885.12598
807.34363	884
807.34772	888.12598
807.35181	885.12598
807.35583	880
807.35992	882
807.36395	881
807.36804	878.12598
807.37213	880.12598
807.37616	886.12598
807.38025	879.12598
807.38434	880.12598
807.38837	886
807.39246	878.12598
807.39648	880.12598
807.40057	890
807.40466	879.12598
807.40869	877.12598
807.41278	881
807.41687	885
807.4209	877.12598
807.42499	880.12598
807.42902	878.12598
807.43311	883
807.43719	885.12598
807.44122	877.12598
807.44531	881.12598
807.44934	880.12598
807.45343	883
807.45752	881
807.46155	888
807.46564	884.12598
807.46967	889
807.47375	885.12598
807.47784	883.12598
807.48187	883.12598
807.48596	884.12598
807.48999	887.12598
807.49408	883.12598
807.49817	888.12598
807.5022	883.12598
807.50629	882.12598
807.51031	887.12598
807.5144	886.12598
807.51849	887
807.52252	886
807.52661	881.12598
807.53064	882.12598
807.53473	879.12598
807.53876	877
807.54285	883.12598
807.54694	882
807.55096	881
807.55505	882.12598
807.55908	884
807.56317	878.12598
807.5672	879.12598
807.57129	877
807.57538	880
807.57941	874.12598
807.5835	879.12598
807.58752	883.12598
807.59161	879.12598
807.59564	882
807.59973	877
807.60382	879
807.60785	879.12598
807.61194	880.12598
807.61597	880
807.62006	878.12598
807.62408	879
807.62817	881.12598
807.6322	877
807.63629	882
807.64032	881
807.64441	881
807.6485	881
807.65253	877.12598
807.65662	876
807.66064	878
807.66473	878
807.66876	884
807.67285	876
807.67688	881.12598
807.68097	884
807.685	881
807.68909	881.12598
807.69312	878.12598
807.6972	886.12598
807.70123	879
807.70532	879
807.70935	882.12598
807.71344	881.12598
807.71747	883.12598
807.72156	880.12598
807.72565	879.12598
807.72968	882
807.73376	882
807.73779	880.12598
807.74188	881.12598
807.74591	879
807.75	877.12598
807.75403	881
807.75812	881.12598
807.76215	883
807.76624	883.12598
807.77026	879
807.77435	884
807.77838	881
807.78247	886.12598
807.7865	877
807.79059	885.12598
807.79462	882
807.79871	882.12598
807.80273	879.12598
807.80676	883
807.81085	883.12598
807.81488	882.12598
807.81897	882
807.823	878.12598
807.82709	886.12598
807.83112	880.12598
807.83521	880.12598
807.83923	876
807.84332	882
807.84735	878
807.85144	879
807.85547	880.12598
807.85956	883
807.86359	879
807.86768	876.12598
807.8717	875.12598
807.87579	881
807.87982	881.12598
807.88385	875
807.88794	882.12598
807.89197	885.12598
807.89606	876.12598
807.90009	878.12598
807.90417	877
807.9082	875.12598
807.91229	877
807.91632	879.12598
807.92035	877.12598
807.92444	882
807.92847	877.12598
807.93256	876.12598
807.93658	874.12598
807.94067	883.12598
807.9447	880.12598
807.94879	879.12598
807.95282	875
807.95685	874
807.96094	877
807.96497	872.12598
807.96906	874
807.97308	879
807.97717	881.12598
807.9812	882.12598
807.98523	876.12598
807.98932	877.12598
807.99335	878
807.99744	881
808.00146	883.12598
808.00549	884.12598
808.00958	880.12598
808.01361	879
808.0177	882.12598
808.02173	882
808.02582	878
808.02985	880.12598
808.03387	884.12598
808.03796	881
808.04199	883
808.04608	880
808.05011	878.12598
808.05414	882
808.05823	881
808.06226	883
808.06635	878
808.07037	884
808.0744	880.12598
808.07849	880
808.08252	879
808.08661	878
808.09064	882.12598
808.09467	882.12598
808.09875	883.12598
808.10278	882.12598
808.10681	876.12598
808.1109	878.12598
808.11493	880.12598
808.11902	876.12598
808.12305	880.12598
808.12708	882.12598
808.13116	880.12598
808.13519	879
808.13922	878
808.14331	875
808.14734	883.12598
808.15143	879
808.15546	882
808.15948	885.12598
808.16357	878.12598
808.1676	876.12598
808.17163	878
808.17572	883
808.17975	880
808.18378	876
808.18787	880
808.19189	878.12598
808.19592	883
808.20001	872.12598
808.20404	880
808.20807	877.12598
808.21216	882.12598
808.21619	881
808.22028	881
808.2243	882
808.22833	878
808.23242	880.12598
808.23645	879.12598
808.24048	877.12598
808.24457	880
808.2486	880
808.25262	882.12598
808.25671	885.12598
808.26074	883
808.26477	880
808.26886	878.12598
808.27289	884
808.27692	881.12598
808.28094	883
808.28503	879.12598
808.28906	877.12598
808.29309	882.12598
808.29718	878.12598
808.30121	879
808.30524	880.12598
808.30933	877
808.31335	883.12598
808.31738	885
808.32147	880.12598
808.3255	877.12598
808.32953	883
808.33362	879.12598
808.33765	879.12598
808.34167	873
808.3457	880.12598
808.34979	882
808.35382	880.12598
808.35785	879
808.36194	883
808.36597	887.12598
808.37	882.12598
808.37402	880.12598
808.37811	878.12598
808.38214	879
808.38617	880.12598
808.39026	884.12598
808.39429	879
808.39832	879
808.40234	877.12598
808.40643	884.12598
808.41046	882
808.41449	884
808.41858	880.12598
808.42261	881.12598
808.42664	881.12598
808.43066	874.12598
808.43475	874.12598
808.43878	876.12598
808.44281	881.12598
808.44684	875
808.45093	874.12598
808.45496	878.12598
808.45898	884.12598
808.46301	879
808.4671	877.12598
808.47113	884.12598
808.47516	886
808.47919	880
808.48328	882
808.4873	877
808.49133	880.12598
808.49536	888
808.49945	881
808.50348	878.12598
808.50751	879
808.51154	878
808.51563	884
808.51965	877.12598
808.52368	883.12598
808.52771	880
808.5318	881
808.53583	880.12598
808.53986	881.12598
808.54388	880.12598
808.54791	874.12598
808.552	882.12598
808.55603	880.12598
808.56006	878.12598
808.56409	878
808.56818	881
808.5722	877.12598
808.57623	878.12598
808.58026	885
808.58429	881
808.58838	878.12598
808.59241	883
808.59644	874.12598
808.60046	887
808.60455	886
808.60858	880
808.61261	888
808.61664	881.12598
808.62067	881.12598
808.62476	888
808.62878	886.12598
808.63281	884.12598
808.63684	888
808.64087	889
808.64496	898
808.64899	894.12598
808.65302	895
808.65704	906.12598
808.66107	917
808.6651	939
808.66919	931
808.67322	977
808.67725	1020.126
808.68127	1200
808.6853	1870
808.68939	3528
808.69342	6216
808.69745	7949
808.70148	7911.126
808.70551	5733.126
808.70953	3420.126
808.71362	1796.126
808.71765	1185.126
808.72168	971.12598
808.72571	939.12598
808.72974	913.12598
808.73376	900.12598
808.73785	902
808.74188	914
808.74591	921.12598
808.74994	934
808.75397	927
808.758	940
808.76202	938.12598
808.76611	926.12598
808.77014	921.12598
808.77417	920
808.7782	910
808.78223	902
808.78625	895
808.79034	890
808.79437	888.12598
808.7984	884
808.80243	876
808.80646	885
808.81049	882
808.81451	888
808.81854	886.12598
808.82263	886.12598
808.82666	888.12598
808.83069	901
808.83472	917.12598
808.83875	929.12598
808.84277	957.12598
808.8468	991.12598
808.85083	1000
808.85492	985.12598
808.85895	979
808.86298	961.12598
808.867	930
808.87103	916
808.87506	908
808.87909	900
808.88312	890.12598
808.88721	891
808.89124	885.12598
808.89526	887
808.89929	886
808.90332	885
808.90735	885
808.91138	882
808.91541	882
808.91943	881.12598
808.92346	880
808.92755	886
808.93158	883
808.93561	889
808.93964	880.12598
808.94366	883.12598
808.94769	884.12598
808.95172	882.12598
808.95575	881.12598
808.95978	878.12598
808.96381	882.12598
808.96783	882.12598
808.97186	883
808.97595	875.12598
808.97998	885.12598
808.98401	878
808.98804	882
808.99207	880.12598
808.99609	879
809.00012	880
809.00415	881.12598
809.00818	882
809.01221	881
809.01624	877
809.02026	881
809.02429	886
809.02832	882.12598
809.03235	883
809.03644	886.12598
809.04047	878
809.04449	879.12598
809.04852	881
809.05255	882.12598
809.05658	876.12598
809.06061	884.12598
809.06464	883
809.06866	883
809.07269	877
809.07672	885
809.08075	879
809.08478	881
809.08881	879
809.09283	881.12598
809.09686	878.12598
809.10089	878
809.10492	880
809.10895	883
809.11298	874
809.117	881
809.12103	884
809.12506	880
809.12909	880.12598
809.13312	880
809.13715	877
809.14124	879
809.14526	877
809.14929	882.12598
809.15332	876
809.15735	881.12598
809.16138	877.12598
809.16541	879
809.16943	881.12598
809.17346	880
809.17749	878.12598
809.18152	880
809.18555	880
809.18958	879.12598
809.1936	883.12598
809.19763	876.12598
809.20166	880.12598
809.20569	873.12598
809.20972	878
809.21375	880
809.21777	879.12598
809.2218	882
809.22583	877
809.22986	877
809.23389	876
809.23792	881
809.24194	880
809.24597	879
809.25	881
809.25397	872
809.258	879
809.26202	878.12598
809.26605	879.12598
809.27008	883
809.27411	877.12598
809.27814	877.12598
809.28217	875
809.28619	881.12598
809.29022	877
809.29425	873
809.29828	875
809.30231	877
809.30634	881
809.31036	881
809.31439	877
809.31842	884
809.32245	882.12598
809.32648	880.12598
809.33051	882
809.33453	872
809.33856	879
809.34259	877
809.34662	877.12598
809.35065	877.12598
809.35468	883
809.35864	880.12598
809.36267	878
809.3667	880.12598
809.37073	876.12598
809.37476	878
809.37878	877.12598
809.38281	881.12598
809.38684	879
809.39087	878
809.3949	880
809.39893	883.12598
809.40295	878
809.40698	878
809.41101	876
809.41504	884
809.41901	874
809.42303	878.12598
809.42706	877
809.43109	882
809.43512	876.12598
809.43915	876
809.44318	880.12598
809.4472	877
809.45123	876
809.45526	879.12598
809.45929	879.12598
809.46326	878
809.46729	878
809.47131	880
809.47534	879
809.47937	879.12598
809.4834	880
809.48743	880
809.49146	881.12598
809.49548	881
809.49951	878
809.50348	877
809.50751	880
809.51154	877
809.51556	881
809.51959	875
809.52362	879
809.52765	876
809.53168	881
809.53571	876
809.53967	881
809.5437	874
809.54773	874.12598
809.55176	877.12598
809.55579	874.12598
809.55981	878
809.56384	879.12598
809.56787	877.12598
809.57184	881.12598
809.57587	879
809.5799	873
809.58392	880
809.58795	876
809.59198	882
809.59601	881
809.59998	879.12598
809.604	878
809.60803	876
809.61206	880.12598
809.61609	878
809.62012	875
809.62415	880
809.62811	882
809.63214	880
809.63617	879.12598
809.6402	880
809.64423	878.12598
809.64825	875
809.65222	879.12598
809.65625	881.12598
809.66028	884
809.66431	882.12598
809.66833	876
809.67236	880
809.67633	879
809.68036	877
809.68439	882
809.68842	881.12598
809.69244	884.12598
809.69647	876.12598
809.70044	880.12598
809.70447	877
809.7085	885.12598
809.71252	878
809.71655	884
809.72058	879
809.72455	876
809.72858	880
809.7326	875.12598
809.73663	879
809.74066	880.12598
809.74463	876
809.74866	877
809.75269	883.12598
809.75671	883
809.76074	877
809.76471	876
809.76874	878.12598
809.77277	881
809.77679	877
809.78082	879
809.78479	880
809.78882	877
809.79285	875
809.79688	882
809.8009	880
809.80487	878
809.8089	882
809.81293	880.12598
809.81696	881
809.82092	879
809.82495	877
809.82898	879
809.83301	875
809.83704	877
809.841	878
809.84503	881
809.84906	875
809.85309	873.12598
809.85706	878.12598
809.86108	878
809.86511	875
809.86914	880
809.87311	882.12598
809.87714	878
809.88116	877.12598
809.88519	879
809.88916	876
809.89319	878
809.89722	878.12598
809.90125	875
809.90521	875
809.90924	879.12598
809.91327	878
809.9173	878.12598
809.92126	877
809.92529	876
809.92932	876
809.93335	881.12598
809.93732	880
809.94135	878.12598
809.94537	876.12598
809.9494	879.12598
809.95337	877.12598
809.9574	886.12598
809.96143	878.12598
809.96545	877
809.96942	874
809.97345	872.12598
809.97748	876
809.98145	879
809.98547	878
809.9895	879.12598
809.99353	877.12598
809.9975	879.12598
810.00153	878
810.00555	877.12598
810.00952	877
810.01355	880.12598
810.01758	877.12598
810.02161	879.12598
810.02557	879
810.0296	880
810.03363	877.12598
810.0376	877.12598
810.04163	877.12598
810.04565	880
810.04968	873
810.05365	880
810.05768	875
810.06171	876
810.06567	877.12598
810.0697	878.12598
810.07373	876
810.0777	880.12598
810.08173	883
810.08575	879.12598
810.08972	880
810.09375	878
810.09778	879.12598
810.10175	882
810.10577	881
810.1098	876
810.11383	881
810.1178	882
810.12183	881
810.12585	877
810.12982	881
810.13385	879
810.13788	878
810.14185	882
810.14587	878
810.1499	878
810.15387	872
810.1579	881.12598
810.16193	881
810.16589	875
810.16992	880
810.17389	876.12598
810.17792	876
810.18195	876
810.18591	878
810.18994	878
810.19397	883.12598
810.19794	884.12598
810.20197	875.12598
810.20599	876.12598
810.20996	876.12598
810.21399	876
810.21802	877.12598
810.22198	880.12598
810.22601	878.12598
810.23004	879
810.23401	876.12598
810.23804	881.12598
810.242	882.12598
810.24603	879
810.25006	878
810.25403	878.12598
810.25806	879
810.26208	875
810.26605	880.12598
