807.93152	863
807.93561	865
807.93964	868
807.94373	875
807.94781	879
807.9519	877
807.95599	871
807.96002	877
807.96411	882
807.9682	878
807.97229	878
807.97638	881
807.98041	876
807.9845	884
807.98859	884
807.99268	878
807.99677	884
808.00079	880
808.00488	878
808.00897	877
808.01306	889
808.01709	877
808.02118	881
808.02527	881
808.02936	879
808.03345	879
808.03748	883
808.04156	881
808.04565	883
808.04974	881
808.05377	880
808.05786	885
808.06195	882
808.06604	885
808.07007	882
808.07416	879
808.07825	877
808.08234	879
808.08636	882
808.09045	882
808.09454	877
808.09863	883
808.10266	879
808.10675	889
808.11084	881
808.11493	881
808.11896	883
808.12305	881
808.12714	888
808.13123	884
808.13525	883
808.13934	880
808.14343	880
808.14752	883
808.15155	881
808.15564	880
808.15973	880
808.16382	882
808.16785	885
808.17194	882
808.17603	883
808.18005	883
808.18414	899
808.18823	891
808.19232	899
808.19635	926
808.20044	959
808.20453	1069
808.20856	1235
808.21265	1526
808.21674	1885
808.22083	2202
808.22485	2454
808.22894	2538
808.23303	2618
808.23706	2559
808.24115	2613
808.24524	2647
808.24933	2593
808.25336	2529
808.25745	2578
808.26154	2552
808.26556	2604
808.26965	2616
808.27374	2590
808.27777	2654
808.28186	2655
808.28595	2622
808.28998	2626
808.29407	2640
808.29816	2643
808.30219	2596
808.30627	2682
808.31036	2662
808.31445	2663
808.31848	2633
808.32257	2742
808.32666	2698
808.33069	2677
808.33478	2646
808.33887	2623
808.3429	2639
808.34698	2652
808.35107	2584
808.3551	2601
808.35919	2675
808.36328	2657
808.36731	2710
808.3714	2699
808.37549	2708
808.37952	2718
808.38361	2649
808.38763	2669
808.39172	2675
808.39581	2736
808.39984	2690
808.40393	2646
808.40802	2732
808.41205	2669
808.41614	2743
808.42023	2730
808.42426	2650
808.42834	2683
808.43243	2651
808.43646	2646
808.44055	2716
808.44458	2672
808.44867	2734
808.45276	2703
808.45679	2691
808.46088	2641
808.46497	2723
808.46899	2645
808.47308	2686
808.47711	2672
808.4812	2812
808.48529	2700
808.48932	2782
808.49341	2668
808.4975	2706
808.50153	2795
808.50562	2708
808.50964	2761
808.51373	2779
808.51782	2818
808.52185	2739
808.52594	2742
808.52997	2837
808.53406	2775
808.53815	2761
808.54218	2760
808.54626	2716
808.55029	2695
808.55438	2692
808.55847	2683
808.5625	2702
808.56659	2765
808.57062	2713
808.57471	2745
808.5788	2717
808.58282	2701
808.58691	2687
808.59094	2717
808.59503	2676
808.59906	2730
808.60315	2624
808.60724	2711
808.61127	2664
808.61536	2716
808.61938	2712
808.62347	2701
808.6275	2802
808.63159	2679
808.63568	2715
808.63971	2647
808.6438	2640
808.64783	2628
808.65192	2666
808.65594	2688
808.66003	2660
808.66412	2686
808.66815	2592
808.67224	2569
808.67627	2638
808.68036	2643
808.68439	2631
808.68848	2570
808.6925	2650
808.69659	2641
808.70068	2619
808.70471	2681
808.7088	2599
808.71283	2670
808.71692	2596
808.72095	2672
808.72504	2605
808.72906	2643
808.73315	2633
808.73718	2639
808.74127	2646
808.7453	2723
808.74939	2632
808.75342	2637
808.75751	2645
808.7616	2660
808.76563	2624
808.76971	2567
808.77374	2627
808.77783	2572
808.78186	2608
808.78595	2557
808.78998	2603
808.79407	2614
808.7981	2666
808.80219	2612
808.80621	2561
808.8103	2490
808.81433	2514
808.81842	2567
808.82245	2531
808.82654	2564
808.83057	2542
808.83466	2513
808.83868	2548
808.84277	2497
808.8468	2482
808.85089	2489
808.85492	2472
808.85901	2496
808.86304	2486
808.86713	2448
808.87115	2518
808.87524	2494
808.87927	2416
808.88336	2492
808.88739	2440
808.89148	2489
808.89551	2486
808.8996	2449
808.90363	2470
808.90765	2384
808.91174	2446
808.91577	2379
808.91986	2387
808.92389	2485
808.92798	2412
808.93201	2473
808.9361	2469
808.94012	2468
808.94421	2451
808.94824	2515
808.95233	2501
808.95636	2520
808.96039	2547
808.96448	2436
808.96851	2510
808.9726	2482
808.97662	2484
808.98071	2518
808.98474	2512
808.98883	2445
808.99286	2468
808.99695	2507
809.00098	2420
809.005	2457
809.00909	2562
809.01312	2484
809.01721	2466
809.02124	2500
809.02533	2474
809.02936	2487
809.03339	2467
809.03748	2461
809.0415	2549
809.04559	2520
809.04962	2580
809.05371	2455
809.05774	2503
809.06177	2418
809.06586	2482
809.06989	2412
809.07397	2500
809.078	2475
809.08203	2439
809.08612	2440
809.09015	2469
809.09424	2502
809.09827	2415
809.10236	2456
809.10638	2454
809.11041	2470
809.1145	2385
809.11853	2392
809.12262	2469
809.12665	2374
809.13068	2394
809.13477	2415
809.13879	2426
809.14288	2414
809.14691	2361
809.15094	2453
809.15503	2339
809.15906	2356
809.16309	2377
809.16718	2405
809.1712	2371
809.17529	2423
809.17932	2424
809.18335	2324
809.18744	2382
809.19147	2362
809.1955	2404
809.19958	2359
809.20361	2330
809.2077	2283
809.21173	2311
809.21576	2265
809.21985	2275
809.22388	2329
809.22791	2331
809.23199	2329
809.23602	2328
809.24011	2373
809.24414	2350
809.24817	2308
809.25226	2333
809.25629	2276
809.26031	2316
809.2644	2271
809.26843	2314
809.27246	2364
809.27655	2268
809.28058	2261
809.28461	2321
809.2887	2292
809.29272	2305
809.29675	2253
809.30084	2253
809.30487	2222
809.3089	2245
809.31299	2229
809.31702	2203
809.32104	2142
809.32513	2154
809.32916	2157
809.33319	2139
809.33728	2200
809.34131	2213
809.34534	2206
809.34943	2156
809.35345	2200
809.35748	2193
809.36157	2150
809.3656	2162
809.36963	2146
809.37372	2099
809.37775	2066
809.38177	2123
809.3858	2116
809.38989	2107
809.39392	2096
809.39795	2099
809.40204	2113
809.40607	2069
809.4101	2105
809.41418	2169
809.41821	2063
809.42224	2111
809.42627	2104
809.43036	2084
809.43439	2145
809.43842	2091
809.4425	2100
809.44653	2145
809.45056	2089
809.45465	2151
809.45868	2182
809.46271	2124
809.46674	2151
809.47083	2135
809.47485	2201
809.47888	2161
809.48291	2224
809.487	2201
809.49103	2221
809.49506	2238
809.49915	2236
809.50317	2308
809.5072	2251
809.51123	2276
809.51532	2290
809.51935	2330
809.52338	2361
809.5274	2417
809.53149	2314
809.53552	2325
809.53955	2442
809.54358	2419
809.54767	2404
809.5517	2470
809.55573	2480
809.55975	2506
809.56384	2559
809.56787	2616
809.5719	2590
809.57593	2608
809.58002	2630
809.58405	2689
809.58807	2671
809.5921	2754
809.59619	2858
809.60022	2822
809.60425	2783
809.60828	2978
809.61237	3014
809.61639	2909
809.62042	3044
809.62445	3083
809.62848	3024
809.63257	3162
809.6366	3224
809.64063	3213
809.64465	3281
809.64874	3340
809.65277	3381
809.6568	3471
809.66083	3451
809.66486	3481
809.66895	3572
809.67297	3704
809.677	3755
809.68103	3792
809.68506	3744
809.68915	3965
809.69318	3847
809.6972	4001
809.70123	4152
809.70526	4240
809.70935	4350
809.71338	4420
809.71741	4528
809.72144	4582
809.72546	4651
809.72955	4770
809.73358	4935
809.73761	4963
809.74164	5120
809.74567	5273
809.74969	5238
809.75378	5394
809.75781	5393
809.76184	5601
809.76587	5659
809.7699	5689
809.77399	5833
809.77802	5801
809.78204	5815
809.78607	5915
809.7901	5913
809.79413	5960
809.79822	6041
809.80225	6062
809.80627	6011
809.8103	6078
809.81433	5994
809.81836	6076
809.82245	5941
809.82648	5984
809.83051	5935
809.83453	5865
809.83856	5752
809.84259	5727
809.84662	5647
809.85071	5637
809.85474	5520
809.85876	5407
809.86279	5297
809.86682	5222
809.87085	5203
809.87488	5187
809.87897	5040
809.883	4948
809.88702	4897
809.89105	4769
809.89508	4687
809.89911	4588
809.90314	4514
809.90717	4437
809.91125	4346
809.91528	4301
809.91931	4382
809.92334	4323
809.92737	4318
809.9314	4269
809.93542	4291
809.93945	4207
809.94354	4289
809.94757	4301
809.9516	4332
809.95563	4395
809.95966	4397
809.96368	4382
809.96771	4510
809.97174	4540
809.97577	4503
809.97986	4623
809.98389	4619
809.98792	4755
809.99194	4713
809.99597	4852
810	4873
810.00403	4924
810.00806	4916
810.01208	4953
810.01611	4978
810.02014	4974
810.02423	4968
810.02826	5077
810.03229	4976
810.03632	4932
810.04034	4793
810.04437	4825
810.0484	4846
810.05243	4723
810.05646	4639
810.06049	4635
810.06451	4518
810.06854	4329
810.07257	4294
810.07666	4260
810.08069	4068
810.08472	4052
810.08875	3957
810.09277	3843
810.0968	3739
810.10083	3753
810.10486	3557
810.10889	3537
810.11292	3514
810.11694	3429
810.12097	3334
810.125	3193
810.12903	3278
810.13306	3175
810.13708	3120
810.14111	3009
810.14514	3090
810.14923	3048
810.15326	2958
810.15729	2950
810.16132	2941
810.16534	2745
810.16937	2744
810.1734	2714
810.17743	2654
810.18146	2703
810.18549	2582
810.18951	2633
810.19354	2585
810.19757	2601
810.2016	2530
810.20563	2484
810.20966	2446
810.21368	2444
810.21771	2459
810.22174	2377
810.22577	2335
810.2298	2343
810.23383	2347
810.23785	2246
810.24188	2262
810.24591	2259
810.24994	2273
810.25397	2240
810.258	2258
810.26202	2203
810.26605	2141
810.27008	2148
810.27411	2126
810.27814	2114
810.28217	2134
810.28619	2161
810.29022	2033
810.29425	2073
810.29828	2034
810.30231	2067
810.30634	2059
810.31036	2057
810.31439	2075
810.31842	2030
810.32245	2132
810.32648	2121
810.33051	2047
810.33453	2061
810.33856	2095
810.34259	2111
810.34662	2103
810.35065	2091
810.35468	2138
810.3587	2198
810.36273	2206
810.36676	2205
810.37079	2194
810.37482	2196
810.37885	2210
810.38287	2252
810.3869	2285
810.39087	2264
810.3949	2331
810.39893	2421
810.40295	2366
810.40698	2417
810.41101	2445
810.41504	2444
810.41907	2459
810.4231	2492
810.42712	2421
810.43115	2519
810.43518	2591
810.43921	2565
810.44324	2583
810.44727	2612
810.45129	2591
810.45532	2742
810.45935	2658
810.46332	2719
810.46735	2690
810.47137	2824
810.4754	2801
810.47943	2869
810.48346	2881
810.48749	2909
810.49152	2938
810.49554	3045
810.49957	3036
810.5036	3078
810.50763	3078
810.51166	3232
810.51563	3266
810.51965	3422
810.52368	3476
810.52771	3473
810.53174	3577
810.53577	3689
810.53979	3789
810.54382	3916
810.54785	4075
810.55188	4191
810.55591	4333
810.55988	4536
810.5639	4679
810.56793	4830
810.57196	5090
810.57599	5406
810.58002	5557
810.58405	5866
810.58807	6303
810.5921	6502
810.59607	6870
810.6001	7282
810.60413	7788
810.60815	8302
810.61218	8603
810.61621	8914
810.62024	9497
810.62427	9982
810.62823	10304
810.63226	10648
810.63629	11166
810.64032	11378
810.64435	11459
810.64838	11720
810.6524	11990
810.65643	11885
810.6604	11993
810.66443	11681
810.66846	11550
810.67249	11438
810.67651	11161
810.68054	10863
810.68457	10543
810.68854	10343
810.69257	10093
810.69659	9592
810.70062	9326
810.70465	9167
810.70868	8876
810.71265	8660
810.71667	8663
810.7207	8587
810.72473	8400
810.72876	8430
810.73279	8356
810.73682	8437
810.74078	8423
810.74481	8694
810.74884	8903
810.75287	9104
810.7569	9376
810.76093	9577
810.76489	9993
810.76892	10174
810.77295	10645
810.77698	10988
810.78101	11284
810.78497	11804
810.789	11946
810.79303	12277
810.79706	12272
810.80109	12596
810.80511	12450
810.80908	12536
810.81311	12188
810.81714	12194
810.82117	11942
810.8252	11613
810.82916	11186
810.83319	10741
810.83722	10231
810.84125	9709
810.84528	9315
810.84924	8739
810.85327	8245
810.8573	7978
810.86133	7433
810.86536	7050
810.86932	6560
810.87335	6344
810.87738	5853
810.88141	5507
810.88538	5372
810.8894	5182
810.89343	4749
810.89746	4617
810.90149	4482
810.90546	4277
810.90948	4112
810.91351	3877
810.91754	3694
810.92151	3670
810.92554	3587
810.92957	3426
810.93359	3337
810.93762	3164
810.94159	3136
810.94562	3070
810.94965	2860
810.95367	2858
810.95764	2817
810.96167	2781
810.9657	2718
810.96973	2735
810.97369	2694
810.97772	2619
810.98175	2631
810.98578	2508
810.98975	2532
810.99377	2493
810.9978	2495
811.00183	2457
811.0058	2421
811.00983	2401
811.01385	2357
811.01788	2317
811.02185	2293
811.02588	2286
811.02991	2238
811.03387	2215
811.0379	2237
811.04193	2143
811.04596	2130
811.04993	2129
811.05396	2203
811.05798	2136
811.06201	2045
811.06598	2046
811.07001	2078
811.07404	1973
811.078	2001
811.08203	1932
811.08606	1984
811.09009	1935
811.09406	1973
811.09808	1957
811.10211	1857
811.10608	1873
811.11011	1888
811.11414	1822
811.1181	1840
811.12213	1882
811.12616	1837
811.13019	1823
811.13416	1820
811.13818	1757
811.14221	1819
811.14618	1794
811.15021	1734
811.15424	1728
811.1582	1746
811.16223	1710
811.16626	1698
811.17023	1661
811.17426	1696
811.17828	1714
811.18231	1691
811.18628	1693
811.19031	1637
811.19434	1615
811.1983	1686
811.20233	1654
811.20636	1657
811.21033	1656
811.21436	1716
811.21838	1728
811.22235	1742
811.22638	1673
811.23041	1739
811.23438	1726
811.2384	1762
811.24243	1758
811.2464	1811
811.25043	1809
811.25439	1896
811.25842	1850
811.26245	1934
811.26642	1873
811.27045	1901
811.27448	1964
811.27844	2001
811.28247	2014
811.2865	2101
811.29047	2051
811.29449	2055
811.29852	2149
811.30249	2153
811.30652	2132
811.31049	2149
811.31451	2215
811.31854	2259
811.32251	2283
811.32654	2248
811.33057	2304
811.33453	2468
811.33856	2461
811.34259	2506
811.34656	2528
811.35059	2575
811.35455	2592
811.35858	2710
811.36261	2790
811.36658	2831
811.37061	2934
811.37457	2955
811.3786	3052
811.38263	3040
811.3866	3279
811.39063	3355
811.39459	3511
811.39862	3560
811.40265	3780
811.40662	3964
811.41064	4152
811.41461	4348
811.41864	4605
811.42267	4855
811.42664	5036
811.43066	5387
811.43463	5565
811.43866	6148
811.44269	6406
811.44666	6593
811.45068	7046
811.45465	7314
811.45868	7727
811.46271	7991
811.46667	8396
811.4707	8639
811.47467	8982
811.4787	9218
811.48267	9151
811.48669	9232
811.49072	9215
811.49469	9072
811.49872	8983
811.50269	8657
811.50671	8392
811.51068	8117
811.51471	7756
811.51868	7353
811.52271	7007
811.52673	6700
811.5307	6235
811.53473	5844
811.5387	5576
811.54272	5125
811.54669	4894
811.55072	4645
811.55469	4297
811.55872	4122
811.56274	3817
811.56671	3562
811.57074	3421
811.57471	3264
811.57874	3127
811.5827	2937
811.58673	2787
811.5907	2652
811.59473	2537
811.59869	2423
811.60272	2333
811.60669	2243
811.61072	2149
811.61469	2070
811.61871	2025
811.62274	1935
811.62671	1825
811.63074	1850
811.6347	1773
811.63873	1774
811.6427	1751
811.64673	1682
811.6507	1642
811.65472	1614
811.65869	1582
811.66272	1538
811.66669	1513
811.67072	1465
811.67468	1451
811.67871	1448
811.68268	1472
811.68671	1392
811.69067	1378
811.6947	1431
811.69867	1417
811.7027	1383
811.70667	1370
811.71069	1381
811.71466	1359
811.71869	1403
811.72266	1346
811.72668	1366
811.73065	1353
811.73468	1319
811.73865	1372
811.74268	1347
811.74664	1343
811.75061	1342
811.75464	1352
811.75861	1307
811.76263	1306
811.7666	1298
811.77063	1262
811.7746	1271
811.77863	1262
811.78259	1246
811.78662	1234
811.79059	1233
811.79462	1221
811.79858	1231
811.80261	1190
811.80658	1162
811.81055	1175
811.81458	1152
811.81854	1141
811.82257	1145
811.82654	1170
811.83057	1132
811.83453	1121
811.83856	1111
811.84253	1136
811.8465	1099
811.85052	1079
811.85449	1094
811.85852	1087
811.86249	1080
811.86652	1066
811.87048	1054
811.87451	1053
811.87848	1054
811.88245	1043
811.88647	1043
811.89044	995
811.89447	933
811.89844	931
811.90247	889
811.90643	885
811.9104	883
811.91443	879
811.9184	883
811.92242	884
811.92639	883
811.93036	882
811.93439	883
811.93835	880
811.94238	881
811.94635	879
811.95032	879
811.95435	877
811.95831	877
811.96234	880
811.96631	879
811.97028	882
811.9743	885
811.97827	881
811.9823	882
811.98627	877
811.99023	881
811.99426	880
811.99823	877
812.00226	883
812.00623	881
812.01019	884
812.01422	883
812.01819	883
812.02222	875
812.02618	880
812.03015	876
812.03418	881
812.03815	874
812.04211	883
812.04614	880
812.05011	880
812.05414	876
812.05811	884
