803.72864	1193.0588
803.74109	1298.7671
803.7536	1327.8906
803.76611	1311.1265
803.77856	1314.0215
803.79108	1311.8765
803.80353	1318.6265
803.81604	1303.6638
803.82849	1286.7947
803.841	1289.3765
803.85345	1282.0588
803.86597	1293.2715
803.87842	1296.1265
803.89093	1283.6265
803.90338	1267.7947
803.91589	1261.9138
803.92834	1284.2227
803.9408	1285.8765
803.95331	1289.8044
803.96576	1290.4727
803.97827	1283.4727
803.99072	1271.5544
804.00317	1286.4353
804.01569	1299.5447
804.02814	1278.8765
804.04059	1291.8809
804.0531	1268.3765
804.06555	1259.5588
804.078	1261.3765
804.09052	1255.3765
804.10297	1278.3906
804.11542	1254.7227
804.12787	1265.832
804.14032	1275.2715
804.15283	1272.1265
804.16528	1273.1309
804.17773	1279.3765
804.19019	1275.2671
804.20264	1275.8809
804.21515	1290.9626
804.2276	1266.8765
804.24005	1287.3044
804.2525	1294.7227
804.26495	1276.7671
804.2774	1255.0544
804.28986	1249.1638
804.30231	1241.1265
804.31476	1252.0171
804.32721	1254.8765
804.33966	1249.4727
804.35211	1239.9353
804.36456	1234.0544
804.37701	1224.3044
804.38947	1203.0447
804.40192	1240.2947
804.41437	1227.5588
804.42682	1222.1638
804.43927	1223.2947
804.45172	1234.832
804.46417	1231.1265
804.47662	1237.6853
804.48907	1242.0588
804.50153	1233.5447
804.51392	1230.3765
804.52637	1221.9138
804.53882	1244.3809
804.55127	1212.7715
804.56372	1210.0447
804.57617	1207.9138
804.58856	1202.6309
804.60101	1207.7227
804.61346	1216.7715
804.62592	1192.1309
804.63831	1188.0447
804.65076	1202.082
804.66321	1211.4138
804.6756	1218.3765
804.68805	1192.8809
804.7005	1198.1265
804.71289	1218.5588
804.72534	1212.082
804.73779	1204.8044
804.75018	1215.582
804.76263	1209.7671
804.77509	1196.1265
804.78748	1205.0447
804.79993	1194.582
804.81232	1185.6265
804.82477	1197.6033
804.83716	1167.2947
804.84961	1173.1638
804.862	1173.2947
804.87445	1191.7947
804.88684	1184.1265
804.89929	1171.9138
804.91168	1199.0447
804.92413	1203.2947
804.93652	1190.2947
804.94897	1208.8906
804.96136	1172.1638
804.97375	1195.1265
804.98621	1181.8765
804.9986	1188.2715
805.01105	1189.3044
805.02344	1188.7947
805.03583	1178.8765
805.04828	1179.3765
805.06067	1180.0544
805.07306	1184.8765
805.08545	1171.2947
805.0979	1174.3044
805.11029	1182.6638
805.12268	1184.2715
805.13513	1190.8765
805.14752	1182.3809
805.15991	1209.8044
805.1723	1172.3044
805.18469	1198.5544
805.19714	1209.6265
805.20953	1199.7947
805.22192	1202.3765
805.23431	1196.5447
805.2467	1205.3765
805.25909	1185.7947
805.27148	1177.5447
805.28387	1178.1265
805.29633	1171.2947
805.30872	1180.5447
805.32111	1171.5447
805.3335	1175.7947
805.34589	1180.1853
805.35828	1192.3765
805.37067	1173.8765
805.38306	1174.0447
805.39545	1185.2947
805.40784	1186.7947
805.42023	1182.4138
805.43262	1177.9626
805.44501	1174.0447
805.4574	1165.1265
805.46973	1186.2126
805.48212	1161.0544
805.49451	1165.9138
805.5069	1147.8765
805.51929	1145.5447
805.53168	1165.5447
805.54407	1143.8044
805.5564	1148.0447
805.56879	1150.6853
805.58118	1144.6309
805.59357	1147.8765
805.60596	1134.7947
805.61829	1156.2227
805.63068	1156.1638
805.64307	1157.332
805.65546	1161.2671
805.66779	1170.582
805.68018	1164.4727
805.69257	1155.082
805.7049	1163.9138
805.71729	1161.2947
805.72968	1185.0171
805.742	1164.6265
805.75439	1154.5588
805.76678	1152.2947
805.77911	1145.2947
805.7915	1173.3765
805.80383	1159.2947
805.81622	1163.8765
805.82855	1140.1265
805.84094	1159.4727
805.85333	1176.832
805.86566	1179.8533
805.87805	1184.3044
805.89038	1180.9727
805.90277	1181.3809
805.9151	1159.582
805.92743	1163.9138
805.93982	1166.3765
805.95215	1189.4138
805.96454	1180.1265
805.97687	1169.1265
805.98926	1167.6265
806.00159	1153.3765
806.01392	1162.0171
806.02631	1173.7947
806.03864	1160.6682
806.05096	1156.5171
806.06335	1153.5544
806.07568	1165.6853
806.08801	1180.1265
806.1004	1160.3044
806.11273	1166.0588
806.12506	1174.8765
806.13739	1165.3044
806.14978	1179.3765
806.16211	1180.6265
806.17444	1193.4353
806.18677	1185.9353
806.1991	1161.1265
806.21143	1176.2227
806.22382	1171.832
806.23615	1175.9727
806.24847	1165.8044
806.2608	1160.582
806.27313	1169.1265
806.28546	1166.0447
806.29779	1179.1265
806.31012	1164.3765
806.32245	1192.5171
806.33484	1183.6265
806.34717	1192.4727
806.3595	1174.5447
806.37183	1185.1265
806.38416	1185.3906
806.39648	1191.0544
806.40881	1173.3765
806.42108	1175.0447
806.43341	1177.5447
806.44574	1171.9138
806.45807	1183.7671
806.4704	1173.2947
806.48273	1167.7227
806.49506	1154.1265
806.50739	1157.9727
806.51971	1167.2947
806.53204	1168.5171
806.54431	1159.8044
806.55664	1179.1033
806.56897	1154.6265
806.5813	1170.7947
806.59363	1184.2715
806.6059	1180.3044
806.61823	1180.0447
806.63055	1178.1265
806.64288	1185.1638
806.65515	1160.4138
806.66748	1184.9727
806.67981	1172.3044
806.69208	1170.7715
806.70441	1170.2947
806.71674	1166.6265
806.729	1179.8906
806.74133	1171.4138
806.75366	1179.6853
806.76593	1179.7227
806.77826	1182.8533
806.79059	1179.6265
806.80286	1195.2227
806.81519	1200.7947
806.82745	1189.7947
806.83978	1207.2671
806.85205	1200.1265
806.86438	1216.3765
806.87665	1202.5215
806.88898	1232.3533
806.90125	1223.2126
806.91357	1205.9138
806.92584	1210.5588
806.93817	1216.3765
806.95044	1217.5171
806.96271	1210.332
806.97504	1196.5447
806.9873	1198.5544
806.99963	1204.832
807.0119	1209.332
807.02417	1224.4727
807.0365	1209.2715
807.04877	1208.2715
807.06104	1201.1265
807.07336	1226.9138
807.08563	1207.0447
807.0979	1225.5447
807.11017	1225.1265
807.1225	1229.8765
807.13477	1221.7947
807.14703	1233.2947
807.1593	1240.5215
807.17163	1223.6265
807.1839	1241.1638
807.19617	1233.3765
807.20844	1229.3765
807.2207	1238.0171
807.23297	1240.332
807.2453	1238.4138
807.25757	1243.3044
807.26984	1236.1265
807.2821	1249.332
807.29437	1227.3044
807.30664	1260.9353
807.31891	1246.9727
807.33118	1265.1265
807.34344	1267.1853
807.35571	1271.8765
807.36798	1265.9138
807.38025	1263.5447
807.39252	1270.082
807.40479	1272.0588
807.41705	1250.9138
807.42932	1269.8044
807.44159	1280.0544
807.45386	1265.3765
807.46613	1268.6265
807.47839	1291.5447
807.4906	1284.6265
807.50287	1281.3533
807.51514	1292.1265
807.5274	1304.2671
807.53967	1299.332
807.55194	1321.8765
807.56415	1328.2227
807.57642	1318.1265
807.58868	1319.9727
807.60095	1326.8765
807.61322	1304.0447
807.62543	1298.5171
807.6377	1307.0171
807.64996	1322.3809
807.66217	1285.0447
807.67444	1295.0447
807.68671	1306.7947
807.69891	1310.3044
807.71118	1325.5447
807.72345	1329.1638
807.73566	1322.1265
807.74792	1338.1265
807.76019	1344.9727
807.7724	1357.4727
807.78467	1387.2671
807.79688	1396.8809
807.80914	1375.6309
807.82135	1388.5447
807.83362	1415.3765
807.84589	1398.7947
807.85809	1403.3044
807.87036	1399.2947
807.88257	1399.7227
807.89478	1413.2947
807.90704	1394.6265
807.91925	1412.2671
807.93152	1423.6265
807.94373	1386.6265
807.95599	1420.3765
807.9682	1432.8044
807.98041	1412.5588
807.99268	1434.8044
808.00488	1446.6265
808.01709	1450.6638
808.02936	1474.5588
808.04156	1452.1638
808.05377	1485.3044
808.06604	1490.8533
808.07825	1495.332
808.09045	1508.6265
808.10266	1502.2947
808.11493	1500.1309
808.12714	1494.832
808.13934	1482.0447
808.15155	1504.0215
808.16382	1493.4182
808.17603	1511.7227
808.18823	1499.582
808.20044	1488.7947
808.21265	1508.332
808.22485	1521.7715
808.23706	1528.4727
808.24933	1541.9353
808.26154	1544.7947
808.27374	1558.5215
808.28595	1574.0171
808.29816	1595.3765
808.31036	1553.4138
808.32257	1586.6638
808.33478	1574.6265
808.34698	1565.8044
808.35919	1569.1638
808.3714	1598.0447
808.38361	1618.5171
808.39581	1625.1309
808.40802	1617.3765
808.42023	1635.5588
808.43243	1663.7715
808.44458	1662.5171
808.45679	1689.0544
808.46899	1698.0544
808.4812	1700.5447
808.49341	1725.8765
808.50562	1743.6853
808.51782	1758.2947
808.52997	1768.3765
808.54218	1776.9727
808.55438	1771.1265
808.56659	1752.9138
808.5788	1747.3765
808.59094	1815.7671
808.60315	1771.0588
808.61536	1786.8533
808.6275	1780.332
808.63971	1811.1309
808.65192	1791.332
808.66412	1805.8765
808.67627	1853.1309
808.68848	1830.3044
808.70068	1863.082
808.71283	1913.5588
808.72504	1885.5447
808.73718	1905.8906
808.74939	1905.1309
808.7616	1968.2947
808.77374	1924.082
808.78595	1955.3044
808.7981	1961.5588
808.8103	1960.6265
808.82245	1930.5447
808.83466	1984.1265
808.8468	1950.0588
808.85901	1937.6309
808.87115	1942.832
808.88336	1962.2715
808.89551	1967.0544
808.90765	1950.5588
808.91986	2007.0544
808.93201	2012.5588
808.94421	2036.3765
808.95636	2065.0215
808.96851	2091.6853
808.98071	2092.3533
808.99286	2081.5588
809.005	2090.9727
809.01721	2123.3044
809.02936	2105.1265
809.0415	2119.582
809.05371	2146.6265
809.06586	2129.2227
809.078	2160.3765
809.09015	2193.8765
809.10236	2208.8765
809.1145	2192.0588
809.12665	2250.4727
809.13879	2266.8533
809.15094	2300.5544
809.16309	2351.6638
809.17529	2392.5544
809.18744	2401.3765
809.19958	2424.5544
809.21173	2462.9182
809.22388	2475.0588
809.23602	2462.1682
809.24817	2522.3044
809.26031	2506.0447
809.27246	2509.1638
809.28461	2509.6309
809.29675	2520.6309
809.3089	2532.7227
809.32104	2505.0588
809.33319	2466.1265
809.34534	2492.0544
809.35748	2454.9182
809.36963	2473.3044
809.38177	2446.0588
809.39392	2410.1265
809.40607	2435.1265
809.41821	2403.8044
809.43036	2366.1638
809.4425	2378.0588
809.45465	2391.7715
809.46674	2386.9626
809.47888	2358.7715
809.49103	2394.2126
809.50317	2352.0588
809.51532	2337.0588
809.5274	2343.4138
809.53955	2351.8533
809.5517	2374.7671
809.56384	2347.6682
809.57593	2407.1265
809.58807	2392.1638
809.60022	2437.0215
809.61237	2466.8044
809.62445	2525.9138
809.6366	2545.4182
809.64874	2560.0588
809.66083	2626.6406
809.67297	2660.6265
809.68506	2677.8533
809.6972	2677.0588
809.70935	2730.0588
809.72144	2784.6309
809.73358	2798.7947
809.74567	2847.8809
809.75781	2902.3906
809.7699	2890.0215
809.78204	2942.2227
809.79413	2994.0588
809.80627	3054.0588
809.81836	3104.1406
809.83051	3154.5588
809.84259	3215.8906
809.85474	3251.4138
809.86682	3266.5588
809.87897	3339.0447
809.89105	3451.0215
809.90314	3447.0588
809.91528	3557.7715
809.92737	3567.1853
809.93945	3541.1682
809.9516	3638.2126
809.96368	3665.6309
809.97577	3676.9138
809.98792	3738.9182
810	3787.7947
810.01208	3824.8809
810.02423	3888.0588
810.03632	3903.0588
810.0484	4018.8906
810.06049	4065.8809
810.07257	4103.7715
810.08472	4239.582
810.0968	4287.8906
810.10889	4352.3809
810.12097	4356.75
810.13306	4352.0586
810.14514	4428.9141
810.15729	4363.1406
810.16937	4359.0586
810.18146	4334.6265
810.19354	4299.0586
810.20563	4274.4629
810.21771	4284.0215
810.2298	4221.0586
810.24188	4224.4141
810.25397	4177.1265
810.26605	4183.6265
810.27814	4118.1641
810.29022	4022.2715
810.30231	4010.8809
810.31439	3963.6638
810.32648	3915.3533
810.33856	3927.5588
810.35065	3874.3044
810.36273	3924.4138
810.37482	3972.1265
810.3869	3967.8044
810.39893	3983.1638
810.41101	4140.1641
810.4231	4150.3047
810.43518	4198.6406
810.44727	4239.1309
810.45935	4257.5547
810.47137	4228.8765
810.48346	4141.0542
810.49554	4112.1035
810.50763	3995.5447
810.51965	3888.6265
810.53174	3787.5544
810.54382	3683.8906
810.55591	3607.5588
810.56793	3515.0544
810.58002	3468.8044
810.5921	3435.8044
810.60413	3345.8809
810.61621	3328.6309
810.62823	3314.6309
810.64032	3334.5588
810.6524	3309.6265
810.66443	3346.4182
810.67651	3291.0544
810.68854	3324.5588
810.70062	3341.1033
810.71265	3351.2947
810.72473	3410.4138
810.73682	3421.6682
810.74884	3389.8906
810.76093	3497.6265
810.77295	3534.0171
810.78497	3548.3809
810.79706	3567.0588
810.80908	3711.1638
810.82117	3696.1682
810.83319	3803.6406
810.84528	3973.7715
810.8573	4102.5586
810.86932	4152.5542
810.88141	4279.418
810.89343	4359.8906
810.90546	4410.5586
810.91754	4487.8047
810.92957	4553.5586
810.94159	4536.3809
810.95367	4610.6035
810.9657	4670.1641
810.97772	4693.1406
810.98975	4819.168
811.00183	4905.6309
811.01385	5011.5586
811.02588	5023.918
811.0379	5093.0586
811.04993	5088.5586
811.06201	5202.6641
811.07404	5200.853
811.08606	5325.2715
811.09808	5385.5215
811.11011	5534.2715
811.12213	5610.5586
811.13416	5752.6309
811.14618	5804
811.1582	5916.5586
811.17023	5949.1309
811.18231	6100.1265
811.19434	6109.2129
811.20636	6115.1309
811.21838	6105.5586
811.23041	6134.5586
811.24243	6022.5586
811.25439	5881.0215
811.26642	5773.2715
811.27844	5641.5586
811.29047	5410.0449
811.30249	5306.4624
811.31451	5139.5586
811.32654	4906.75
811.33856	4800.668
811.35059	4818.6265
811.36261	4729.8906
811.37457	4745.3809
811.3866	4746.0586
811.39862	4769.4141
811.41064	4751.4141
811.42267	4750.668
811.43463	4746.4141
811.44666	4770.3906
811.45868	4799.2129
811.4707	4750.0547
811.48267	4807.4136
811.49469	4761.0586
811.50671	4858.2715
811.51868	4885.8809
811.5307	4930.2949
811.54272	4946.8906
811.55469	4916.0586
811.56671	4915.5586
811.57874	4850.3535
811.5907	4807.3906
811.60272	4690.832
811.61469	4777.603
811.62671	4741.25
811.63873	4681.8906
811.6507	4743.6406
811.66272	4759.1641
811.67468	4886.3535
811.68671	4979.7715
811.69867	5102.8765
811.71069	5137.0586
811.72266	5281.103
811.73468	5355.4629
811.74664	5396.332
811.75861	5534.1641
811.77063	5542.2129
811.78259	5616.8535
811.79462	5782.5586
811.80658	5927.0586
811.81854	6185.5547
811.83057	6347
811.84253	6485.0586
811.85449	6700.5586
811.86652	6884.832
811.87848	7010.3906
811.89044	7148.832
811.90247	7219.5586
811.91443	7402.1309
811.92639	7653.5586
811.93835	7786.0586
811.95032	7956.8906
811.96234	8120.5586
811.9743	8182.5586
811.98627	8239.6406
811.99823	8360.0215
812.01019	8485.0586
812.02222	8531.7715
812.03418	8661.0215
812.04614	8758.0586
812.05811	8908.5586
812.07007	9041.0586
812.08203	9186.2715
812.09399	9288.0586
812.10596	9481.5586
812.11792	9645.0586
812.12988	9642.0215
812.14185	9667.7715
812.15381	9524.0586
812.16577	9346.5586
812.17773	9208.0586
812.1897	8925.0586
812.20166	8575.5586
812.21362	8271.918
812.22559	7912.2715
812.23755	7531.0586
812.24951	7172.0215
812.26147	6788.1406
812.27344	6382.668
812.28534	6019.8906
812.2973	5573.0586
812.30927	5327.6406
812.32123	4989.0586
812.33319	4702.3765
812.34515	4440.5586
812.35706	4230.103
812.36902	3932.1309
812.38098	3817.5588
812.39294	3623.5215
812.40485	3474.7715
812.41681	3357.9626
812.42877	3286.6638
812.44067	3215.6265
812.45264	3158.6265
812.4646	3088.8765
812.4765	3014.1265
812.48846	2928.1265
812.50043	2819.3906
812.51233	2693.082
812.52429	2627.7715
812.53625	2434.8044
812.54816	2345.1033
812.56012	2293.8906
812.57202	2143.6265
812.58398	2063.5215
812.59589	1983.1638
812.60785	1956.9353
812.61975	1844.5588
812.63171	1774.2947
812.64362	1777.4138
812.65558	1731.8765
812.66748	1680.5544
812.67944	1660.3809
812.69135	1633.0588
812.70325	1599.082
812.71521	1519.3044
812.72711	1536.5588
812.73907	1527.6309
812.75098	1474.3044
812.76288	1465.2715
812.77484	1458.6638
812.78674	1422.7671
812.79865	1386.1309
812.81061	1397.3044
812.82251	1365.0447
812.83441	1358.1265
812.84631	1356.582
812.85828	1357.8765
812.87018	1310.6265
812.88208	1318.0171
812.89398	1346.5447
812.90588	1320.4138
812.91785	1302.7715
812.92975	1309.0447
812.94165	1341.5215
812.95355	1293.5588
812.96545	1289.5588
812.97736	1330.0215
812.98926	1295.5544
813.00122	1256.3765
813.01312	1272.1638
813.02502	1286.4138
813.03693	1250.5215
813.04883	1221.3765
813.06073	1254.4138
813.07263	1243.7947
813.08453	1204.0544
813.09644	1225.7947
813.10834	1250.4727
813.12024	1209.0588
813.13214	1200.5171
813.14404	1217.2227
813.15594	1249.5544
813.16779	1180.1265
813.17969	1194.6265
813.19159	1217.1638
813.20349	1206.8765
813.21539	1167.5447
813.22729	1193.3906
813.2392	1214.1309
813.25104	1161.0544
813.26294	1169.0544
813.27484	1175.8533
813.28674	1151.0171
813.29865	1127.332
813.31049	1138.8765
813.32239	1167.6265
813.33429	1115.3809
813.34613	1124.1265
813.35803	1144.5171
813.36993	1120.8765
813.38184	1114.1853
813.39368	1138.6033
813.40558	1156.1265
813.41742	1121.082
813.42932	1128.3765
813.44122	1171.8044
813.45306	1154.4727
813.46497	1123.5447
813.47681	1173.3765
813.48871	1185.6638
813.50061	1130.6265
813.51245	1128.3044
813.52435	1189.7671
813.53619	1180.1265
813.5481	1123.0447
813.55994	1154.0544
813.57184	1168.0447
813.58368	1118.8765
813.59552	1108.0544
813.60742	1157.3765
813.61926	1126.1638
813.63116	1109.6853
813.64301	1132.7671
813.65485	1159.2227
813.66675	1114.1638
813.67859	1108.3765
813.69043	1136.2715
813.70233	1144.6265
813.71417	1104.8765
813.72601	1112.6265
813.73792	1146.3765
813.74976	1105.6265
813.7616	1084.6638
813.77344	1116.3765
813.78534	1125.5544
813.79718	1094.2671
813.80902	1079.1638
813.82086	1121.1033
813.83276	1069.9138
813.8446	1064.3765
813.85645	1084.4138
813.86829	1092.2227
813.88013	1064.5544
813.89197	1057.6265
813.90381	1073.0171
813.91565	1076.0447
813.92749	1061.7671
813.93939	1073.582
813.95123	1094.9138
813.96307	1066.1265
813.97491	1056.3765
813.98676	1093.1265
813.9986	1092.3044
814.01044	1054.2227
814.02228	1087.6265
814.03412	1134.1033
814.04596	1096.5215
814.05774	1085.3765
814.06958	1128.2947
814.08142	1147.832
814.09326	1080.2947
814.1051	1110.3044
814.11694	1175.8044
814.12878	1103.3765
814.14063	1093.6265
814.1524	1150.2227
814.16425	1171.1265
814.17609	1103.5447
814.18793	1114.2227
814.19977	1168.3765
814.21155	1123.3765
814.22339	1070.9138
814.23523	1107.5171
814.24707	1128.5447
814.25885	1083.8044
814.27069	1071.1265
814.28253	1097.6265
814.29431	1090.0171
814.30615	1039.6638
814.31799	1069.3044
814.32977	1094.7947
814.34161	1052.8765
814.35345	1037.332
814.36523	1089.6265
814.37708	1080.3809
814.38885	1046.3044
814.4007	1053.0544
814.41248	1084.6265
814.42432	1059.7947
814.43616	1037.332
814.44794	1064.7947
814.45972	1084.0544
814.47156	1029.5447
814.48334	1043.6853
814.49518	1069.2947
814.50696	1059.7671
814.5188	1027.6265
814.53058	1050.4727
814.54242	1063.7947
814.5542	1027.9353
814.56598	1036.3765
814.57782	1070.7947
814.5896	1054.0171
814.60138	1039.8765
814.61322	1073.2947
814.625	1096.1265
814.63678	1055.4353
814.64862	1078.2671
814.6604	1142.6265
814.67218	1125.0447
814.68396	1055.1265
814.6958	1109.832
814.70758	1188.5588
814.71936	1111.7227
814.73114	1094.9138
814.74292	1183.6638
814.75476	1166.0447
814.76654	1069.1853
814.77832	1080.9138
814.7901	1152.0171
814.80188	1074.3044
814.81366	1039.9138
814.82544	1069.7126
814.83722	1086.2227
814.849	1034.0447
814.86078	1037.1265
814.87256	1079.7947
814.8844	1061.2947
814.89618	1037.6265
814.90796	1063.5544
814.91968	1097.8765
814.93146	1049.9353
814.94324	1052.2671
814.95502	1070.6853
814.9668	1074.6265
814.97858	1034.5447
814.99036	1047.6265
815.00214	1088.6265
815.01392	1036.3765
815.0257	1018.6265
815.03748	1052.8044
815.04919	1041.6265
815.06097	1019.7671
815.07275	1037.2947
815.08453	1055.2671
815.09631	1031.2947
815.10803	1008.7227
815.11981	1042.8044
815.13159	1068.2947
815.14337	1038.1638
815.15509	1034.3765
815.16687	1082.5544
815.17865	1063.1265
815.19037	1028.9138
815.20215	1073.0544
815.21393	1102.9727
815.22565	1062.2947
815.23743	1035.6265
815.24921	1120.6265
815.26093	1115.6265
815.27271	1060.6853
815.28442	1057.9353
815.2962	1133.6853
815.30798	1080.5171
815.3197	1032.3044
815.33148	1078.7715
815.3432	1082.7947
815.35498	1032.0544
815.3667	1033.5544
815.37848	1090.7227
815.3902	1052.0544
815.40198	1029.2227
815.4137	1048.6265
815.42542	1076.4138
815.43719	1031.7947
815.44891	1022.6638
815.46069	1030.8765
815.47241	1037.2671
815.48413	1000.8765
815.49591	1005.6638
815.50763	1046.6265
815.51935	1013.0171
815.53113	997.87646
815.54285	1017.1638
815.55457	1029.3765
815.56628	1006.832
815.57806	1004.7227
815.58978	1034.2947
815.6015	1025.3765
815.61322	1014.7227
815.625	1036.7227
815.63672	1063.1309
815.64844	1022.7227
815.66016	1015.4138
815.67188	1072.2947
815.68359	1062.5447
815.69531	1018.6638
815.70709	1037.7947
815.71881	1085.3044
815.73053	1040.3044
815.74225	1022.7947
815.75397	1064.332
815.76569	1085.0171
815.7774	1037.0447
815.78912	1032.082
815.80084	1098.5171
815.81256	1072.6853
815.82428	1025.9138
815.836	1082.8044
815.84772	1133.5215
815.85944	1076.6309
815.87115	1043.582
815.88287	1144.582
815.89453	1148.6265
815.90625	1063.0544
815.91797	1077.8765
815.92969	1175.8765
815.94141	1087.4353
815.95313	1036.8765
815.96478	1080.8765
815.9765	1080.6265
815.98822	1032.5588
815.99994	1014.832
816.01166	1039.3765
816.02332	1038.3765
816.03503	1002.7671
816.04675	1000.1638
816.05847	1042.8765
816.07013	1003.2227
816.08185	992.04468
816.09357	1009.7947
816.10522	1012.2671
