812.84784	1142
812.86011	1227
812.87231	1223
812.88458	1205
812.89685	1225
812.90912	1263
812.92139	1237
812.93359	1221
812.94586	1245
812.95813	1237
812.97034	1273
812.9826	1274
812.99487	1259
813.00708	1264
813.01935	1251
813.03162	1245
813.04382	1272
813.05609	1303
813.06836	1241
813.08057	1284
813.09283	1264
813.10504	1314
813.11731	1258
813.12952	1281
813.14178	1272
813.15399	1302
813.16626	1317
813.17847	1327
813.19073	1359
813.20294	1299
813.21521	1332
813.22742	1388
813.23969	1333
813.25189	1393
813.2641	1393
813.27637	1423
813.28857	1383
813.30084	1411
813.31305	1461
813.32526	1413
813.33752	1409
813.34973	1457
813.36194	1453
813.37415	1406
813.38641	1461
813.39862	1445
813.41083	1394
813.4231	1410
813.4353	1455
813.44751	1390
813.45972	1374
813.47192	1413
813.48419	1418
813.4964	1444
813.50861	1418
813.52081	1461
813.53302	1423
813.54523	1420
813.55743	1400
813.56964	1429
813.58191	1461
813.59412	1450
813.60632	1456
813.61853	1466
813.63074	1405
813.64294	1455
813.65515	1446
813.66736	1446
813.67957	1474
813.69177	1463
813.70398	1430
813.71619	1392
813.72839	1478
813.74054	1457
813.75275	1441
813.76495	1477
813.77716	1509
813.78937	1482
813.80157	1443
813.81378	1521
813.82599	1504
813.83813	1490
813.85034	1544
813.86255	1492
813.87476	1531
813.88696	1518
813.89911	1567
813.91132	1511
813.92352	1502
813.93573	1566
813.94788	1528
813.96008	1527
813.97229	1525
813.98444	1477
813.99664	1483
814.00885	1485
814.021	1515
814.0332	1488
814.04541	1443
814.05756	1431
814.06976	1427
814.08191	1403
814.09412	1440
814.10626	1425
814.11847	1433
814.13062	1366
814.14282	1449
814.15497	1411
814.16718	1444
814.17932	1421
814.19153	1431
814.20367	1456
814.21588	1405
814.22803	1377
814.24023	1436
814.25238	1399
814.26453	1426
814.27673	1449
814.28888	1425
814.30109	1402
814.31323	1446
814.32538	1442
814.33752	1414
814.34973	1436
814.36188	1468
814.37402	1449
814.38623	1379
814.39838	1491
814.41052	1454
814.42267	1396
814.43488	1393
814.44702	1532
814.45917	1470
814.47131	1453
814.48346	1480
814.49561	1491
814.50781	1452
814.51996	1483
814.5321	1539
814.54425	1481
814.5564	1456
814.56854	1447
814.58069	1464
814.59283	1419
814.60498	1422
814.61713	1388
814.62927	1433
814.64142	1368
814.65356	1422
814.66571	1466
814.67786	1401
814.69	1433
814.70215	1364
814.71429	1397
814.72644	1393
814.73859	1406
814.75073	1439
814.76288	1412
814.77502	1380
814.78711	1434
814.79926	1390
814.8114	1434
814.82355	1466
814.83569	1434
814.84784	1366
814.85992	1421
814.87207	1450
814.88422	1429
814.89636	1423
814.90845	1419
814.92059	1445
814.93274	1440
814.94482	1488
814.95697	1483
814.96912	1441
814.9812	1444
814.99335	1425
815.00549	1471
815.01758	1428
815.02972	1479
815.04187	1474
815.05396	1420
815.0661	1428
815.07819	1467
815.09033	1425
815.10242	1373
815.11456	1409
815.12665	1441
815.13879	1427
815.15088	1362
815.16302	1442
815.17511	1399
815.18726	1383
815.19934	1364
815.21149	1393
815.22357	1345
815.23566	1358
815.2478	1373
815.25989	1328
815.27203	1367
815.28412	1361
815.2962	1355
815.30835	1418
815.32043	1375
815.33252	1395
815.3446	1370
815.35675	1361
815.36884	1368
815.38092	1362
815.39301	1372
815.40515	1385
815.41724	1428
815.42932	1367
815.44141	1402
815.45349	1421
815.46564	1441
815.47772	1403
815.48981	1436
815.50189	1456
815.51398	1468
815.52606	1422
815.53815	1454
815.55023	1541
815.56232	1448
815.5744	1442
815.58649	1476
815.59857	1446
815.61066	1429
815.62274	1461
815.63483	1454
815.64691	1400
815.659	1408
815.67108	1512
815.68317	1422
815.69525	1447
815.70734	1481
815.71942	1448
815.73151	1413
815.74359	1396
815.75568	1424
815.7677	1395
815.77979	1378
815.79187	1407
815.80396	1432
815.81604	1381
815.82813	1383
815.84015	1368
815.85223	1391
815.86432	1353
815.8764	1406
815.88843	1380
815.90051	1352
815.9126	1363
815.92462	1368
815.93671	1409
815.94879	1352
815.96082	1398
815.9729	1384
815.98499	1384
815.99701	1373
816.00909	1349
816.02112	1409
816.0332	1390
816.04523	1453
816.05731	1420
816.0694	1398
816.08142	1401
816.09351	1385
816.10553	1388
816.11761	1409
816.12964	1422
816.14166	1430
816.15375	1385
816.16577	1381
816.17786	1446
816.18988	1396
816.20197	1396
816.21399	1401
816.22601	1429
816.2381	1406
816.25012	1373
816.26215	1388
816.27423	1395
816.28625	1380
816.29828	1374
816.31036	1364
816.32239	1383
816.33441	1391
816.34644	1392
816.35852	1383
816.37054	1389
816.38257	1369
816.39459	1401
816.40662	1372
816.4187	1339
816.43073	1388
816.44275	1415
816.45477	1376
816.4668	1389
816.47882	1417
816.49084	1399
816.50287	1438
816.51489	1428
816.52698	1394
816.539	1352
816.55103	1368
816.56305	1408
816.57507	1421
816.5871	1420
816.59912	1473
816.61115	1459
816.62317	1459
816.63513	1461
816.64716	1471
816.65918	1451
816.6712	1449
816.68323	1474
816.69525	1495
816.70728	1471
816.7193	1442
816.73132	1481
816.74329	1498
816.75531	1446
816.76733	1459
816.77936	1412
816.79138	1456
816.80334	1472
816.81537	1460
816.82739	1423
816.83942	1411
816.85138	1444
816.8634	1454
816.87543	1416
816.88739	1420
816.89941	1474
816.91144	1443
816.9234	1389
816.93542	1430
816.94745	1469
816.95941	1449
816.97144	1417
816.9834	1464
816.99542	1482
817.00739	1451
817.01941	1445
817.03143	1419
817.0434	1433
817.05542	1461
817.06738	1484
817.07941	1495
817.09137	1469
817.10333	1448
817.11536	1514
817.12732	1498
817.13934	1447
817.15131	1531
817.16327	1530
817.17529	1573
817.18726	1534
817.19928	1528
817.21124	1552
817.22321	1553
817.23523	1582
817.24719	1602
817.25916	1612
817.27112	1556
817.28314	1626
817.2951	1601
817.30707	1609
817.31903	1649
817.33105	1730
817.34302	1663
817.35498	1671
817.36694	1685
817.37891	1679
817.39087	1690
817.40289	1663
817.41486	1668
817.42682	1721
817.43878	1680
817.45074	1720
817.46271	1763
817.47467	1700
817.48663	1735
817.4986	1783
817.51056	1799
817.52252	1827
817.53448	1803
817.54645	1839
817.55841	1904
817.57037	1878
817.58234	1903
817.5943	1992
817.60626	2001
817.61823	2040
817.63019	2080
817.64215	2106
817.65411	2144
817.66602	2200
817.67798	2252
817.68994	2281
817.7019	2354
817.71387	2439
817.72577	2550
817.73773	2633
817.74969	2801
817.76166	2910
817.77362	2997
817.78552	3099
817.79749	3315
817.80945	3483
817.82135	3740
817.83331	3968
817.84528	4259
817.85718	4483
817.86914	4796
817.8811	5158
817.89301	5418
817.90497	5782
817.91687	6179
817.92883	6646
817.9408	6903
817.9527	7187
817.96466	7442
817.97656	7647
817.98853	7787
818.00043	7925
818.01239	8136
818.02429	8331
818.03625	8493
818.04816	8570
818.06012	8579
818.07202	8735
818.08392	8771
818.09589	8857
818.10779	8821
818.11975	9108
818.13165	9265
818.14355	9244
818.15552	9352
818.16742	9336
818.17932	9488
818.19128	9486
818.20319	9763
818.21509	9736
818.22699	9846
818.23895	10027
818.25085	10221
818.26276	10186
818.27466	10189
818.28656	10302
818.29852	10472
818.31042	10508
818.32233	10552
818.33423	10657
818.34613	10674
818.35803	10747
818.37	10828
818.3819	11094
818.3938	11019
818.4057	11074
818.4176	11054
818.4295	11059
818.44141	10991
818.45331	11190
818.46521	11113
818.47711	11228
818.48901	11288
818.50092	11379
818.51282	11466
818.52472	11530
818.53662	11333
818.54852	11411
818.56042	11617
818.57227	11581
818.58417	11507
818.59607	11589
818.60797	11493
818.61987	11495
818.63177	11440
818.64362	11521
818.65552	11671
818.66742	11668
818.67932	11681
818.69122	11627
818.70306	11753
818.71497	11702
818.72687	11774
818.73877	11808
818.75061	11860
818.76251	11937
818.77441	12075
818.78625	11999
818.79816	12179
818.81006	12280
818.8219	12575
818.8338	12501
818.84564	12642
818.85754	12887
818.86945	12735
818.88129	12589
818.89319	12864
818.90503	12934
818.91693	12773
818.92877	13015
818.94067	12999
818.95251	13074
818.96442	13094
818.97626	13362
818.98816	13361
819	13585
819.01184	13446
819.02374	13479
819.03558	13575
819.04749	13956
819.05933	14003
819.07117	14137
819.08307	14129
819.09491	14189
819.10675	14416
819.11865	14503
819.13049	14780
819.14233	14993
819.15417	14892
819.16608	15004
819.17792	15001
819.18976	15154
819.2016	15330
819.2135	15409
819.22534	15469
819.23718	15531
819.24902	15861
819.26086	15940
819.27271	16006
819.28461	16146
819.29645	16553
819.30829	16577
819.32013	16566
819.33197	17045
819.34381	16882
819.35565	17313
819.36749	17387
819.37933	17494
819.39117	17727
819.40302	17848
819.41486	18204
819.4267	18317
819.43854	18605
819.45038	18699
819.46222	19090
819.47406	19236
819.4859	19590
819.49774	19663
819.50952	19911
819.52136	20100
819.5332	20560
819.54504	20721
819.55688	20916
819.56873	21228
819.58057	21253
819.59235	21704
819.60419	21893
819.61603	22071
819.62787	22436
819.63965	22577
819.65149	22756
819.66333	23302
819.67511	23378
819.68695	23696
819.69879	24103
819.71063	24683
819.72241	24728
819.73425	25003
819.74603	25459
819.75787	25969
819.76971	26523
819.78149	27147
819.79333	27664
819.80511	28173
819.81696	28513
819.82874	29303
819.84058	29926
819.85236	31087
819.8642	31519
819.87598	32703
819.88782	33288
819.8996	34576
819.91144	35572
819.92322	36597
819.93506	37749
819.94684	39116
819.95862	40484
819.97046	41685
819.98224	43899
819.99408	45544
820.00586	47654
820.01764	49579
820.02948	52110
820.04126	55191
820.05304	58179
820.06482	60189
820.07666	58801
820.08844	54453
820.10022	48085
820.112	41606
820.12384	34674
820.13562	28291
820.1474	22724
820.15918	18090
820.17096	14691
820.1828	11958
820.19458	9741
820.20636	8120
820.21814	6830
820.22992	6030
820.2417	5296
820.25348	4717
820.26526	4278
820.27704	3945
820.28882	3554
820.3006	3341
820.31238	3050
820.32416	2880
820.33594	2776
820.34772	2573
820.3595	2477
820.37128	2392
820.38306	2222
820.39484	2144
820.40662	2095
820.4184	1963
820.43018	1926
820.44196	1851
820.45367	1865
820.46545	1707
820.47723	1720
820.48901	1721
820.50079	1669
820.51251	1644
820.52429	1600
820.53607	1535
820.54785	1531
820.55963	1495
820.57135	1491
820.58313	1456
820.59491	1434
820.60663	1413
820.61841	1398
820.63019	1374
820.64191	1328
820.65369	1360
820.66547	1306
820.67719	1337
820.68896	1276
820.70068	1316
820.71246	1274
820.72418	1276
820.73596	1257
820.74774	1219
820.75946	1234
820.77124	1211
820.78296	1211
820.79474	1195
820.80646	1179
820.81818	1177
820.82996	1181
820.84167	1160
820.85345	1161
820.86517	1155
820.87695	1159
820.88867	1142
820.90039	1127
820.91217	1110
820.92389	1102
820.93561	1107
820.94739	1109
820.95911	1087
820.97083	1099
820.98254	1085
820.99432	1107
821.00604	1101
821.01776	1070
821.02948	1070
821.04126	1074
821.05298	1065
821.0647	1085
821.07642	1099
821.08813	1087
821.09985	1042
821.11163	1083
821.12335	1063
821.13507	1070
821.14679	1058
821.15851	1059
821.17023	1035
821.18195	1050
821.19366	1046
821.20538	1057
821.2171	1058
821.22882	1045
821.24054	1019
821.25226	1036
821.26398	1033
821.2757	1025
821.28741	1028
821.29913	1025
821.31085	1033
821.32257	1015
821.33429	1043
821.34595	1031
821.35767	1021
821.36938	1002
821.3811	1021
821.39282	1034
821.40454	1021
821.4162	1008
821.42792	1000
821.43964	1007
821.45135	1002
821.46301	1001
821.47473	1011
821.48645	1012
821.49817	1010
821.50983	976
821.52155	1012
821.53326	969
821.54492	1001
821.55664	992
821.56836	989
821.58002	1008
821.59174	985
821.60339	981
821.61511	976
821.62677	976
821.63849	963
821.65021	950
821.66187	963
821.67358	983
821.68524	984
821.69696	950
821.70862	978
821.72028	958
821.73199	965
821.74365	978
821.75537	967
821.76703	966
821.77875	962
821.79041	954
821.80206	975
821.81378	962
821.82544	983
821.8371	966
821.84882	970
821.86047	967
821.87213	960
821.88379	952
821.89551	964
821.90717	957
821.91882	958
821.93048	975
821.9422	967
821.95386	959
821.96552	950
821.97717	958
821.98883	959
822.00055	954
822.01221	958
822.02386	945
822.03552	943
822.04718	968
822.05884	945
822.0705	951
822.08215	954
822.09381	959
822.10547	971
822.11713	952
822.12878	955
822.14044	956
822.1521	944
822.16376	957
822.17542	960
822.18707	950
822.19873	938
822.21039	951
822.22205	955
822.2337	950
822.24536	953
822.25696	963
822.26862	951
822.28027	949
822.29193	947
822.30359	943
822.31519	946
822.32684	944
822.3385	978
822.35016	967
822.36176	951
822.37341	967
822.38507	951
822.39673	956
822.40833	948
822.41998	955
822.43164	950
822.44324	935
822.4549	947
822.46655	958
822.47815	942
822.48981	936
822.5014	925
822.51306	927
822.52466	934
822.53632	929
822.54797	938
822.55957	941
822.57123	939
822.58282	935
822.59448	930
822.60608	931
822.61768	928
822.62933	926
822.64093	920
822.65259	928
822.66418	929
822.67584	943
822.68744	922
822.69904	929
822.71069	938
822.72229	936
822.73389	929
822.74554	934
822.75714	938
822.76874	944
822.78033	923
822.79199	923
822.80359	924
822.81519	928
822.82678	932
822.83844	933
822.85004	930
822.86163	938
822.87323	941
822.88483	934
822.89642	940
822.90802	923
822.91968	942
822.93127	925
822.94287	936
822.95447	943
822.96606	933
822.97766	942
822.98926	942
823.00085	938
823.01245	952
823.02405	943
823.03564	923
823.04724	931
823.05884	947
823.07043	941
823.08203	944
823.09363	944
823.10522	945
823.11682	940
823.12836	943
823.13995	934
823.15155	930
823.16315	937
823.17474	930
823.18634	927
823.19788	943
823.20947	935
823.22107	929
823.23267	925
823.2442	936
823.2558	922
823.2674	944
823.27899	936
823.29053	935
823.30212	952
823.31372	933
823.32526	940
823.33685	919
823.34845	933
823.35999	935
823.37158	925
823.38312	927
823.39471	945
823.40625	920
823.41785	925
823.42944	933
823.44098	936
823.45258	918
823.46411	924
823.47571	926
823.48724	934
823.49878	937
823.51038	930
823.52191	939
823.53351	925
823.54504	936
823.55664	933
823.56818	914
823.57971	939
823.59131	924
823.60284	927
823.61438	911
823.62598	927
823.63751	931
823.64905	913
823.66064	931
823.67218	938
823.68372	914
823.69525	928
823.70679	921
823.71838	925
823.72992	921
823.74146	922
823.75299	918
823.76453	922
823.77612	920
823.78766	921
823.79919	916
823.81073	912
823.82227	913
823.8338	921
823.84534	924
823.85687	930
823.86841	939
823.87994	911
823.89148	936
823.90302	932
823.91455	926
823.92609	924
823.93762	919
823.94916	930
823.96069	925
823.97223	928
823.98376	916
823.9953	924
824.00684	938
824.01831	922
824.02985	926
824.04138	925
824.05292	942
824.06445	929
824.07599	932
824.08746	929
824.099	946
824.11053	940
824.12207	932
824.13354	946
824.14508	948
824.15662	932
824.16809	935
824.17963	943
824.19116	956
824.20264	929
824.21417	934
824.22571	943
824.23718	933
824.24872	936
824.26025	918
824.27173	935
824.28326	923
824.29474	921
824.30627	926
824.31775	933
824.32928	936
824.34076	931
824.35229	924
824.36377	927
824.37531	916
824.38678	922
824.39832	923
824.40979	925
824.42126	925
824.4328	929
824.44427	937
824.45581	922
824.46729	927
824.47876	915
824.4903	927
824.50177	920
824.51324	920
824.52472	930
824.53625	927
824.54773	927
824.5592	929
824.57068	920
824.58221	933
824.59369	927
824.60516	919
824.61664	930
824.62811	935
824.63965	921
824.65112	925
824.6626	922
824.67407	928
824.68555	928
824.69702	916
824.7085	921
824.71997	934
824.73145	921
824.74292	938
824.75439	937
824.76587	931
824.77734	939
824.78882	928
824.80029	932
824.81177	937
824.82324	928
824.83472	929
824.84619	942
824.85767	919
824.86914	933
824.88062	939
824.89209	929
824.9035	920
824.91498	920
824.92645	945
824.93793	924
824.9494	941
824.96082	929
824.97229	920
824.98376	928
