17.1	1.532529 	 0.000001 	 	 0.000354 	 0.000002 	 	 1094048.494176 	 	 338.074065 				717345.216046 	 5757.666173 	 
19.4	1.532630 	 0.000001 	 	 0.000296 	 0.000001 	 	 2027413.545724 	 	 523.342675 				1329333.585954 	 6531.775781 
21.2	1.532678 	 0.000001 	 	 0.000267 	 0.000001 	 	 2823295.061304 	 	 658.027003 				1851176.813909 	 7624.305293 
24		1.532752 	 0.000000 	 	 0.000198 	 0.000001 	 	 4921976.180230 	 	 850.822750 				3227239.089649 	 21351.901242 
26.1	1.532801 	 0.000000 	 	 0.000170 	 0.000000 	 	 8696313.946117 	 	 1286.170106 				5701995.148920 	 24450.954078 
27.9	1.532852 	 0.000000 	 	 0.000145 	 0.000001 	 	 14873700.795834 	 	 1878.840910 				9752381.331887 	 43247.939543 
31.7	1.532937 	 0.000000 	 	 0.000087 	 0.000001 	 	 59345805.382069 	 	 4515.278991 				38911830.517390 	 482589.717237
35.5	1.532985 	 0.000000 	 	 0.000052 	 0.000000 	 	 762417464.313053 	 	 34371.268492 				499901534.132883 	 2199940.851556 	 
40.5	1.533013 	 0.000000 	 	 0.000037 	 0.000000 	 	 3828069128.559321 	 	 123653.533426 				2509986614.561305 	 6983804.581970 	 
45		1.533021 	 0.000000 	 	 0.000033 	 0.000000 	 	 3744420990.083146 	 	 108854.030097 				2455140241.401062 	 7829208.824479 	 
50.9	1.533036 	 0.000000 	 	 0.000029 	 0.000000 	 	 8393691792.391156 	 	 210114.060285 				5503571993.639459 	 14019532.727146 	 
56		1.533048 	 0.000000 	 	 0.000028 	 0.000000 	 	 10922544464.876686 	 267218.587159 				7161688956.779326 	 21904812.089605 	 
62		1.533055 	 0.000000 	 	 0.000029 	 0.000000 	 	 13844987048.064503 	 354240.808029 				9077874772.469128 	 27963486.170854 	 
70		1.533062 	 0.000000 	 	 0.000029 	 0.000000 	 	 19433161951.882538 	 484142.476137 				12741926736.360750 	 34102872.646792 
79		1.533071 	 0.000000 	 	 0.000028 	 0.000000 	 	 20162010480.158127 	 499110.425706 				13220172084.842665 	 62624275.638635 
87.5	1.533074 	 0.000000 	 	 0.000029 	 0.000000 	 	 25047036562.615948 	 631998.810398 				16422829520.013073 	 51863836.839223 
91.5	1.533073 	 0.000000 	 	 0.000031 	 0.000000 	 	 26777139033.662029 	 715540.329652 				17557222284.942394 	 68400012.974242 
100		1.533079 	 0.000000 	 	 0.000028 	 0.000000 	 	 35257572712.286789 	 876281.793850 				23117666781.007153 	 72979520.430569 
109		1.533076 	 0.000000 	 	 0.000030 	 0.000000 	 	 37111928821.217056 	 972000.848298 				24333532010.331516 	 86814442.417283 
120		1.533073 	 0.000000 	 	 0.000032 	 0.000000 	 	 38840050222.060532 	 1069203.815098 			25466625542.316093 	 104091363.750134 
144		1.533067 	 0.000000 	 	 0.000037 	 0.000000 	 	 37786209431.297775 	 1205048.865551 			24775644516.632015 	 142136888.125915 
162		1.533056 	 0.000000 	 	 0.000032 	 0.000000 	 	 49711071893.196724 	 1393021.382648 			32594541095.298901 	 112220722.409591 
187		1.533047 	 0.000000 	 	 0.000031 	 0.000000 	 	 49543623998.160011 	 1358418.722009 			32484685328.546162 	 186668370.088557 
216		1.533024 	 0.000000 	 	 0.000028 	 0.000000 	 	 66761138508.709259 	 1634108.475367 			43773939376.929138 	 229055539.179402 
225		1.533022 	 0.000000 	 	 0.000028 	 0.000000 	 	 74863401423.248596 	 1800598.300719 			49086381902.694672 	 212877731.341197 
235		1.533016 	 0.000000 	 	 0.000029 	 0.000000 	 	 79970058603.895187 	 2016106.352253 			52434757619.998283 	 251089472.574605 
