872.19244	856.41113
872.20306	863.77802
872.21362	869.07782
872.22424	871.07782
872.23486	867.2998
872.24548	868.07782
872.2561	872.41113
872.26666	872.74445
872.27728	873.07782
872.2879	869.74445
872.29852	874.41113
872.30908	868.74445
872.3197	873.41113
872.33032	873.2998
872.34088	873.2998
872.3515	873.07782
872.36212	876.07782
872.37268	874.07782
872.3833	871.74445
872.39392	873.44464
872.40448	872.41113
872.4151	875.2998
872.42566	871.41113
872.43628	875.44464
872.44684	872.74445
872.45746	872.74445
872.46802	873.41113
872.47864	871.74445
872.4892	874.74445
872.49982	870.07782
872.51038	875.41113
872.521	873.2998
872.53156	871.2998
872.54218	876.11133
872.55273	879.74445
872.56335	877.74445
872.57391	887.07782
872.58447	888.06415
872.59509	883.63312
872.60565	890.2998
872.61621	891.96649
872.62683	890.58594
872.63739	897.61945
872.64795	892.07782
872.65857	892.41113
872.66913	893.41113
872.67969	890.63312
872.69025	890.2998
872.70087	888.07782
872.71143	890.73077
872.72198	894.63312
872.73254	891.41113
872.7431	890.96649
872.75372	892.77802
872.76428	897.66669
872.77484	885.63312
872.7854	895.63312
872.79596	891.74445
872.80652	889.63312
872.81708	886.74445
872.82764	894.61945
872.8382	889.11133
872.84882	895.41113
872.85938	893.2998
872.86993	887.2998
872.88049	895.74445
872.89105	898.96649
872.90161	900.73077
872.91217	895.2998
872.92273	895.41113
872.93323	888.41113
872.94379	892.41113
872.95435	889.77802
872.9649	894.11133
872.97546	894.2998
872.98602	895.96649
872.99658	897.91925
873.00714	891.96649
873.0177	891.66669
873.0282	892.41113
873.03876	893.77802
873.04932	896.07782
873.05988	891.41113
873.07043	898.2998
873.08093	896.28613
873.09149	896.07782
873.10205	887.07782
873.11261	892.07782
873.12311	897.63312
873.13367	898.73077
873.14423	891.2998
873.15472	897.11133
873.16528	895.41113
873.17584	892.2998
873.18634	894.63312
873.1969	890.96649
873.20746	894.39746
873.21796	893.2998
873.22852	895.07782
873.23901	894.2998
873.24957	899.2998
873.26007	893.63312
873.27063	902.03058
873.28113	893.07782
873.29169	892.74445
873.30219	901.2998
873.31274	899.28613
873.32324	897.06415
873.3338	901.25262
873.3443	896.11133
873.35486	896.74445
873.36536	899.58594
873.37592	903.2998
873.38641	900.07782
873.39691	898.74445
873.40747	898.11133
873.41797	891.74445
873.42847	900.39746
873.43903	902.74445
873.44952	897.28613
873.46002	906.61945
873.47058	899.07782
873.48108	906.96649
873.49158	897.41113
873.50208	894.74445
873.51263	896.07782
873.52313	900.77802
873.53363	897.25262
873.54413	900.74445
873.55463	904.25262
873.56519	896.07782
873.57568	897.07782
873.58618	904.2998
873.59668	901.06415
873.60718	907.58594
873.61768	899.63312
873.62817	896.2998
873.63867	902.11133
873.64917	895.41113
873.65967	902.74445
873.67017	903.07782
873.68066	904.2998
873.69116	893.07782
873.70166	894.74445
873.71216	897.44464
873.72266	896.25262
873.73315	898.77802
873.74365	899.73077
873.75415	896.11133
873.76465	895.74445
873.77515	903.2998
873.78564	899.06415
873.79614	898.2998
873.80664	901.41113
873.81714	902.96649
873.82758	909.03058
873.83807	902.63312
873.84857	902.39746
873.85907	900.63312
873.86957	904.41113
873.88	901.96649
873.8905	897.41113
873.901	907.2998
873.9115	901.11133
873.92194	906.96649
873.93243	899.07782
873.94293	903.39746
873.95337	901.63312
873.96387	907.07782
873.97437	901.63312
873.9848	902.96649
873.9953	902.07782
874.0058	903.77802
874.01624	908.07782
874.02673	902.73077
874.03717	902.41113
874.04767	903.74445
874.05817	906.74445
874.0686	908.73077
874.0791	905.96649
874.08954	904.96649
874.10004	905.2998
874.11047	900.07782
874.12097	909.2998
874.13141	904.63312
874.14185	906.25262
874.15234	910.25262
874.16278	904.73077
874.17328	901.07782
874.18372	913.41113
874.19415	907.44464
874.20465	910.41113
874.21509	910.03058
874.22559	908.06415
874.23602	905.39746
874.24646	912.36395
874.2569	908.63312
874.2674	902.74445
874.27783	907.2998
874.28827	912.74445
874.29877	906.41113
874.3092	908.39746
874.31964	913.44464
874.33008	908.41113
874.34052	907.96649
874.35101	910.95282
874.36145	914.91925
874.37189	917.74445
874.38232	908.66669
874.39276	910.2998
874.4032	906.07782
874.41364	910.07782
874.42413	918.73077
874.43457	925.11133
874.44501	911.63312
874.45544	913.39746
874.46588	918.69727
874.47632	911.36395
874.48676	922.73077
874.49719	922
874.50763	912.11133
874.51807	916.74445
874.5285	910.07782
874.53894	913.96649
874.54938	912.63312
874.55975	917.03058
874.57019	910.2998
874.58063	916.39746
874.59106	911.41113
874.6015	913.63312
874.61194	926.28613
874.62238	915.41113
874.63281	922.11133
874.64319	921.41113
874.65363	914.77802
874.66406	916.61945
874.6745	919.74445
874.68488	922.63312
874.69531	922.73077
874.70575	921.41113
874.71619	924.03058
874.72656	929.69727
874.737	918.44464
874.74744	924.07782
874.75781	921.11133
874.76825	930.96649
874.77869	918.96649
874.78906	917.77802
874.7995	921.74445
874.80994	920.77802
874.82031	924.74445
874.83075	924.63312
874.84113	929.58594
874.85156	924.07782
874.86194	926.39746
874.87238	923.77802
874.88275	925.2998
874.89319	926.77802
874.90356	933.63312
874.914	926.74445
874.92438	930.06415
874.93481	927.74445
874.94519	934.74445
874.95563	935.07782
874.966	938.63312
874.97638	936.63312
874.98682	927.74445
874.99719	927.73077
875.00763	920.2998
875.01801	942.11133
875.02838	929.77802
875.03882	943.03058
875.04919	937.41113
875.05957	937.58594
875.06995	930.63312
875.08038	933.96649
875.09076	936.44464
875.10114	940.69727
875.11151	941.73077
875.12195	944.63312
875.13232	938.33331
875.1427	937.44464
875.15308	933.96649
875.16345	936.77802
875.17383	937.96649
875.18427	941.63312
875.19464	940.2998
875.20502	950.39746
875.21539	947.63312
875.22577	956.96649
875.23615	940.2998
875.24652	950.33331
875.2569	951.28613
875.26727	944.63312
875.27765	948.63312
875.28802	944.07782
875.2984	945.74445
875.30878	949.25262
875.31915	944.41113
875.32953	967.63312
875.3399	962.95282
875.35028	952.96649
875.36066	947.74445
875.37103	953.2998
875.38135	966.58594
875.39172	961.2998
875.4021	950.96649
875.41248	957.73077
875.42285	956.07782
875.43323	972.58594
875.44354	959.63312
875.45392	961.33331
875.46429	960.77802
875.47467	958.07782
875.48505	960.96649
875.49536	957.96649
875.50574	967.74445
875.51611	965.33331
875.52643	965.74445
875.5368	960.07782
875.54718	971.41113
875.5575	968.2998
875.56787	965.66669
875.57825	967.63312
875.58856	976.77802
875.59894	979.74445
875.60925	982.07782
875.61963	979.74445
875.63	992.36395
875.64032	987.39746
875.6507	981.58594
875.66101	992.74445
875.67139	982.63312
875.6817	988.61945
875.69208	991.96649
875.70239	984.41113
875.71277	985.44464
875.72308	1000.6331
875.7334	1000.7444
875.74377	1004.0778
875.75409	1006.6973
875.76447	991.96649
875.77478	995.41113
875.7851	1014.4111
875.79547	1004.0641
875.80579	1017.2526
875.8161	1011.3333
875.82648	1016.0778
875.83679	1013.2998
875.84711	1019.9665
875.85748	1025.9664
875.8678	1027.0778
875.87811	1033.9664
875.88843	1025.0778
875.89874	1034.0641
875.90912	1023.1113
875.91943	1031.5859
875.92975	1019.1113
875.94006	1062.3639
875.95038	1046.3334
875.96069	1037.2998
875.97107	1044.0778
875.98138	1059.2861
875.9917	1050.2998
876.00201	1067.9193
876.01233	1053.4111
876.02264	1071.3334
876.03296	1063.9664
876.04327	1073.7308
876.05359	1071.2998
876.0639	1095.2861
876.07422	1089.4111
876.08453	1090.7308
876.09485	1090.3975
876.10516	1102.5859
876.11548	1110.0306
876.12579	1088.7308
876.13611	1103.0778
876.14642	1099.7445
876.15674	1128.3639
876.16699	1108.7308
876.17731	1122.9193
876.18762	1139.3975
876.19794	1140.2998
876.20825	1152.0778
876.21857	1172.3639
876.22882	1155.7445
876.23914	1169.3639
876.24945	1162.2861
876.25977	1169.6332
876.27002	1197.3975
876.28033	1185.2998
876.29065	1216.2861
876.30096	1218.5859
876.31122	1206.9664
876.32153	1223.0641
876.33185	1251.0641
876.3421	1264.3639
876.35242	1248.4447
876.36267	1268.0306
876.37299	1277.4447
876.3833	1302.0778
876.39355	1313.2526
876.40387	1306.9664
876.41412	1336.7308
876.42444	1349.4111
876.43469	1345.7308
876.44501	1352.7308
876.45526	1387.778
876.46558	1412.3975
876.47583	1440.6195
876.48615	1468.2526
876.4964	1487.2998
876.50671	1514.2526
876.51697	1516.0641
876.52722	1539.2998
876.53754	1582.2998
876.54779	1635.3975
876.55811	1646.4111
876.56836	1722.6332
876.57861	1757.2998
876.58893	1779.0778
876.59918	1850.4447
876.60944	1957.2526
876.61975	1996.9193
876.63	2085.3975
876.64026	2173.6667
876.65051	2267.1113
876.66083	2394.1113
876.67108	2544.7444
876.68134	2710.7444
876.69159	2843.3975
876.70184	3080.9192
876.7121	3327.3975
876.72241	3584.364
876.73267	3789.3975
876.74292	4137.9526
876.75317	4465.9663
876.76343	4820.1113
876.77368	5208.064
876.78394	5643.064
876.79419	6103.064
876.80444	6568.397
876.8147	7078.4448
876.82495	7632.2866
876.83521	8124.6328
876.84546	8706.2861
876.85571	9276.9189
876.86597	9901.6973
876.87622	10472.953
876.88647	11105.62
876.89673	11775.62
876.90698	12214.065
876.91724	12937.953
876.92749	13392.62
876.93774	14027.065
876.948	14596.731
876.95819	15039.731
876.96844	15749.62
876.9787	16336.953
876.98895	16800.064
876.99921	17213.732
877.0094	17697.111
877.01965	18137.111
877.02991	18592.398
877.04016	19197.445
877.05035	19568.732
877.06061	19989.779
877.07086	20509.666
877.08105	20712.445
877.09131	21041.779
877.10156	21549.732
877.11176	21955.779
877.12201	22211.732
877.13226	22538.064
877.14246	22619.064
877.15271	22758.732
877.1629	23226.111
877.17316	23317.779
877.18341	23504.732
877.1936	23699.445
877.20386	23805.064
877.21405	23792.732
877.2243	23900.398
877.2345	24109.398
877.24475	24087.732
877.25494	24115.732
877.2652	24129.398
877.27539	24255.287
877.28558	24036.732
877.29584	24298.92
877.30603	24250.92
877.31628	24108.967
877.32648	24223.92
877.33667	24295.287
877.34692	24188.252
877.35712	24089.619
877.36731	24214.967
877.3775	24183.619
877.38776	23881.967
877.39795	23584.031
877.40814	23202.586
877.4184	22595.967
877.42859	22008.586
877.43878	21227.967
877.44897	20179.92
877.45917	19133.967
877.46942	18025.078
877.47961	16588.967
877.48981	14983.586
877.5	13307.966
877.51019	11679.919
877.52039	10246.633
877.53058	8993.9189
877.54077	7830.2993
877.55096	6971.9194
877.56122	6140.5859
877.57141	5507.2993
877.5816	4988.0308
877.5918	4496.0308
877.60199	4086.6194
877.61218	3736.0305
877.62238	3508.4111
877.63257	3231.2998
877.6427	3044.5859
877.65289	2832.6331
877.66309	2701.4111
877.67328	2540.5859
877.68347	2430.2527
877.69366	2325.3975
877.70386	2248.0642
877.71405	2133.5859
877.72424	2083.2861
877.73438	2020.4111
877.74457	1940.9193
877.75476	1942.0641
877.76495	1813.9193
877.77515	1775.4447
877.78528	1728.9664
877.79547	1682.9193
877.80566	1646.0641
877.81586	1630.9193
877.82599	1607.7308
877.83618	1569.3975
877.84637	1544.9193
877.85651	1509.3975
877.8667	1464.6195
877.87689	1445.0778
877.88702	1416.5859
877.89722	1384.9528
877.90735	1405.0778
877.91754	1374.778
877.92773	1359.7445
877.93787	1341.6195
877.94806	1329.5859
877.95819	1304.4447
877.96838	1280.1113
877.97852	1284.6332
877.98871	1266.9664
877.99884	1268.2861
878.00903	1228.778
878.01917	1235.9528
878.02936	1193.7445
878.03949	1204.9664
878.04962	1178.4111
878.05981	1189.4111
878.06995	1165.7308
878.08014	1175.9528
878.09027	1169.2861
878.1004	1152.2861
878.1106	1159.3334
878.12073	1131.6332
878.13086	1136.2526
878.14099	1109.6332
878.15118	1119.0778
878.16132	1112.7445
878.17145	1109.3975
878.18158	1108.5859
878.19177	1100.6332
878.2019	1100.3975
878.21204	1101.1113
878.22217	1090.6332
878.2323	1078.6332
878.24249	1074.0778
878.25262	1064.6195
878.26276	1074.7308
878.27289	1071.6973
878.28302	1056.2998
878.29315	1037.7308
878.30328	1037.7445
878.31342	1026.778
878.32355	1043.5859
878.33368	1047.0306
878.34381	1039.0641
878.35394	1030.2526
878.36407	1029.4111
878.37421	1029.2998
878.38434	1019.3975
878.39447	1022.0641
878.4046	1012.7444
878.41473	1024.0641
878.42487	1022.364
878.435	1004.778
878.44513	995.41113
878.45526	1006.1113
878.46539	982.74445
878.47546	1006.3333
878.4856	986.63312
878.49573	995.91925
878.50586	991.39746
878.51599	992.03058
878.52606	988.44464
878.53619	981.39746
878.54633	974.58594
878.55646	977.41113
878.56653	985.11133
878.57666	976.39746
878.58679	973.41113
878.59692	972.96649
878.60699	979.96649
878.61713	959.96649
878.6272	960.2998
878.63733	973.2998
878.64746	965.96649
878.65753	974.07782
878.66766	965
878.6778	965.73077
878.68787	968.25262
878.698	964.96649
878.70807	948.96649
878.7182	945.44464
878.72827	965.39746
878.7384	953.77802
878.74847	955.41113
878.75861	961.39746
878.76868	957
878.77881	950.63312
878.78888	958.66669
878.79895	948.2998
878.80908	952.58594
878.81915	938.96649
878.82928	949.39746
878.83936	946.96649
878.84943	939.96649
878.85956	943.07782
878.86963	949.39746
878.8797	941.74445
878.88977	935.44464
878.8999	936.77802
878.90997	928.96649
878.92004	933.96649
878.93011	942.25262
878.94025	930.74445
878.95032	938.58594
878.96039	935.63312
878.97046	938.03058
878.98053	946.58594
878.99066	928.73077
879.00073	931.06415
879.0108	933.28613
879.02087	923.2998
879.03094	925.39746
879.04102	921.41113
879.05109	932.96649
879.06116	925.2998
879.07123	921.96649
879.0813	929.25262
879.09137	923.25262
879.10144	924.2998
879.11151	924.41113
879.12158	923.2998
879.13165	918.63312
879.14172	921.2998
879.15179	926.25262
879.16187	921.95282
879.17194	928.06415
879.18201	915.74445
879.19208	916.77802
879.20215	918.95282
879.21222	917.2998
879.22223	917.07782
879.2323	916.41113
879.24237	917.95282
879.25244	922.91925
879.26251	917.77802
879.27258	909.74445
879.28259	913.73077
879.29266	924.96649
879.30273	915.2998
879.31274	906.74445
879.32281	907.2998
879.33289	912.63312
879.34296	909.03058
879.35297	908.95282
879.36304	913.58594
879.37311	909.74445
879.38312	909.2998
879.39319	910.73077
879.4032	912.41113
879.41327	907.63312
879.42334	913.28613
879.43335	911.2998
879.44342	912.07782
879.45343	912.91925
879.4635	896.74445
879.47351	910.74445
879.48358	911.63312
879.49359	909.58594
879.50366	901.74445
879.51367	907.77802
879.52374	910.69727
879.53375	901.74445
879.54376	906.91925
879.55383	905.39746
879.56384	905.2998
879.57391	908.2998
879.58392	903.63312
879.59393	900.44464
879.604	902.41113
879.61401	899.07782
879.62402	907.91925
879.63403	901.41113
879.6441	904.63312
879.65411	903.2998
879.66412	904.39746
879.67413	900.41113
879.6842	902.2998
879.69421	904.36395
879.70422	900.96649
879.71423	893.44464
879.72424	901.2998
879.73431	900.11133
879.74432	891.63312
879.75433	898.77802
879.76434	900.96649
879.77435	902.25262
879.78436	894.07782
879.79437	897.2998
879.80438	898.58594
879.81439	897.25262
879.8244	899.07782
879.83441	903.41113
879.84442	901.25262
879.85443	903.03058
879.86444	898.36395
879.87445	894.63312
879.88446	890.2998
879.89447	894.41113
879.90448	895.96649
879.91449	896.28613
879.9245	901.2998
879.93451	895.63312
879.94452	895.2998
879.95453	895.58594
879.96448	895.2998
879.97449	891.63312
879.9845	901.91925
879.99451	896.2998
880.00452	893.63312
880.01447	894.74445
880.02448	897.58594
880.03448	890.44464
880.04449	895.91925
880.05444	897.39746
880.06445	894.63312
880.07446	896.69727
880.08441	883.63312
880.09442	897.96649
880.10443	891.74445
880.11438	896.74445
880.12439	892.44464
880.1344	894.73077
880.14435	895.74445
880.15436	891.58594
880.16431	889.96649
880.17432	894.96649
880.18427	892.63312
880.19427	896.06415
880.20428	890.07782
880.21423	891.2998
880.22424	890.41113
880.23419	889.41113
880.24414	893.2998
880.25415	896.74445
880.2641	895.33331
880.27411	886.39746
880.28406	887.73077
880.29407	890.73077
880.30402	882.63312
880.31396	887.41113
880.32397	885.63312
880.33392	889.2998
880.34387	888.74445
880.35388	893.36395
880.36383	888.74445
880.37378	884.07782
880.38373	889.11133
880.39374	886.41113
880.40369	885.96649
880.41364	885.96649
880.42358	884.96649
880.43359	886.2998
880.44354	890.69727
880.45349	882.63312
880.46344	881.2998
880.47339	888.91925
880.48334	888.96649
880.49335	886.25262
880.5033	883.96649
880.51324	889.96649
880.52319	886.63312
880.53314	889.11133
880.54309	880.96649
880.55304	884.07782
880.56299	884.63312
880.57294	888.96649
880.58289	886.63312
880.59283	889.61945
880.60278	885.44464
880.61273	886.2998
880.62268	887.63312
880.63263	884.2998
880.64258	886.2998
880.65253	886.96649
880.66241	881.41113
880.67236	889.91925
880.68231	887.2998
880.69226	884.63312
880.70221	885.39746
880.71216	879.2998
880.72211	892.96649
880.73199	883.74445
880.74194	887.58594
880.75189	878.74445
880.76184	884.63312
880.77173	889.25262
880.78168	882.74445
880.79163	886.2998
880.80151	881.11133
880.81146	882.41113
880.82141	883.74445
880.8313	881.2998
880.84125	888.36395
880.8512	884.2998
880.86108	884.07782
880.87103	882.63312
880.88098	884.07782
880.89087	883.25262
880.90082	882.41113
880.91071	888.91925
880.92065	887.96649
880.93054	884.96649
880.94049	882.07782
880.95038	880.39746
880.96033	884.03058
880.97021	886.91925
880.98016	888.44464
880.99005	885.73077
881	884.36395
881.00989	881.96649
881.01978	887.28613
881.02972	884.91925
881.03961	886.2998
881.0495	883.58594
881.05945	887.58594
881.06934	883.74445
881.07922	885.39746
881.08917	885.07782
881.09906	882.63312
881.10895	889.28613
881.1189	881.41113
881.12878	880.63312
881.13867	882.41113
881.14856	881.96649
881.15845	880.96649
881.1684	880.74445
881.17828	883.74445
881.18817	885.11133
881.19806	881.2998
881.20795	877.63312
881.21783	883.63312
881.22772	885.73077
881.23767	880.07782
881.24756	884.96649
881.25745	883.07782
881.26733	879.2998
881.27722	880.96649
881.28711	879.96649
881.297	880.2998
881.30688	877.63312
881.31677	877.96649
881.32666	876.96649
881.33655	882.07782
881.34644	882.74445
881.35632	882.63312
881.36621	880.91925
881.37604	880.07782
881.38593	877.41113
881.39581	883.63312
881.4057	887.28613
881.41559	881.63312
881.42548	880.63312
881.43536	886.74445
881.44519	880.63312
881.45508	881.96649
881.46497	879.96649
881.47485	877.41113
881.48468	881.06415
881.49457	882.41113
881.50446	883.07782
881.51434	877.96649
881.52417	881.91925
881.53406	880.77802
881.54395	881.41113
881.55377	879.2998
881.56366	883.69727
881.57355	879.2998
881.58337	876.41113
881.59326	878.2998
881.60309	880.41113
881.61298	886.91925
881.62286	885.2998
881.63269	885.03058
881.64258	882.2998
881.6524	883.2998
881.66229	879.41113
881.67212	881.91925
881.68201	875.96649
881.69183	877.74445
881.70172	884.2998
881.71155	882.25262
881.72137	882.77802
881.73126	880.63312
881.74109	879.25262
881.75098	881.06415
881.7608	877.69727
881.77063	880.41113
881.78052	881.74445
881.79034	879.07782
881.80017	877.96649
881.81006	875.74445
881.81989	879.91925
881.82971	881.11133
881.83954	880.07782
881.84943	882.06415
881.85925	879.96649
881.86908	884.2998
881.87891	881.63312
881.88873	883.07782
881.89862	882.2998
881.90845	877.73077
881.91827	876.96649
881.9281	879.73077
881.93793	877.96649
881.94775	879.63312
881.95758	882.11133
881.96747	884.2998
881.97729	877.41113
881.98712	881.95282
881.99695	878.73077
882.00677	877.96649
882.0166	876.58594
882.02643	875.77802
882.03625	881.2998
882.04608	877.07782
882.05591	875.96649
882.06573	877.91925
882.0755	878.41113
882.08533	876.63312
882.09515	878.07782
882.10498	878.74445
882.11481	880.2998
882.12463	875.63312
882.13446	882.91925
882.14429	879.39746
882.15405	882.91925
882.16388	881.2998
882.17371	878.63312
882.18353	879.25262
882.19336	875.63312
882.20313	876.07782
882.21295	879.39746
882.22278	877.41113
882.23254	876.2998
882.24237	878.63312
882.2522	879.41113
882.26196	875.74445
882.27179	877.96649
882.28162	878.96649
882.29138	878.39746
882.30121	877.41113
882.31104	877.25262
882.3208	875.2998
882.33063	877.74445
882.34039	879.58594
882.35022	876.96649
882.35999	877.58594
882.36981	873.2998
882.37958	877.07782
882.3894	876.69727
882.39917	873.96649
882.409	879.95282
882.41876	876.2998
882.42859	881.96649
882.43835	876.2998
882.44818	882.69727
882.45795	875.2998
882.46771	874.07782
882.47754	880.74445
882.4873	877.39746
882.49707	872.74445
882.5069	876.2998
882.51666	879.07782
882.52643	875.63312
882.53625	876.91925
882.54602	874.07782
882.55579	880.2998
882.56555	878.58594
882.57538	881.07782
882.58514	881.2998
882.59491	877.91925
882.60468	879.61945
882.61444	878.69727
882.62421	880.96649
