796	857.72125
796.01215	863.07941
796.02429	866.83234
796.03644	868.75189
796.04865	868.94446
796.06079	869.13599
796.07294	869.86731
796.08508	869.73175
796.09723	871.72461
796.10938	871.77386
796.12152	873.23584
796.13373	872.3349
796.14587	870.51709
796.15802	870.68073
796.17017	871.95923
796.18231	871.61218
796.19446	871.67169
796.2066	872.77191
796.21881	870.4549
796.23096	871.30493
796.2431	872.55286
796.25525	872.46924
796.2674	872.14429
796.27954	872.91248
796.29169	872.49451
796.30389	871.76746
796.31604	872.6167
796.32819	872.18335
796.34033	870.82275
796.35248	871.43848
796.36462	871.70734
796.37677	872.94366
796.38898	874.17303
796.40112	873.64069
796.41327	872.4953
796.42542	871.88092
796.43756	872.10095
796.44971	871.38104
796.46185	872.62183
796.47406	871.67096
796.48621	872.25415
796.49835	872.30249
796.5105	872.38062
796.52264	872.68799
796.53479	873.39624
796.54694	873.01892
796.55914	872.01697
796.57129	872.61639
796.58344	872.00061
796.59558	871.49036
796.60773	872.03815
796.61987	872.18365
796.63202	872.39679
796.64423	873.17822
796.65637	873.17664
796.66852	872.45178
796.68066	872.53613
796.69281	871.19043
796.70496	871.16663
796.7171	871.74811
796.72931	871.81628
796.74146	873.75397
796.7536	872.68793
796.76575	870.49664
796.77789	872.11334
796.79004	872.75299
796.80219	871.47656
796.81439	873.63403
796.82654	873.21362
796.83868	872.7002
796.85083	872.2536
796.86298	872.50452
796.87512	872.72003
796.88727	873.75281
796.89948	873.03778
796.91162	871.53827
796.92377	872.38684
796.93591	872.95074
796.94806	871.65686
796.96021	871.41144
796.97235	872.3847
796.98456	872.93848
796.9967	872.64227
797.00885	872.08368
797.021	872.49207
797.03314	871.40369
797.04529	873.38873
797.05743	872.065
797.06964	872.49866
797.08179	871.30145
797.09393	870.57977
797.10608	871.60114
797.11823	870.1347
797.13037	872.41156
797.14252	872.46661
797.15472	870.98474
797.16687	872.06299
797.17902	872.42761
797.19116	872.70715
797.20331	872.29108
797.21545	872.32617
797.2276	872.98773
797.23981	872.71814
797.25195	872.71307
797.2641	872.42822
797.27625	872.12482
797.28839	873.57648
797.30054	873.72571
797.31268	872.17822
797.32489	872.47931
797.33704	872.41577
797.34918	873.48401
797.36133	872.21558
797.37347	870.70636
797.38562	871.38647
797.39777	873.29681
797.40997	873.42041
797.42212	872.58301
797.43427	871.15149
797.44641	871.86377
797.45856	873.36713
797.4707	872.54114
797.48285	872.01459
797.49506	872.73438
797.5072	872.94019
797.51935	872.54541
797.53149	873.34131
797.54364	873.11786
797.55579	872.09558
797.56793	871.35504
797.58014	872.59052
797.59229	872.42542
797.60443	871.22162
797.61658	871.81958
797.62872	872.58661
797.64087	872.37067
797.65302	872.29852
797.66522	873.16278
797.67737	874.01392
797.68951	873.04822
797.70166	872.73206
797.71381	873.34393
797.72595	871.67853
797.7381	871.82721
797.75031	872.4328
797.76245	870.98688
797.7746	872.13483
797.78674	872.26288
797.79889	869.35571
797.81104	872.23871
797.82318	873.19373
797.83539	872.97235
797.84753	871.45276
797.85968	871.63086
797.87183	872.63214
797.88397	873.16321
797.89612	872.1438
797.90826	873.04443
797.92047	872.64203
797.93262	872.013
797.94476	872.75311
797.95691	873.20898
797.96906	873.1358
797.9812	872.83929
797.99335	873.27832
798.00555	873.51794
798.0177	872.8244
798.02985	873.12793
798.04199	871.5672
798.05414	871.20917
798.06628	871.80664
798.07843	872.4024
798.09064	870.20587
798.10278	870.65973
798.11493	873.70013
798.12708	873.40698
798.13922	872.35748
798.15137	871.73535
798.16351	872.48718
798.17572	871.72845
798.18787	872.47192
798.20001	871.52527
798.21216	871.58545
798.2243	871.88995
798.23645	872.58203
798.2486	871.94482
798.2608	872.60095
798.27295	873.02527
798.2851	873.27557
798.29724	872.3587
798.30939	871.59143
798.32153	871.85059
798.33368	872.02002
798.34589	872.0611
798.35803	872.5274
798.37018	872.55414
798.38232	872.31116
798.39447	872.81866
798.40662	873.02051
798.41876	872.81537
798.43097	873.60016
798.44312	874.23676
798.45526	873.38428
798.46741	873.53265
798.47955	873.60468
798.4917	872.65387
798.50385	872.23517
798.51605	871.59045
798.5282	873.60284
798.54034	871.9187
798.55249	873.22571
798.56464	873.22821
798.57678	873.91858
798.58893	871.5022
798.60114	871.9505
798.61328	872.58899
798.62543	873.18524
798.63757	872.67914
798.64972	871.88153
798.66187	871.87189
798.67401	872.33276
798.68622	872.03845
798.69836	872.79108
798.71051	871.79614
798.72266	872.01257
798.7348	872.65948
798.74695	872.80072
798.75909	873.1972
798.77124	873.05872
798.78345	872.67163
798.79559	872.62085
798.80774	872.56183
798.81989	872.81689
798.83203	874.0061
798.84418	873.13184
798.85632	872.60638
798.86853	873.10187
798.88068	873.58557
798.89282	873.74121
798.90497	874.10785
798.91711	872.76837
798.92926	873.49805
798.94141	871.88733
798.95361	873.33813
798.96576	872.39099
798.97791	871.51752
798.99005	871.59064
799.0022	873.50195
799.01434	872.68359
799.02649	873.48468
799.0387	872.98395
799.05084	872.23431
799.06299	871.87994
799.07513	871.80176
799.08728	873.25513
799.09943	874.21991
799.11157	873.16602
799.12378	872.42889
799.13593	872.5174
799.14807	872.62677
799.16022	873.146
799.17236	872.88239
799.18451	873.06818
799.19666	872.88397
799.20886	871.61115
799.22101	871.25604
799.23315	871.73639
799.2453	872.55273
799.25745	872.73438
799.26959	872.62842
799.28174	872.22076
799.29395	872.90027
799.30609	871.4682
799.31824	873.42419
799.33038	873.15063
799.34253	872.48608
799.35468	872.42487
799.36682	873.47443
799.37903	872.57385
799.39117	873.26703
799.40332	874.00928
799.41547	873.09973
799.42761	873.0116
799.43976	873.37518
799.4519	872.20422
799.46411	872.3244
799.47626	872.68945
799.4884	874.12921
799.50055	872.37903
799.5127	872.95007
799.52484	873.40686
799.53699	874.08618
799.54919	873.31476
799.56134	872.20752
799.57349	871.39636
799.58563	873.45526
799.59778	874.20795
799.60992	872.97192
799.62207	872.69788
799.63428	872.82825
799.64642	872.38354
799.65857	872.02283
799.67072	871.8009
799.68286	871.9129
799.69501	871.96344
799.70715	872.65027
799.71936	872.75348
799.73151	871.9201
799.74365	871.47443
799.7558	871.80505
799.76794	873.18909
799.78009	873.57739
799.79224	873.61609
799.80444	873.04199
799.81659	871.86768
799.82874	872.06049
799.84088	872.77979
799.85303	873.65881
799.86517	873.82776
799.87732	873.85382
799.88953	871.76788
799.90167	871.43274
799.91382	872.63086
799.92596	873.64929
799.93811	874.70245
799.95026	873.68213
799.9624	872.21204
799.97461	872.94501
799.98676	873.27826
799.9989	872.47021
800.01105	871.72235
800.02319	871.49915
800.03534	872.49237
800.04749	872.44049
800.05969	872.34503
800.07184	872.88904
800.08398	872.57745
800.09613	872.92059
800.10828	873.04742
800.12042	872.7663
800.13257	871.69568
800.14478	873.35205
800.15692	874.375
800.16907	874.32703
800.18121	873.92041
800.19336	872.8302
800.20551	872.76337
800.21765	873.16003
800.22986	874.3573
800.242	873.81775
800.25415	873.37012
800.2663	873.02917
800.27844	872.57208
800.29059	872.78113
800.30273	872.3009
800.31494	871.90283
800.32709	874.60602
800.33923	873.54517
800.35138	873.26965
800.36353	873.88354
800.37567	873.58966
800.38782	873.05377
800.40002	872.75739
800.41217	874.32898
800.42432	873.37762
800.43646	874.81445
800.44861	873.96533
800.46075	875.12878
800.4729	873.71271
800.48511	872.86938
800.49725	873.15472
800.5094	874.95392
800.52155	873.64209
800.53369	873.82672
800.54584	874.25543
800.55798	873.52325
800.57019	873.50507
800.58234	872.47504
800.59448	874.35895
800.60663	874.25812
800.61877	873.46332
800.63092	873.69995
800.64307	874.43878
800.65527	874.22681
800.66742	874.43585
800.67957	875.0708
800.69171	873.59296
800.70386	873.3244
800.716	875.14417
800.72815	875.54468
800.74036	874.46472
800.7525	874.33038
800.76465	874.87732
800.77679	874.44409
800.78894	874.08716
800.80109	873.95984
800.81323	874.3067
800.82544	874.11462
800.83759	873.0838
800.84973	874.25378
800.86188	874.03906
800.87402	874.60492
800.88617	874.48987
800.89832	874.71844
800.91052	874.88318
800.92267	874.83777
800.93481	874.25317
800.94696	874.64685
800.95911	875.26416
800.97125	875.5155
800.9834	873.97235
800.99561	875.16077
801.00775	873.43384
801.0199	873.13293
801.03204	873.21997
801.04419	874.61572
801.05634	873.78632
801.06848	875.06232
801.08069	875.33179
801.09283	875.04932
801.10498	875.42517
801.11713	874.52679
801.12927	874.47009
801.14142	874.33185
801.15356	873.43469
801.16577	873.40271
801.17792	874.61731
801.19006	874.96558
801.20221	874.73077
801.21436	874.79645
801.2265	874.40668
801.23865	873.43817
801.25085	874.50159
801.263	873.89777
801.27515	873.03802
801.28729	874.65082
801.29944	873.45441
801.31158	873.14209
801.32373	874.28918
801.33594	873.37103
801.34808	872.56506
801.36023	873.09393
801.37238	873.48212
801.38452	873.98022
801.39667	873.85773
801.40881	873.91888
801.42102	874.06085
801.43317	873.85455
801.44531	873.2655
801.45746	872.914
801.4696	872.8667
801.48175	873.8277
801.4939	874.61438
801.5061	873.84601
801.51825	873.8222
801.5304	874.31085
801.54254	873.56665
801.55469	873.63086
801.56683	873.06073
801.57898	873.08618
801.59119	874.58771
801.60333	874.25195
801.61548	873.01379
801.62762	874.31232
801.63977	874.00708
801.65192	873.3515
801.66406	874.315
801.67627	872.87585
801.68842	871.90845
801.70056	872.34967
801.71271	873.43164
801.72485	874.3313
801.737	873.56641
801.74915	873.53687
801.76135	873.09271
801.7735	873.86444
801.78564	874.3382
801.79779	872.72656
801.80994	873.56067
801.82208	873.03339
801.83423	872.89246
801.84644	873.29486
801.85858	872.73462
801.87073	872.58051
801.88287	873.61487
801.89502	874.09125
801.90717	872.09436
801.91931	875.14563
801.93152	873.38654
801.94366	872.71021
801.95581	873.84454
801.96796	872.12268
801.9801	872.07098
801.99225	873.73749
802.00439	873.07239
802.0166	873.20111
802.02875	873.21735
802.04089	873.64838
802.05304	873.85846
802.06519	873.0592
802.07733	873.04468
802.08948	873.81775
802.10168	874.1189
802.11383	873.10004
802.12598	872.92279
802.13812	872.78143
802.15027	873.99628
802.16241	873.4989
802.17456	872.75879
802.18677	872.72186
802.19891	872.17926
802.21106	872.0351
802.22321	873.21082
802.23535	873.40039
802.2475	873.30145
802.25964	873.23236
802.27185	872.86304
802.284	872.60803
802.29614	873.09338
802.30829	873.90662
802.32043	873.69495
802.33258	873.10107
802.34473	873.07587
802.35693	874.02124
802.36908	873.57153
802.38123	872.03967
802.39337	872.63135
802.40552	872.16022
802.41766	872.61438
802.42981	871.09235
802.44202	873.36969
802.45416	873.41827
802.46631	871.73535
802.47845	871.01959
802.4906	871.88263
802.50275	872.38074
802.51489	872.75769
802.5271	872.56287
802.53925	872.30383
802.55139	872.60168
802.56354	871.7005
802.57568	871.79523
802.58783	873.29688
802.59998	873.16418
802.61218	874.46912
802.62433	873.16656
802.63647	871.87463
802.64862	872.52087
802.66077	872.70819
802.67291	871.4342
802.68506	871.67822
802.69727	871.52911
802.70941	872.49933
802.72156	872.74097
802.7337	872.38342
802.74585	872.59229
802.758	871.74786
802.77014	872.15308
802.78235	873.32324
802.79449	873.0968
802.80664	872.9212
802.81879	873.08246
802.83093	871.97473
802.84308	871.96326
802.85522	872.18835
802.86743	872.39728
802.87958	873.02661
802.89172	871.74426
802.90387	872.27478
802.91602	871.86285
802.92816	873.90802
802.94031	872.8103
802.95251	871.51605
802.96466	872.39978
802.97681	872.02563
802.98895	873.21997
803.0011	872.55139
803.01324	873.06091
803.02539	873.00574
803.0376	871.8667
803.04974	872.98254
803.06189	873.17859
803.07404	872.65424
803.08618	872.78729
803.09833	872.95575
803.11047	871.87335
803.12268	871.9054
803.13483	872.60376
803.14697	872.31763
803.15912	873.74365
803.17126	871.6972
803.18341	872.46234
803.19556	872.04053
803.20776	872.97339
803.21991	871.95544
803.23206	871.67468
803.2442	872.18768
803.25635	872.94946
803.26849	871.88324
803.28064	872.86475
803.29285	873.36383
803.30499	873.68384
803.31714	873.26019
803.32928	873.22687
803.34143	872.83588
803.35358	872.14941
803.36572	872.61884
803.37793	872.02966
803.39008	872.27252
803.40222	872.55566
803.41437	872.12274
803.42651	872.54492
803.43866	873.40253
803.45081	873.80182
803.46301	873.10834
803.47516	871.54071
803.4873	871.22345
803.49945	872.25665
803.5116	872.60516
803.52374	873.26056
803.53589	873.44385
803.5481	873.19562
803.56024	872.75305
803.57239	872.07037
803.58453	872.33441
803.59668	872.315
803.60883	872.26672
803.62097	871.41016
803.63318	871.94867
803.64532	871.94531
803.65747	871.65808
803.66962	871.81421
803.68176	871.4231
803.69391	871.8266
803.70605	871.48706
803.71826	871.55634
803.73041	871.90942
803.74255	871.26801
803.7547	872.05408
803.76685	872.40747
803.77899	871.61609
803.79114	872.40942
803.80334	872.65381
803.81549	872.10895
803.82764	872.27997
803.83978	872.10614
803.85193	872.46655
803.86407	871.97504
803.87622	871.99078
803.88843	871.30865
803.90057	872.45142
803.91272	872.36353
803.92487	872.84912
803.93701	873.4776
803.94916	872.47327
803.9613	872.31177
803.97351	872.31128
803.98566	872.25812
803.9978	871.633
804.00995	872.29315
804.02209	872.87836
804.03424	871.98993
804.04639	871.77374
804.05859	872.07147
804.07074	872.32416
804.08289	872.27979
804.09503	872.42603
804.10718	872.86816
804.11932	872.56714
804.13147	872.36438
804.14368	872.11749
804.15582	872.37366
804.16797	872.21515
804.18011	872.05658
804.19226	872.8089
804.20441	872.37805
804.21655	872.02502
804.22876	872.14056
804.24091	872.35248
804.25305	872.65979
804.2652	873.11713
804.27734	872.95319
804.28949	871.8421
804.30164	871.77222
804.31378	871.23761
804.32599	871.13867
804.33813	872.14874
804.35028	872.87787
804.36243	871.82227
804.37457	872.06195
804.38672	872.04779
804.39886	871.86871
804.41107	873.19458
804.42322	871.88654
804.43536	870.73328
804.44751	871.27441
804.45966	871.53741
804.4718	872.59637
804.48395	872.53015
804.49615	872.49042
804.5083	872.66919
804.52045	872.1781
804.53259	871.211
804.54474	871.67712
804.55688	872.03833
804.56903	872.69403
804.58124	872.4104
804.59338	871.88367
804.60553	872.22937
804.61768	872.05811
804.62982	872.22113
804.64197	871.98749
804.65411	871.72595
804.66632	871.20203
804.67847	872.53558
804.69061	872.34723
804.70276	871.61871
804.7149	872.17389
804.72705	872.5744
804.7392	872.46423
804.7514	872.53198
804.76355	872.04016
804.7757	871.89545
804.78784	871.96747
804.79999	871.97925
804.81213	872.39801
804.82428	872.01263
804.83649	872.18988
804.84863	872.3429
804.86078	872.24591
804.87292	871.89838
804.88507	871.89832
804.89722	871.73212
804.90936	872.36682
804.92157	872.33844
804.93372	870.74725
804.94586	871.68195
804.95801	871.99524
804.97015	872.58765
804.9823	871.61084
804.99445	871.92554
805.00665	871.49713
805.0188	870.87421
805.03094	871.65204
805.04309	872.28595
805.05524	872.14282
805.06738	872.81219
805.07953	871.448
805.09174	872.49139
805.10388	871.82355
805.11603	872.24615
805.12817	872.44434
805.14032	871.53845
805.15247	872.82294
805.16461	871.86426
805.17682	872.04724
805.18896	872.00012
805.20111	872.64069
805.21326	871.01489
805.2254	871.56598
805.23755	871.85834
805.24969	872.88965
805.2619	872.8017
805.27405	872.65936
805.28619	871.48291
805.29834	871.90491
805.31049	872.03503
805.32263	872.39868
805.33478	872.33588
805.34698	872.16492
805.35913	871.36975
805.37128	872.56171
805.38342	871.6228
805.39557	871.34271
805.40771	872.51501
805.41986	871.22644
805.43207	871.26135
805.44421	871.28467
805.45636	871.60364
805.46851	872.05414
805.48065	872.71497
805.4928	872.70349
805.50494	872.26422
805.51715	872.63275
805.5293	872.08081
805.54144	871.83624
805.55359	871.91785
805.56573	872.21802
805.57788	871.97522
805.59003	871.72296
805.60223	871.36346
805.61438	871.77466
805.62653	871.81348
805.63867	871.06171
805.65082	871.99127
805.66296	872.67603
805.67511	872.4729
805.68732	872.20514
805.69946	871.93811
805.71161	871.73163
805.72375	872.60565
805.7359	872.2536
805.74805	872.03271
805.76019	871.92853
805.7724	872.89252
805.78455	871.89832
805.79669	871.15796
805.80884	871.72821
805.82098	872.3161
805.83313	872.01007
805.84528	872.0495
805.85748	871.94
805.86963	872.57965
805.88177	872.22888
805.89392	873.06256
805.90607	873.17218
805.91821	872.37653
805.93036	872.77002
805.94257	873.05371
805.95471	872.4798
805.96686	871.76929
805.979	871.90717
805.99115	872.09875
806.0033	871.56036
806.01544	871.47253
806.02765	871.7359
806.03979	872.0517
806.05194	871.77209
806.06409	872.44061
806.07623	872.38721
806.08838	872.58624
806.10052	872.38165
806.11273	872.01477
806.12488	871.64294
806.13702	871.23712
806.14917	871.55798
806.16132	871.06561
806.17346	871.58789
806.18561	871.75208
806.19781	871.65076
806.20996	871.65918
806.22211	871.93219
806.23425	871.99878
806.2464	872.4585
806.25854	871.82385
806.27069	872.15405
806.2829	872.77832
806.29504	872.461
806.30719	872.40625
806.31934	872.5379
806.33148	872.53992
806.34363	872.29486
806.35577	871.99579
806.36798	872.24316
806.38013	872.3302
806.39227	872.21112
806.40442	871.73035
806.41656	872.28943
806.42871	871.94189
806.44086	871.24457
806.45306	872.08856
806.46521	872.18817
806.47736	871.80402
806.4895	872.19507
806.50165	872.64581
806.51379	873.06482
806.52594	872.53845
806.53815	871.79834
806.55029	871.88007
806.56244	872.45337
806.57458	871.8335
806.58673	871.26465
806.59888	871.24835
806.61102	872.73047
806.62323	872.52045
806.63538	871.72559
806.64752	871.79987
806.65967	872.30774
806.67181	871.57379
806.68396	871.18774
806.69611	871.38989
806.70831	872.19318
806.72046	872.2146
806.7326	871.75226
806.74475	871.88464
806.7569	871.38226
806.76904	872.00519
806.78119	872.45465
806.7934	872.06873
806.80554	871.86218
806.81769	871.76074
806.82983	871.87976
806.84198	872.10492
806.85413	872.40741
806.86627	871.61572
806.87848	872.7403
806.89063	872.47302
806.90277	871.30188
806.91492	872.08453
806.92706	872.2442
806.93921	871.26703
806.95135	872.22186
806.96356	871.69958
806.97571	871.79364
806.98785	872.04919
807	871.56152
807.01215	871.92731
807.02429	872.69458
807.03644	871.95868
807.04865	871.34174
807.06079	871.17682
807.07294	871.39911
807.08508	872.07196
807.09723	872.20502
807.10938	871.80646
807.12152	871.86597
807.13373	872.63385
807.14587	872.4743
807.15802	872.01746
807.17017	871.59912
807.18231	871.72089
807.19446	871.53973
807.2066	872.06921
807.21881	872.16882
807.23096	871.01276
807.2431	872.05078
807.25525	871.9375
807.2674	871.73065
807.27954	871.59125
807.29169	871.99017
807.30389	872.24078
807.31604	871.03961
807.32819	871.16864
807.34033	872.07648
807.35248	872.51678
807.36462	872.15344
807.37677	872.07135
807.38898	871.94153
807.40112	871.5694
807.41327	871.95825
807.42542	871.45856
807.43756	871.31543
807.44971	871.48938
807.46185	871.52728
807.47406	871.5423
807.48621	872.22064
807.49835	872.04553
807.5105	871.64575
807.52264	872.48444
807.53479	871.88849
807.54694	872.95721
807.55914	872.32947
807.57129	872.27765
807.58344	871.51105
807.59558	871.95795
807.60773	871.53003
807.61987	872.41785
807.63202	871.98871
807.64423	871.6369
807.65637	873.30505
807.66852	871.63123
807.68066	872.50507
807.69281	872.05084
807.70496	871.70691
807.7171	872.4411
807.72931	872.62244
807.74146	872.13495
807.7536	872.1983
807.76575	872.46832
807.77789	872.49756
807.79004	872.41412
807.80219	871.8938
807.81439	871.35291
807.82654	872.45819
807.83868	873.00482
807.85083	872.9519
807.86298	871.98035
807.87512	871.76117
807.88727	872.32465
807.89948	872.58453
807.91162	872.17285
807.92377	872.63788
807.93591	871.84186
807.94806	871.37122
807.96021	872.14355
807.97235	872.20215
807.98456	871.88892
807.9967	871.96027
808.00885	871.17389
808.021	872.90961
808.03314	872.33356
808.04529	872.43701
808.05743	872.05066
808.06964	871.49677
808.08179	872.33508
808.09393	872.32135
808.10608	872.17877
808.11823	871.57776
808.13037	872.23425
808.14252	872.09576
808.15472	872.01239
808.16687	871.87903
808.17902	872.1593
808.19116	872.14777
808.20331	872.16431
808.21545	871.97681
808.2276	872.75281
808.23981	872.71796
808.25195	872.17444
808.2641	872.55096
808.27625	872.10889
808.28839	872.27112
808.30054	871.89685
808.31268	872.57892
808.32489	871.84399
808.33704	872.91864
808.34918	872.75568
808.36133	872.82086
808.37347	871.73859
808.38562	871.44037
808.39777	872.38739
808.40997	872.2959
808.42212	872.93896
808.43427	872.04041
808.44641	872.83008
808.45856	872.21112
808.4707	872.56512
808.48285	872.57135
808.49506	872.67523
808.5072	872.28461
808.51935	871.86841
808.53149	872.32361
808.54364	873.60864
808.55579	872.08923
808.56793	871.49756
808.58014	872.39832
808.59229	872.53326
808.60443	872.29004
808.61658	871.52686
808.62872	872.03766
808.64087	872.05164
808.65302	872.69281
808.66522	872.07904
808.67737	872.63715
808.68951	872.44006
808.70166	872.10474
808.71381	871.65076
808.72595	872.22925
808.7381	871.71832
808.75031	871.42206
808.76245	872.46356
808.7746	871.85992
808.78674	872.47382
808.79889	872.16876
808.81104	872.42419
808.82318	871.88922
808.83539	872.05023
808.84753	872.09332
808.85968	872.09558
808.87183	872.94281
808.88397	872.24469
808.89612	873.45148
808.90826	873.29633
808.92047	872.25806
808.93262	872.62292
808.94476	872.11621
808.95691	872.35492
808.96906	871.28418
808.9812	871.75934
808.99335	871.79376
809.00555	872.41986
809.0177	873.05444
809.02985	872.86029
809.04199	872.55884
809.05414	872.31775
809.06628	872.66223
809.07843	872.53119
809.09064	873.19196
809.10278	872.32562
809.11493	871.78094
809.12708	871.94812
809.13922	871.89722
809.15137	871.56543
809.16351	872.4671
809.17572	872.86963
809.18787	871.73895
809.20001	872.59473
809.21216	872.47662
809.2243	872.90143
809.23645	873.28394
809.2486	872.65796
809.2608	871.87573
809.27295	872.48065
809.2851	872.51141
809.29724	872.65479
809.30939	872.82141
809.32153	872.37714
809.33368	872.33057
809.34589	872.44855
809.35803	871.99213
809.37018	872.68744
809.38232	872.25684
809.39447	872.84155
809.40662	872.78711
809.41876	872.56604
809.43097	872.35956
809.44312	871.95453
809.45526	872.51227
809.46741	871.62292
809.47955	872.22839
809.4917	872.41376
809.50385	872.00159
809.51605	872.17285
809.5282	872.71198
809.54034	873.24634
809.55249	872.24957
809.56464	871.61694
809.57678	872.68695
809.58893	871.83966
809.60114	872.13776
809.61328	872.1781
809.62543	872.33026
809.63757	872.29236
809.64972	872.49799
809.66187	872.2251
809.67401	872.35425
809.68622	872.85535
809.69836	872.88824
809.71051	872.19574
809.72266	871.70099
809.7348	872.79401
809.74695	872.81775
809.75909	872.21289
809.77124	872.96423
809.78345	872.4129
809.79559	872.2641
809.80774	872.78833
809.81989	873.3736
809.83203	873.0459
809.84418	873.37134
809.85632	872.51221
809.86853	872.42645
809.88068	871.98126
809.89282	872.28809
809.90497	873.49927
809.91711	872.82062
809.92926	873.24481
809.94141	872.35046
809.95361	872.86957
809.96576	872.99146
809.97791	873.66956
809.99005	873.22821
810.0022	872.39325
810.01434	873.16919
810.02649	873.36853
810.0387	873.3808
810.05084	873.06036
810.06299	873.04651
810.07513	872.83289
810.08728	872.61658
810.09943	872.76489
810.11157	873.48236
810.12378	873.53961
810.13593	873.61713
810.14807	873.53711
810.16022	873.44409
810.17236	873.23682
810.18451	873.651
810.19666	873.26263
810.20886	873.28857
810.22101	873.48322
810.23315	873.67749
810.2453	873.61249
810.25745	874.1413
810.26959	873.67535
810.28174	873.9881
810.29395	873.716
810.30609	873.49762
810.31824	873.73596
810.33038	874.58777
810.34253	873.77533
810.35468	874.29785
810.36682	874.3963
810.37903	874.59003
810.39117	874.42749
810.40332	874.59863
810.41547	874.5661
810.42761	873.80109
810.43976	874.31824
810.4519	874.84949
810.46411	874.14105
810.47626	873.91565
810.4884	874.51691
810.50055	874.19611
810.5127	873.18823
810.52484	873.12042
810.53699	875.15985
810.54919	875.43378
810.56134	874.50848
810.57349	873.90698
810.58563	875.03271
810.59778	875.66119
810.60992	875.23907
810.62207	875.92023
810.63428	875.46899
810.64642	875.25323
810.65857	875.81915
810.67072	875.48779
810.68286	874.85828
810.69501	875.1546
810.70715	874.19165
810.71936	875.5509
810.73151	875.42151
810.74365	875.98645
810.7558	876.0282
810.76794	875.56659
810.78009	876.22778
810.79224	875.85199
810.80444	875.58997
810.81659	875.57684
810.82874	875.17639
810.84088	874.8327
810.85303	874.76941
810.86517	874.6131
810.87732	874.57288
810.88953	874.5351
810.90167	873.96875
810.91382	873.96106
810.92596	874.30182
810.93811	873.56824
810.95026	873.49609
810.9624	873.69495
810.97461	874.422
810.98676	874.8894
810.9989	874.64441
811.01105	874.18774
811.02319	874.20313
811.03534	874.55249
811.04749	874.36188
811.05969	874.13129
811.07184	873.86102
811.08398	873.61755
811.09613	873.44849
811.10828	873.5791
811.12042	874.37585
811.13257	874.16803
811.14478	873.79785
811.15692	873.66345
811.16907	873.11713
811.18121	873.5979
811.19336	874.07489
811.20551	873.99487
811.21765	874.37488
811.22986	873.8595
811.242	873.76794
811.25415	873.93304
811.2663	873.23828
811.27844	873.4577
811.29059	872.6507
811.30273	873.52869
811.31494	873.10364
811.32709	872.62317
811.33923	873.47375
811.35138	872.98407
811.36353	872.96106
811.37567	873.62036
811.38782	873.7702
811.40002	873.60199
811.41217	873.24731
811.42432	874.29437
811.43646	874.83673
811.44861	874.54706
811.46075	873.74084
811.4729	873.11151
811.48511	873.78943
811.49725	874.18445
811.5094	874.09064
811.52155	874.06396
811.53369	873.11292
811.54584	874.13721
811.55798	873.75159
811.57019	873.59137
811.58234	873.28186
811.59448	872.8963
811.60663	873.08026
811.61877	873.06445
811.63092	873.57935
811.64307	873.78857
811.65527	873.68744
811.66742	873.12366
811.67957	872.78192
811.69171	873.22736
811.70386	873.22894
811.716	873.51129
811.72815	873.26813
811.74036	872.65277
811.7525	872.53333
811.76465	872.83716
811.77679	872.88177
811.78894	872.6413
811.80109	872.79596
811.81323	873.13763
811.82544	873.53564
811.83759	874.29791
811.84973	873.70294
811.86188	873.18524
811.87402	872.2605
811.88617	872.83643
811.89832	872.54828
811.91052	873.53546
811.92267	873.4198
811.93481	873.18555
811.94696	873.26062
811.95911	872.99036
811.97125	873.41638
811.9834	873.4317
811.99561	873.1087
812.00775	872.71753
812.0199	872.71307
812.03204	872.44232
812.04419	873.41559
812.05634	872.81433
812.06848	873.52228
812.08069	873.23602
812.09283	872.52948
812.10498	873.80585
812.11713	872.96356
812.12927	873.3924
812.14142	874.30579
812.15356	873.11597
812.16577	873.56976
812.17792	873.14996
812.19006	874.9234
812.20221	873.94214
812.21436	873.63489
812.2265	873.22217
812.23865	873.0274
812.25085	873.39722
812.263	873.49487
812.27515	873.04163
812.28729	873.6991
812.29944	873.271
812.31158	872.94073
812.32373	873.33496
812.33594	873.11859
812.34808	872.79608
812.36023	873.01831
812.37238	873.0238
812.38452	873.23132
812.39667	873.84296
812.40881	874.32184
812.42102	874.46631
812.43317	873.84027
812.44531	873.36578
812.45746	873.34509
812.4696	873.4986
812.48175	872.95166
812.4939	872.65344
812.5061	872.48962
812.51825	873.63312
812.5304	873.05554
812.54254	873.24438
812.55469	873.7666
812.56683	872.99542
812.57898	872.92999
812.59119	872.71051
812.60333	873.01373
812.61548	873.67145
812.62762	873.20496
812.63977	873.20642
812.65192	873.94415
812.66406	873.43646
812.67627	873.59753
812.68842	872.67816
812.70056	874.38513
812.71271	874.12756
812.72485	873.5658
812.737	873.24219
812.74915	872.73871
812.76135	873.60364
812.7735	873.26788
812.78564	873.94189
812.79779	873.47174
812.80994	873.3468
812.82208	872.39276
812.83423	874.0155
812.84644	874.2923
812.85858	872.94067
812.87073	873.79791
812.88287	873.45081
812.89502	873.97723
812.90717	874.31494
812.91931	873.47607
812.93152	874.17529
812.94366	875.2149
812.95581	874.92914
812.96796	874.8382
812.9801	874.56
812.99225	873.61383
813.00439	874.14954
813.0166	874.61548
813.02875	874.47729
813.04089	874.89105
813.05304	873.68011
813.06519	874.03436
813.07733	874.31165
813.08948	874.50269
813.10168	874.45715
813.11383	875.06519
813.12598	874.49884
813.13812	874.59985
813.15027	874.90039
813.16241	875.04352
813.17456	874.78052
813.18677	875.07538
813.19891	875.60681
813.21106	874.62061
813.22321	875.29211
813.23535	874.51709
813.2475	874.57861
813.25964	874.90607
813.27185	875.10333
813.284	875.00049
813.29614	875.32129
813.30829	875.65961
813.32043	875.40491
813.33258	875.67377
813.34473	875.80066
813.35693	875.30219
813.36908	876.42792
813.38123	877.09149
813.39337	876.35535
813.40552	876.23431
813.41766	876.02582
813.42981	877.18835
813.44202	877.46509
813.45416	877.62781
813.46631	878.63989
813.47845	878.03473
813.4906	879.15308
813.50275	879.97455
813.51489	879.3067
813.5271	879.10504
813.53925	879.35687
813.55139	879.45386
813.56354	878.85712
813.57568	880.85425
813.58783	881.90491
813.59998	880.50409
813.61218	880.83521
813.62433	881.13684
813.63647	882.53949
813.64862	882.25623
813.66077	884.58441
813.67291	882.85828
813.68506	883.41742
813.69727	883.12506
813.70941	883.52148
813.72156	884.95953
813.7337	886.03296
813.74585	885.83588
813.758	886.32324
813.77014	887.41223
813.78235	888.52271
813.79449	891.96942
813.80664	893.39758
813.81879	893.05072
813.83093	896.98169
813.84308	897.40997
813.85522	896.24609
813.86743	898.26691
813.87958	899.62982
813.89172	897.59186
813.90387	895.54041
813.91602	894.44812
813.92816	895.20557
813.94031	891.45782
813.95251	890.67389
813.96466	891.27606
813.97681	888.75128
813.98895	886.53644
814.0011	885.19537
814.01324	885.25629
814.02539	883.33112
814.0376	882.10199
814.04974	881.76538
814.06189	879.80261
814.07404	879.02661
814.08618	878.18732
814.09833	877.60126
814.11047	878.59753
814.12268	877.48663
814.13483	876.38702
814.14697	876.414
814.15912	877.19629
814.17126	877.43304
814.18341	875.97058
814.19556	876.24347
814.20776	876.22589
814.21991	875.53259
814.23206	875.63153
814.2442	875.68756
814.25635	875.58112
814.26849	874.34784
814.28064	874.76758
814.29285	875.2099
814.30499	874.19495
814.31714	875.20654
814.32928	874.67993
814.34143	875.20184
814.35358	874.45673
814.36572	873.88922
814.37793	874.17725
814.39008	874.10089
814.40222	875.08209
814.41437	874.52863
814.42651	874.48871
814.43866	875.94482
814.45081	874.04517
814.46301	873.95068
814.47516	873.78516
814.4873	874.09033
814.49945	875.24292
814.5116	874.71039
814.52374	873.03381
814.53589	873.96564
814.5481	873.46161
814.56024	874.24286
814.57239	874.41711
814.58453	873.18658
814.59668	874.52362
814.60883	874.13959
814.62097	873.95087
814.63318	873.95496
814.64532	874.2099
814.65747	875.0285
814.66962	873.92517
814.68176	874.15741
814.69391	874.98767
814.70605	875.11487
814.71826	872.75763
814.73041	872.26508
814.74255	874.68463
814.7547	874.2702
814.76685	874.73633
814.77899	873.927
814.79114	873.86188
814.80334	872.38879
814.81549	873.00861
814.82764	872.88806
814.83978	873.35773
814.85193	872.71173
814.86407	872.90936
814.87622	874.21704
814.88843	873.45746
814.90057	873.18628
814.91272	873.49298
814.92487	873.87067
814.93701	873.78058
814.94916	873.79004
814.9613	874.54633
814.97351	874.32361
814.98566	873.89844
814.9978	872.54431
815.00995	871.77155
815.02209	873.3681
815.03424	873.40576
815.04639	873.62927
815.05859	874.23004
815.07074	872.77405
815.08289	873.05243
815.09503	872.68707
815.10718	872.03339
815.11932	874.05701
815.13147	873.16443
815.14368	874.27686
815.15582	873.1062
815.16797	873.92798
815.18011	873.67871
815.19226	874.12067
815.20441	874.08093
815.21655	872.95087
815.22876	872.53357
815.24091	873.46246
815.25305	872.89081
815.2652	873.68896
815.27734	872.97797
815.28949	873.82605
815.30164	873.85767
815.31378	873.94427
815.32599	874.17462
815.33813	873.31183
815.35028	872.64655
815.36243	872.95691
815.37457	873.96771
815.38672	873.55853
815.39886	873.31165
815.41107	873.98486
815.42322	873.31152
815.43536	873.1275
815.44751	873.39502
815.45966	872.7251
815.4718	873.4248
815.48395	874.14111
815.49615	874.49323
815.5083	874.44727
815.52045	872.16425
815.53259	873.03094
815.54474	872.3064
815.55688	873.71545
815.56903	873.203
815.58124	872.49664
815.59338	873.88611
815.60553	873.04828
815.61768	872.73206
815.62982	871.60388
815.64197	873.19019
815.65411	874.73291
815.66632	871.90814
815.67847	873.05164
815.69061	874.87744
815.70276	873.06287
815.7149	871.8656
815.72705	872.30823
815.7392	873.10248
815.7514	872.30597
815.76355	872.25262
815.7757	872.6947
815.78784	872.25153
815.79999	872.13074
815.81213	872.81903
815.82428	873.685
815.83649	873.96313
815.84863	873.80426
815.86078	873.63495
815.87292	873.37006
815.88507	873.0462
815.89722	873.32556
815.90936	872.54376
815.92157	872.03278
815.93372	873.20807
815.94586	873.10229
815.95801	872.72766
815.97015	872.63885
815.9823	871.86591
815.99445	874.40381
816.00665	873.20575
816.0188	871.90631
816.03094	873.22552
816.04309	873.65942
816.05524	873.00037
816.06738	873.3194
816.07953	873.05237
816.09174	874.40497
816.10388	872.07867
816.11603	872.50488
816.12817	873.09491
816.14032	872.84918
816.15247	872.52277
816.16461	871.76105
816.17682	873.32904
816.18896	873.13794
816.20111	873.78168
816.21326	873.42633
816.2254	873.12
816.23755	873.28052
816.24969	873.35736
816.2619	873.39801
816.27405	873.15021
816.28619	872.77985
816.29834	873.08118
816.31049	873.3819
816.32263	873.29462
816.33478	873.0379
816.34698	873.33423
816.35913	873.55121
816.37128	872.90277
816.38342	873.69
816.39557	872.9931
816.40771	872.10583
816.41986	872.88208
816.43207	873.36475
816.44421	874.52954
816.45636	873.79504
816.46851	874.16559
816.48065	873.4397
816.4928	874.91705
816.50494	873.40411
816.51715	873.49646
816.5293	872.84607
816.54144	873.28278
816.55359	873.47571
816.56573	873.37732
816.57788	874.14874
816.59003	874.07526
816.60223	873.58685
816.61438	873.31769
816.62653	873.18848
816.63867	872.08551
816.65082	872.13068
816.66296	872.80719
816.67511	872.47955
816.68732	872.43616
816.69946	872.74158
816.71161	872.78772
816.72375	873.27576
816.7359	873.19507
816.74805	872.71082
816.76019	873.67609
816.7724	872.7334
816.78455	871.87537
816.79669	872.21149
816.80884	872.86261
816.82098	873.47418
816.83313	872.49084
816.84528	871.80292
816.85748	872.89221
816.86963	872.39215
816.88177	873.12207
816.89392	873.16809
816.90607	872.33154
816.91821	871.33179
816.93036	872.38904
816.94257	873.51941
816.95471	872.24866
816.96686	871.76575
816.979	873.27808
816.99115	872.98541
817.0033	873.8501
817.01544	873.73639
817.02765	873.56201
817.03979	873.44006
817.05194	873.6601
817.06409	873.61456
817.07623	872.68982
817.08838	872.23987
817.10052	872.75397
817.11273	873.57092
817.12488	873.4931
817.13702	873.24768
817.14917	873.90125
817.16132	872.86047
817.17346	872.98291
817.18561	872.48346
817.19781	871.5553
817.20996	871.77441
817.22211	871.50067
817.23425	874.30884
817.2464	871.59302
817.25854	873.39758
817.27069	872.46088
817.2829	871.24744
817.29504	871.19165
817.30719	871.99298
817.31934	872.63452
817.33148	872.90869
817.34363	872.08606
817.35577	873.31201
817.36798	872.88947
817.38013	873.11218
817.39227	873.66669
817.40442	872.11957
817.41656	872.80634
817.42871	873.93024
817.44086	873.39423
817.45306	873.85834
817.46521	874.95996
817.47736	873.64496
817.4895	874.18408
817.50165	873.90125
817.51379	873.75171
817.52594	875.31793
817.53815	875.24902
817.55029	873.06433
817.56244	874.13202
817.57458	873.20563
817.58673	873.13763
817.59888	874.40088
817.61102	873.63934
817.62323	872.92548
817.63538	873.24396
817.64752	871.7619
817.65967	871.28564
817.67181	872.08276
817.68396	873.49384
817.69611	873.39087
817.70831	872.38464
817.72046	872.54651
817.7326	872.12463
817.74475	872.54816
817.7569	872.10065
817.76904	873.2074
817.78119	872.64423
817.7934	872.68304
817.80554	872.63092
817.81769	873.88544
817.82983	873.92413
817.84198	873.62378
817.85413	870.99323
817.86627	871.85138
817.87848	872.81683
817.89063	873.59729
817.90277	873.87506
817.91492	872.18726
817.92706	873.89514
817.93921	872.40112
817.95135	872.37134
817.96356	874.25726
817.97571	874.17902
817.98785	873.96301
818	872.47137
