796	859.35254
796.01215	864.46564
796.02429	867.24768
796.03644	869.04388
796.04865	870.32324
796.06079	871.01642
796.07294	872.11371
796.08508	871.67596
796.09723	871.71436
796.10938	872.14044
796.12152	871.94794
796.13373	871.67029
796.14587	871.85193
796.15802	872.95923
796.17017	871.91656
796.18231	871.91663
796.19446	870.97382
796.2066	871.14813
796.21881	871.79791
796.23096	872.6499
796.2431	873.02112
796.25525	874.18787
796.2674	872.82806
796.27954	872.4364
796.29169	871.73926
796.30389	871.46295
796.31604	872.75183
796.32819	872.67352
796.34033	872.26025
796.35248	872.52197
796.36462	871.96747
796.37677	871.76831
796.38898	870.65369
796.40112	872.867
796.41327	872.58392
796.42542	872.17383
796.43756	873.32184
796.44971	874.06012
796.46185	872.70215
796.47406	874.33325
796.48621	873.64014
796.49835	872.9809
796.5105	872.0943
796.52264	873.28729
796.53479	872.94092
796.54694	873.90686
796.55914	872.97913
796.57129	873.91174
796.58344	874.33838
796.59558	873.47369
796.60773	873.21869
796.61987	873.07349
796.63202	872.84442
796.64423	872.95917
796.65637	872.50299
796.66852	871.79938
796.68066	871.86035
796.69281	871.17706
796.70496	872.547
796.7171	873.35419
796.72931	875.56079
796.74146	874.51489
796.7536	872.90051
796.76575	872.01099
796.77789	873.58612
796.79004	871.89264
796.80219	872.12927
796.81439	871.77594
796.82654	872.31323
796.83868	873.24805
796.85083	873.82544
796.86298	872.14044
796.87512	872.8175
796.88727	873.47327
796.89948	872.48187
796.91162	872.73468
796.92377	871.74866
796.93591	871.39288
796.94806	873.37885
796.96021	873.56769
796.97235	873.0882
796.98456	873.34119
796.9967	872.82373
797.00885	873.51593
797.021	874.172
797.03314	873.55499
797.04529	874.01392
797.05743	873.5462
797.06964	872.21759
797.08179	873.4834
797.09393	871.76135
797.10608	872.40839
797.11823	872.82062
797.13037	871.41492
797.14252	872.54065
797.15472	872.32037
797.16687	872.47925
797.17902	872.19226
797.19116	871.62329
797.20331	871.32025
797.21545	872.19965
797.2276	873.59308
797.23981	873.23126
797.25195	872.3833
797.2641	872.24933
797.27625	872.85425
797.28839	873.25458
797.30054	872.94495
797.31268	872.68378
797.32489	871.63739
797.33704	872.30823
797.34918	872.90497
797.36133	872.06146
797.37347	872.71185
797.38562	874.06677
797.39777	872.00824
797.40997	872.89459
797.42212	874.12885
797.43427	873.09216
797.44641	873.66504
797.45856	874.02496
797.4707	872.9295
797.48285	871.96521
797.49506	873.29596
797.5072	871.9856
797.51935	872.50397
797.53149	874.55719
797.54364	873.9187
797.55579	872.72876
797.56793	874.14447
797.58014	874.34393
797.59229	872.95929
797.60443	871.48395
797.61658	871.42432
797.62872	872.37329
797.64087	872.89319
797.65302	873.77997
797.66522	874.00464
797.67737	873.71429
797.68951	873.3158
797.70166	873.11975
797.71381	873.19305
797.72595	873.47351
797.7381	873.9458
797.75031	873.77051
797.76245	871.57855
797.7746	872.58405
797.78674	872.54767
797.79889	871.24988
797.81104	871.25726
797.82318	870.73138
797.83539	873.06262
797.84753	873.36975
797.85968	873.84967
797.87183	874.75702
797.88397	874.35217
797.89612	872.7478
797.90826	872.84924
797.92047	873.73071
797.93262	873.26691
797.94476	873.07446
797.95691	873.15924
797.96906	872.29114
797.9812	871.83087
797.99335	872.43732
798.00555	873.45825
798.0177	874.45422
798.02985	874.18414
798.04199	873.33795
798.05414	872.92047
798.06628	872.55707
798.07843	872.46826
798.09064	872.92181
798.10278	872.85413
798.11493	873.14014
798.12708	871.54712
798.13922	872.95374
798.15137	872.10876
798.16351	873.58099
798.17572	872.75732
798.18787	872.15723
798.20001	873.39093
798.21216	872.88147
798.2243	872.93805
798.23645	872.64099
798.2486	871.19635
798.2608	872.20941
798.27295	873.11261
798.2851	872.73999
798.29724	872.0802
798.30939	872.32214
798.32153	873.07294
798.33368	872.362
798.34589	872.36639
798.35803	873.18201
798.37018	872.19891
798.38232	871.82806
798.39447	872.89557
798.40662	872.58551
798.41876	872.48138
798.43097	872.97705
798.44312	872.32471
798.45526	872.33954
798.46741	872.79193
798.47955	872.74176
798.4917	871.46228
798.50385	872.4101
798.51605	872.34467
798.5282	873.17853
798.54034	873.6698
798.55249	872.71234
798.56464	873.07526
798.57678	872.82611
798.58893	872.7403
798.60114	872.52502
798.61328	873.52515
798.62543	873.18243
798.63757	873.02991
798.64972	872.03412
798.66187	873.83112
798.67401	872.13385
798.68622	872.09821
798.69836	873.1402
798.71051	873.12677
798.72266	874.10638
798.7348	874.1687
798.74695	872.15869
798.75909	872.10626
798.77124	873.17932
798.78345	873.00842
798.79559	872.60297
798.80774	872.83606
798.81989	874.32617
798.83203	874.05511
798.84418	873.56738
798.85632	872.80139
798.86853	871.71875
798.88068	872.75275
798.89282	873.20898
798.90497	872.54919
798.91711	873.59784
798.92926	872.39337
798.94141	872.93073
798.95361	872.03979
798.96576	874.35382
798.97791	873.47101
798.99005	875.09454
799.0022	873.79449
799.01434	873.59412
799.02649	873.53888
799.0387	872.81525
799.05084	873.8656
799.06299	872.7179
799.07513	872.80701
799.08728	872.23645
799.09943	872.87543
799.11157	873.63922
799.12378	873.5755
799.13593	873.31116
799.14807	873.02942
799.16022	873.98706
799.17236	873.61633
799.18451	874.13165
799.19666	874.55988
799.20886	872.47052
799.22101	871.7489
799.23315	872.08759
799.2453	872.79254
799.25745	873.57611
799.26959	872.71271
799.28174	873.19226
799.29395	873.01221
799.30609	873.72498
799.31824	873.52795
799.33038	873.58997
799.34253	873.62714
799.35468	872.3736
799.36682	873.46295
799.37903	872.8988
799.39117	874.74384
799.40332	874.73132
799.41547	873.94586
799.42761	873.78625
799.43976	873.2699
799.4519	873.89832
799.46411	873.25684
799.47626	874.4826
799.4884	873.47894
799.50055	873.1236
799.5127	871.26544
799.52484	871.9375
799.53699	873.12372
799.54919	874.15656
799.56134	873.42682
799.57349	874.08234
799.58563	873.79724
799.59778	873.8689
799.60992	873.69287
799.62207	872.87109
799.63428	872.53619
799.64642	871.85431
799.65857	872.13293
799.67072	873.83612
799.68286	874.07562
799.69501	872.96606
799.70715	872.84119
799.71936	873.18933
799.73151	873.09296
799.74365	872.8761
799.7558	872.71051
799.76794	874.02917
799.78009	874.08844
799.79224	872.89606
799.80444	871.25861
799.81659	872.4259
799.82874	872.54285
799.84088	872.30835
799.85303	873.49384
799.86517	872.90088
799.87732	873.54218
799.88953	873.26416
799.90167	872.21698
799.91382	873.84009
799.92596	873.61005
799.93811	873.24927
799.95026	871.26971
799.9624	872.21661
799.97461	873.96973
799.98676	874.84473
799.9989	873.32733
800.01105	872.80396
800.02319	871.57739
800.03534	872.409
800.04749	872.86859
800.05969	873.71295
800.07184	874.14783
800.08398	873.60089
800.09613	873.52606
800.10828	872.66699
800.12042	872.47852
800.13257	873.06036
800.14478	873.14166
800.15692	872.59973
800.16907	872.93042
800.18121	872.46912
800.19336	871.86499
800.20551	872.45941
800.21765	873.61877
800.22986	874.53278
800.242	874.43561
800.25415	873.4649
800.2663	873.0094
800.27844	873.25067
800.29059	874.48529
800.30273	874.13367
800.31494	873.30127
800.32709	874.49506
800.33923	873.86206
800.35138	873.69873
800.36353	873.83325
800.37567	873.75958
800.38782	872.53308
800.40002	873.61053
800.41217	873.65234
800.42432	873.42834
800.43646	873.53827
800.44861	873.06104
800.46075	872.49152
800.4729	873.33258
800.48511	873.12262
800.49725	872.20703
800.5094	873.61859
800.52155	874.01361
800.53369	873.58685
800.54584	873.53619
800.55798	873.87018
800.57019	873.68939
800.58234	874.302
800.59448	874.51038
800.60663	872.1991
800.61877	872.85217
800.63092	873.49677
800.64307	873.32306
800.65527	871.97504
800.66742	872.25
800.67957	872.87561
800.69171	872.66071
800.70386	873.07953
800.716	873.49316
800.72815	873.66211
800.74036	873.37891
800.7525	873.8783
800.76465	874.36987
800.77679	874.20477
800.78894	873.95093
800.80109	873.49762
800.81323	873.88
800.82544	873.92535
800.83759	873.90924
800.84973	873.27954
800.86188	873.79791
800.87402	874.1701
800.88617	873.89722
800.89832	874.02777
800.91052	873.59796
800.92267	873.15564
800.93481	872.76428
800.94696	874.17578
800.95911	874.01031
800.97125	873.46655
800.9834	874.07666
800.99561	873.84253
801.00775	872.99652
801.0199	873.70734
801.03204	874.18378
801.04419	873.3172
801.05634	873.45929
801.06848	873.02222
801.08069	872.23499
801.09283	874.26978
801.10498	874.11353
801.11713	874.13153
801.12927	873.83624
801.14142	874.3667
801.15356	874.25531
801.16577	872.8374
801.17792	873.15289
801.19006	873.50397
801.20221	874.19452
801.21436	874.00592
801.2265	874.08044
801.23865	873.60114
801.25085	873.73969
801.263	873.74939
801.27515	874.4917
801.28729	874.16565
801.29944	874.22345
801.31158	873.82312
801.32373	873.19153
801.33594	874.41669
801.34808	874.27625
801.36023	874.48816
801.37238	875.24463
801.38452	874.77252
801.39667	874.54456
801.40881	874.94012
801.42102	874.78369
801.43317	875.74597
801.44531	876.2887
801.45746	874.69836
801.4696	874.54108
801.48175	874.86841
801.4939	874.64789
801.5061	873.59027
801.51825	873.41785
801.5304	874.80353
801.54254	874.841
801.55469	875.6405
801.56683	874.9411
801.57898	873.76392
801.59119	874.07861
801.60333	874.55865
801.61548	873.89099
801.62762	874.80646
801.63977	873.34338
801.65192	873.65424
801.66406	874.30774
801.67627	874.63745
801.68842	874.60303
801.70056	875.63104
801.71271	874.7724
801.72485	875.20044
801.737	875.51648
801.74915	875.74536
801.76135	876.1507
801.7735	876.22162
801.78564	874.85577
801.79779	875.06934
801.80994	875.18622
801.82208	875.98145
801.83423	874.91711
801.84644	876.70441
801.85858	877.16418
801.87073	874.98413
801.88287	877.0614
801.89502	876.08435
801.90717	875.72534
801.91931	876.22809
801.93152	875.60333
801.94366	874.96796
801.95581	876.33539
801.96796	876.18964
801.9801	876.99744
801.99225	876.61432
802.00439	876.90363
802.0166	877.18427
802.02875	877.09241
802.04089	875.91901
802.05304	877.82623
802.06519	876.50452
802.07733	876.24316
802.08948	876.02673
802.10168	875.67181
802.11383	876.24109
802.12598	876.91248
802.13812	876.63953
802.15027	877.25085
802.16241	875.71204
802.17456	876.54803
802.18677	877.60504
802.19891	878.01636
802.21106	878.31873
802.22321	877.98828
802.23535	877.21265
802.2475	877.24884
802.25964	878.06177
802.27185	878.77991
802.284	877.86151
802.29614	877.03473
802.30829	878.36603
802.32043	877.74249
802.33258	877.86072
802.34473	877.45673
802.35693	877.26465
802.36908	876.86298
802.38123	876.73004
802.39337	876.93799
802.40552	878.54523
802.41766	878.80212
802.42981	877.39417
802.44202	876.51453
802.45416	877.34503
802.46631	878.11353
802.47845	877.27734
802.4906	878.83795
802.50275	877.68195
802.51489	877.54169
802.5271	877.39532
802.53925	876.94904
802.55139	878.09784
802.56354	878.06787
802.57568	876.71289
802.58783	876.53986
802.59998	877.04297
802.61218	877.69318
802.62433	876.94604
802.63647	877.63458
802.64862	877.51569
802.66077	876.37134
802.67291	877.32385
802.68506	876.73608
802.69727	875.87885
802.70941	877.15131
802.72156	877.10822
802.7337	875.51385
802.74585	876.81909
802.758	877.45813
802.77014	878.7981
802.78235	877.34985
802.79449	877.24152
802.80664	877.27124
802.81879	876.61707
802.83093	875.96179
802.84308	876.95575
802.85522	877.15259
802.86743	876.67828
802.87958	877.46924
802.89172	878.18201
802.90387	876.6795
802.91602	875.47003
802.92816	874.87689
802.94031	876.19385
802.95251	877.29346
802.96466	877.0495
802.97681	876.61969
802.98895	875.73297
803.0011	876.89172
803.01324	876.70667
803.02539	877.55695
803.0376	876.92432
803.04974	876.698
803.06189	876.34363
803.07404	876.84583
803.08618	877.15338
803.09833	875.94495
803.11047	874.92407
803.12268	876.91589
803.13483	876.62579
803.14697	876.68042
803.15912	877.25012
803.17126	877.03302
803.18341	877.54352
803.19556	876.47699
803.20776	876.2561
803.21991	876.59302
803.23206	876.86401
803.2442	877.07831
803.25635	875.63989
803.26849	876.19049
803.28064	875.93335
803.29285	875.46753
803.30499	875.79791
803.31714	876.23676
803.32928	876.02496
803.34143	876.42505
803.35358	876.07672
803.36572	875.74091
803.37793	875.51099
803.39008	875.99426
803.40222	876.4967
803.41437	876.53131
803.42651	876.03217
803.43866	876.22955
803.45081	875.50519
803.46301	874.70953
803.47516	875.67548
803.4873	876.19592
803.49945	876.18939
803.5116	876.33936
803.52374	876.1933
803.53589	875.23047
803.5481	875.0744
803.56024	875.61554
803.57239	875.44794
803.58453	875.25555
803.59668	875.53784
803.60883	875.00482
803.62097	874.85895
803.63318	875.50031
803.64532	875.33002
803.65747	875.5556
803.66962	875.70526
803.68176	875.26111
803.69391	875.63647
803.70605	876.27722
803.71826	875.58948
803.73041	874.74146
803.74255	874.14825
803.7547	875.18109
803.76685	875.74329
803.77899	876.2417
803.79114	875.92688
803.80334	874.98065
803.81549	875.1192
803.82764	874.58813
803.83978	874.98431
803.85193	875.25641
803.86407	875.15161
803.87622	876.17401
803.88843	874.36816
803.90057	875.74011
803.91272	876.48688
803.92487	876.29871
803.93701	875.7442
803.94916	874.71686
803.9613	873.49438
803.97351	874.96912
803.98566	874.06451
803.9978	874.58667
804.00995	875.51166
804.02209	874.27588
804.03424	874.39459
804.04639	874.62122
804.05859	874.90466
804.07074	874.56165
804.08289	875.13354
804.09503	874.72974
804.10718	874.30853
804.11932	874.57574
804.13147	874.97546
804.14368	874.25494
804.15582	873.99121
804.16797	874.23962
804.18011	874.07739
804.19226	874.79926
804.20441	875.04474
804.21655	875.33179
804.22876	875.33734
804.24091	875.04205
804.25305	874.38239
804.2652	874.09473
804.27734	874.70709
804.28949	874.36774
804.30164	874.83502
804.31378	874.61066
804.32599	874.74622
804.33813	874.3092
804.35028	874.67218
804.36243	874.52881
804.37457	874.31268
804.38672	874.1076
804.39886	874.76428
804.41107	874.37549
804.42322	874.43945
804.43536	874.58612
804.44751	874.3172
804.45966	874.62903
804.4718	874.40881
804.48395	874.20526
804.49615	874.47894
804.5083	875.39966
804.52045	874.8103
804.53259	874.11621
804.54474	873.91205
804.55688	874.56567
804.56903	874.81451
804.58124	875.35016
804.59338	874.77478
804.60553	874.41052
804.61768	874.50256
804.62982	873.84845
804.64197	874.00067
804.65411	874.43829
804.66632	874.88568
804.67847	874.6557
804.69061	873.9433
804.70276	874.28015
804.7149	874.44214
804.72705	874.32214
804.7392	874.78064
804.7514	874.03442
804.76355	873.97546
804.7757	874.35486
804.78784	874.10864
804.79999	873.60339
804.81213	874.73633
804.82428	874.73657
804.83649	874.63672
804.84863	874.21692
804.86078	873.82312
804.87292	875.22705
804.88507	874.43317
804.89722	873.92206
804.90936	873.82715
804.92157	874.67224
804.93372	874.25446
804.94586	874.20587
804.95801	875.26056
804.97015	874.36731
804.9823	874.72742
804.99445	872.96375
805.00665	874.1958
805.0188	873.50134
805.03094	874.77789
805.04309	874.16309
805.05524	873.98883
805.06738	874.83862
805.07953	873.31879
805.09174	873.96295
805.10388	874.44745
805.11603	874.37543
805.12817	874.00507
805.14032	874.5191
805.15247	874.1261
805.16461	874.336
805.17682	873.51373
805.18896	874.61987
805.20111	873.95508
805.21326	874.8053
805.2254	873.97473
805.23755	873.49792
805.24969	874.04901
805.2619	873.30176
805.27405	872.47284
805.28619	873.64996
805.29834	874.74127
805.31049	873.96667
805.32263	874.02606
805.33478	873.90155
805.34698	873.79462
805.35913	873.38422
805.37128	872.68414
805.38342	873.68085
805.39557	874.2287
805.40771	873.78467
805.41986	873.71191
805.43207	873.82373
805.44421	874.18207
805.45636	874.01917
805.46851	873.85352
805.48065	874.32471
805.4928	874.07233
805.50494	874.11328
805.51715	873.9104
805.5293	873.69312
805.54144	873.19562
805.55359	873.86163
805.56573	873.97516
805.57788	874.04187
805.59003	873.46027
805.60223	874.44165
805.61438	873.79968
805.62653	873.43817
805.63867	874.11926
805.65082	875.56152
805.66296	875.2049
805.67511	874.46686
805.68732	874.65692
805.69946	873.92108
805.71161	873.75177
805.72375	873.82843
805.7359	873.54498
805.74805	874.17151
805.76019	874.05341
805.7724	874.61719
805.78455	874.23334
805.79669	873.24133
805.80884	874.11511
805.82098	873.71509
805.83313	873.80646
805.84528	873.77869
805.85748	874.29688
805.86963	873.72229
805.88177	872.93292
805.89392	873.61298
805.90607	873.80481
805.91821	873.89966
805.93036	873.71283
805.94257	873.2771
805.95471	874.46259
805.96686	875.03247
805.979	873.4715
805.99115	873.42877
806.0033	874.42584
806.01544	874.7049
806.02765	874.24768
806.03979	874.68201
806.05194	874.26526
806.06409	874.78375
806.07623	873.80682
806.08838	873.76306
806.10052	874.23322
806.11273	874.01776
806.12488	875.13092
806.13702	874.26654
806.14917	874.36694
806.16132	874.45789
806.17346	874.12323
806.18561	874.99115
806.19781	874.81989
806.20996	873.79346
806.22211	873.79205
806.23425	874.52966
806.2464	874.0658
806.25854	873.82599
806.27069	874.78992
806.2829	874.28033
806.29504	873.70532
806.30719	873.51398
806.31934	873.49878
806.33148	873.74579
806.34363	873.86285
806.35577	873.76129
806.36798	873.00146
806.38013	873.4566
806.39227	873.53088
806.40442	874.19196
806.41656	874.31183
806.42871	874.67535
806.44086	874.0849
806.45306	873.91162
806.46521	874.09595
806.47736	873.76044
806.4895	873.90424
806.50165	874.07257
806.51379	873.95538
806.52594	873.95166
806.53815	874.45319
806.55029	874.45612
806.56244	873.77063
806.57458	874.47369
806.58673	874.95142
806.59888	874.16833
806.61102	874.44977
806.62323	874.39331
806.63538	874.02026
806.64752	874.12891
806.65967	873.86212
806.67181	874.24866
806.68396	873.91998
806.69611	873.40143
806.70831	873.52148
806.72046	873.39056
806.7326	873.84259
806.74475	874.44843
806.7569	874.86346
806.76904	874.96759
806.78119	874.34723
806.7934	874.35193
806.80554	874.38324
806.81769	873.71558
806.82983	873.38263
806.84198	873.72455
806.85413	873.75012
806.86627	873.78607
806.87848	873.48041
806.89063	873.55725
806.90277	874.25659
806.91492	873.58771
806.92706	874.0094
806.93921	873.89868
806.95135	873.75
806.96356	874.13361
806.97571	874.00513
806.98785	874.00488
807	874.41315
807.01215	873.97931
807.02429	874.32172
807.03644	873.93378
807.04865	873.68054
807.06079	874.48224
807.07294	874.47174
807.08508	873.68121
807.09723	873.34973
807.10938	874.755
807.12152	874.07721
807.13373	873.85571
807.14587	873.16376
807.15802	874.12982
807.17017	873.7876
807.18231	874.68237
807.19446	874.09216
807.2066	873.97632
807.21881	874.40735
807.23096	874.18164
807.2431	873.1311
807.25525	873.87311
807.2674	873.87085
807.27954	873.62006
807.29169	873.17645
807.30389	875.05853
807.31604	875.49237
807.32819	873.4986
807.34033	873.9942
807.35248	873.88586
807.36462	873.15228
807.37677	873.96423
807.38898	873.95569
807.40112	874.0976
807.41327	874.74933
807.42542	874.02502
807.43756	873.63312
807.44971	872.96906
807.46185	874.68829
807.47406	872.91888
807.48621	873.547
807.49835	874.42987
807.5105	873.47552
807.52264	874.50909
807.53479	873.39801
807.54694	874.27393
807.55914	874.19202
807.57129	874.85675
807.58344	873.79974
807.59558	874.60516
807.60773	873.63043
807.61987	873.40887
807.63202	874.96033
807.64423	874.14398
807.65637	874.64948
807.66852	873.10297
807.68066	873.61304
807.69281	874.15076
807.70496	874.52521
807.7171	874.56989
807.72931	873.6087
807.74146	873.2171
807.7536	873.46643
807.76575	872.80933
807.77789	874.65131
807.79004	874.72015
807.80219	874.052
807.81439	874.2915
807.82654	874.03247
807.83868	874.10687
807.85083	874.26526
807.86298	873.32001
807.87512	873.09363
807.88727	874.49841
807.89948	873.14203
807.91162	873.47272
807.92377	873.48505
807.93591	874.45563
807.94806	874.04492
807.96021	873.34119
807.97235	873.80017
807.98456	873.88519
807.9967	872.89502
808.00885	874.21063
808.021	873.05127
808.03314	873.41943
808.04529	874.22473
808.05743	872.94635
808.06964	874.5448
808.08179	873.66565
808.09393	873.82684
808.10608	874.08746
808.11823	874.44806
808.13037	873.59387
808.14252	873.48492
808.15472	874.59479
808.16687	874.23993
808.17902	874.12781
808.19116	873.74298
808.20331	873.78137
808.21545	874.19891
808.2276	873.39624
808.23981	873.75983
808.25195	873.73029
808.2641	874.30859
808.27625	873.98981
808.28839	874.0816
808.30054	873.67932
808.31268	874.30646
808.32489	874.26019
808.33704	874.04303
808.34918	874.45721
808.36133	874.15143
808.37347	874.69708
808.38562	873.77484
808.39777	874.34564
808.40997	873.70435
808.42212	873.29401
808.43427	873.1037
808.44641	873.74969
808.45856	873.65491
808.4707	874.82782
808.48285	874.42053
808.49506	873.77032
808.5072	873.80756
808.51935	873.96576
808.53149	873.98859
808.54364	872.74097
808.55579	874.2337
808.56793	873.99817
808.58014	873.05194
808.59229	874.41833
808.60443	874.21454
808.61658	873.96478
808.62872	873.97675
808.64087	873.95837
808.65302	874.50861
808.66522	874.88556
808.67737	874.04413
808.68951	873.25067
808.70166	873.8941
808.71381	874.36591
808.72595	874.65173
808.7381	874.0166
808.75031	874.17987
808.76245	874.43951
808.7746	873.68774
808.78674	873.30005
808.79889	873.90582
808.81104	874.07983
808.82318	872.86621
808.83539	874.4516
808.84753	874.37988
808.85968	873.26886
808.87183	873.9613
808.88397	874.06891
808.89612	874.49786
808.90826	874.6405
808.92047	874.40216
808.93262	873.73004
808.94476	874.64557
808.95691	874.24866
808.96906	874.16602
808.9812	874.97101
808.99335	873.37488
809.00555	874.51123
809.0177	873.75763
809.02985	874.09991
809.04199	873.98083
809.05414	873.78705
809.06628	874.22876
809.07843	873.25256
809.09064	873.47833
809.10278	874.16595
809.11493	874.39331
809.12708	873.9129
809.13922	875.0296
809.15137	873.78546
809.16351	874.86517
809.17572	873.52563
809.18787	874.42236
809.20001	874.84271
809.21216	874.06622
809.2243	874.5528
809.23645	874.57764
809.2486	873.59564
809.2608	874.06085
809.27295	873.62683
809.2851	874.13531
809.29724	873.9939
809.30939	873.29535
809.32153	874.69269
809.33368	874.46381
809.34589	873.13702
809.35803	873.61029
809.37018	874.27246
809.38232	872.96271
809.39447	873.71588
809.40662	873.83508
809.41876	874.29327
809.43097	875.45844
809.44312	874.22015
809.45526	874.07629
809.46741	874.41333
809.47955	873.9129
809.4917	872.99158
809.50385	874.27802
809.51605	873.69647
809.5282	874.53223
809.54034	873.81567
809.55249	873.41284
809.56464	873.92548
809.57678	874.45197
809.58893	874.09302
809.60114	873.84479
809.61328	873.32281
809.62543	874.28522
809.63757	874.17035
809.64972	873.33417
809.66187	873.56439
809.67401	873.45935
809.68622	873.76654
809.69836	873.34949
809.71051	874.08453
809.72266	874.50452
809.7348	874.25104
809.74695	873.36096
809.75909	873.49438
809.77124	873.34192
809.78345	874.22815
809.79559	874.47614
809.80774	874.19696
809.81989	874.50702
809.83203	874.13379
809.84418	874.12714
809.85632	874.4646
809.86853	873.8941
809.88068	874.20129
809.89282	874.34253
809.90497	874.25586
809.91711	873.08862
809.92926	873.66394
809.94141	873.5282
809.95361	873.95056
809.96576	874.71594
809.97791	874.21869
809.99005	873.64764
810.0022	873.64874
810.01434	873.90527
810.02649	873.52179
810.0387	874.59113
810.05084	874.61951
810.06299	874.6803
810.07513	874.39063
810.08728	874.75336
810.09943	874.35602
810.11157	873.85114
810.12378	874.15216
810.13593	873.92157
810.14807	874.37122
810.16022	874.20056
810.17236	873.43774
810.18451	874.01947
810.19666	873.78607
810.20886	873.48364
810.22101	874.56732
810.23315	874.6911
810.2453	874.82849
810.25745	874.14471
810.26959	874.11768
810.28174	874.43335
810.29395	875.09253
810.30609	875.07599
810.31824	875.07312
810.33038	875.64142
810.34253	875.88226
810.35468	874.65552
810.36682	874.83087
810.37903	875.1712
810.39117	874.78857
810.40332	875.46637
810.41547	876.46783
810.42761	875.4566
810.43976	876.36188
810.4519	876.43903
810.46411	875.72382
810.47626	875.62292
810.4884	875.98224
810.50055	875.81592
810.5127	876.04895
810.52484	876.73962
810.53699	875.29266
810.54919	876.08618
810.56134	876.09888
810.57349	876.08429
810.58563	876.22345
810.59778	875.70422
810.60992	875.78937
810.62207	876.35535
810.63428	876.15381
810.64642	877.07806
810.65857	876.24341
810.67072	876.67554
810.68286	876.62671
810.69501	875.40741
810.70715	876.56537
810.71936	877.28369
810.73151	877.52179
810.74365	877.64301
810.7558	876.76312
810.76794	876.81244
810.78009	877.375
810.79224	877.78809
810.80444	877.05518
810.81659	877.19458
810.82874	877.40381
810.84088	877.03296
810.85303	877.94104
810.86517	877.67847
810.87732	877.7193
810.88953	877.07092
810.90167	876.28705
810.91382	876.63446
810.92596	877.55634
810.93811	876.92578
810.95026	876.56445
810.9624	876.57745
810.97461	876.5885
810.98676	876.42065
810.9989	876.95825
811.01105	876.68207
811.02319	877.1236
811.03534	876.41504
811.04749	875.80286
811.05969	875.75073
811.07184	875.06915
811.08398	875.23962
811.09613	875.1051
811.10828	875.75165
811.12042	876.03345
811.13257	875.62567
811.14478	875.02679
811.15692	874.33093
811.16907	874.17059
811.18121	875.5769
811.19336	875.05017
811.20551	874.7691
811.21765	875.19525
811.22986	874.58606
811.242	875.29077
811.25415	875.45026
811.2663	875.19373
811.27844	875.15765
811.29059	874.32269
811.30273	874.47699
811.31494	874.1167
811.32709	874.62347
811.33923	874.53864
811.35138	875.10284
811.36353	875.61743
811.37567	874.26062
811.38782	874.06903
811.40002	875.04248
811.41217	875.0694
811.42432	874.30627
811.43646	873.79065
811.44861	873.97028
811.46075	873.76703
811.4729	873.75885
811.48511	873.58807
811.49725	874.31274
811.5094	875.02124
811.52155	875.58228
811.53369	874.401
811.54584	874.07129
811.55798	873.5249
811.57019	873.77173
811.58234	874.00964
811.59448	873.59753
811.60663	873.08905
811.61877	873.60175
811.63092	873.27936
811.64307	874.23834
811.65527	874.3205
811.66742	873.50323
811.67957	874.12048
811.69171	873.96625
811.70386	873.83484
811.716	874.1994
811.72815	874.64294
811.74036	873.52838
811.7525	873.55115
811.76465	874.20081
811.77679	874.21118
811.78894	874.39899
811.80109	874.00739
811.81323	873.85638
811.82544	873.72565
811.83759	873.28308
811.84973	872.8335
811.86188	873.65234
811.87402	873.44373
811.88617	874.00647
811.89832	874.66772
811.91052	873.6825
811.92267	873.45782
811.93481	873.14447
811.94696	873.4953
811.95911	873.61255
811.97125	874.81653
811.9834	873.78174
811.99561	874.06537
812.00775	873.68616
812.0199	873.86768
812.03204	874.23956
812.04419	874.29865
812.05634	873.76428
812.06848	873.63763
812.08069	873.50458
812.09283	873.64581
812.10498	873.77252
812.11713	872.54016
812.12927	874.47839
812.14142	873.49377
812.15356	872.92065
812.16577	873.30499
812.17792	872.96185
812.19006	873.96338
812.20221	873.58624
812.21436	872.77863
812.2265	872.97028
812.23865	873.76617
812.25085	873.23389
812.263	874.35046
812.27515	872.82324
812.28729	873.01062
812.29944	873.7182
812.31158	874.26208
812.32373	873.7475
812.33594	873.84521
812.34808	873.29187
812.36023	873.65723
812.37238	873.72949
812.38452	873.41278
812.39667	873.24158
812.40881	873.33514
812.42102	873.82965
812.43317	874.44128
812.44531	873.65228
812.45746	873.04065
812.4696	873.76257
812.48175	875.09961
812.4939	874.60388
812.5061	873.70428
812.51825	874.52869
812.5304	873.62134
812.54254	874.35602
812.55469	874.19977
812.56683	873.59247
812.57898	873.34729
812.59119	873.42133
812.60333	873.5177
812.61548	874.55658
812.62762	874.47473
812.63977	874.06079
812.65192	874.45886
812.66406	874.60205
812.67627	874.23779
812.68842	873.52478
812.70056	874.3598
812.71271	874.11725
812.72485	873.96277
812.737	873.73804
812.74915	874.01166
812.76135	873.9787
812.7735	874.05115
812.78564	874.57288
812.79779	874.47809
812.80994	873.73273
812.82208	873.37817
812.83423	873.81769
812.84644	873.94342
812.85858	874.24463
812.87073	874.52557
812.88287	875.49109
812.89502	874.62231
812.90717	874.94556
812.91931	874.82422
812.93152	874.06586
812.94366	874.99518
812.95581	873.86707
812.96796	874.29865
812.9801	874.85907
812.99225	874.91077
813.00439	874.47858
813.0166	875.54352
813.02875	874.14972
813.04089	875.54126
813.05304	876.16833
813.06519	875.50354
813.07733	874.71814
813.08948	874.35431
813.10168	873.98779
813.11383	874.7572
813.12598	875.35272
813.13812	874.39276
813.15027	875.39673
813.16241	876.14783
813.17456	874.56299
813.18677	875.59723
813.19891	875.94141
813.21106	875.67456
813.22321	876.07861
813.23535	876.23242
813.2475	875.13165
813.25964	875.98126
813.27185	877.3266
813.284	876.91162
813.29614	876.64166
813.30829	877.02106
813.32043	877.29895
813.33258	877.11255
813.34473	877.09515
813.35693	877.37659
813.36908	876.09668
813.38123	876.71936
813.39337	877.10742
813.40552	877.85022
813.41766	878.77704
813.42981	878.47571
813.44202	876.78845
813.45416	877.87518
813.46631	879.09564
813.47845	879.25854
813.4906	878.52563
813.50275	878.51831
813.51489	880.46954
813.5271	880.56476
813.53925	880.34082
813.55139	879.90558
813.56354	880.89764
813.57568	881.78418
813.58783	881.77783
813.59998	882.02661
813.61218	883.11371
813.62433	884.37701
813.63647	885.23145
813.64862	883.46368
813.66077	884.86566
813.67291	884.41248
813.68506	886.57147
813.69727	885.1864
813.70941	885.5481
813.72156	889.47192
813.7337	889.4082
813.74585	886.50842
813.758	887.73877
813.77014	887.99945
813.78235	891.58124
813.79449	891.22766
813.80664	894.98163
813.81879	896.15784
813.83093	897.10425
813.84308	900.0578
813.85522	902.96588
813.86743	903.70941
813.87958	906.44482
813.89172	911.00964
813.90387	912.41431
813.91602	914.59375
813.92816	915.81299
813.94031	916.88806
813.95251	915.91669
813.96466	915.46545
813.97681	916.36169
813.98895	915.74762
814.0011	911.12384
814.01324	909.19592
814.02539	906.65344
814.0376	902.67328
814.04974	900.48914
814.06189	897.8576
814.07404	894.00476
814.08618	892.63562
814.09833	891.47974
814.11047	887.10876
814.12268	885.77319
814.13483	885.8537
814.14697	885.43451
814.15912	884.12292
814.17126	882.60046
814.18341	881.41138
814.19556	879.81036
814.20776	879.69177
814.21991	879.64124
814.23206	877.7334
814.2442	878.44574
814.25635	878.10333
814.26849	878.18335
814.28064	878.50409
814.29285	877.6026
814.30499	877.95752
814.31714	877.81067
814.32928	877.14142
814.34143	877.8175
814.35358	877.06836
814.36572	876.96869
814.37793	876.6615
814.39008	878.12524
814.40222	875.76849
814.41437	876.77264
814.42651	876.8418
814.43866	874.77191
814.45081	875.39752
814.46301	875.58667
814.47516	875.03339
814.4873	875.51703
814.49945	875.64618
814.5116	876.4729
814.52374	875.11029
814.53589	874.72864
814.5481	875.83759
814.56024	875.41376
814.57239	875.00818
814.58453	874.13702
814.59668	874.62238
814.60883	874.79889
814.62097	875.35089
814.63318	875.34808
814.64532	875.58099
814.65747	874.53821
814.66962	874.54492
814.68176	874.24304
814.69391	874.84741
814.70605	874.92865
814.71826	875.31799
814.73041	874.52869
814.74255	874.24158
814.7547	874.38257
814.76685	873.10986
814.77899	873.81519
814.79114	873.18671
814.80334	874.06268
814.81549	874.24347
814.82764	874.88434
814.83978	874.6156
814.85193	874.04456
814.86407	873.33691
814.87622	873.31158
814.88843	874.33643
814.90057	874.39935
814.91272	874.50916
814.92487	873.76965
814.93701	873.2182
814.94916	873.72858
814.9613	872.20251
814.97351	873.03601
814.98566	873.88782
814.9978	873.27545
815.00995	874.32404
815.02209	874.70776
815.03424	873.70917
815.04639	873.53766
815.05859	873.04211
815.07074	872.4165
815.08289	873.41956
815.09503	873.84308
815.10718	872.82208
815.11932	873.26147
815.13147	873.49512
815.14368	873.81409
815.15582	873.57001
815.16797	872.53497
815.18011	874.1004
815.19226	873.5661
815.20441	874.0177
815.21655	874.12268
815.22876	872.56781
815.24091	873.58344
815.25305	873.25378
815.2652	872.92377
815.27734	872.39655
815.28949	872.84729
815.30164	873.12933
815.31378	873.0625
815.32599	873.47778
815.33813	873.78467
815.35028	873.15759
815.36243	873.05493
815.37457	873.8042
815.38672	873.59998
815.39886	873.51331
815.41107	873.74646
815.42322	873.36993
815.43536	873.3855
815.44751	873.19574
815.45966	873.83813
815.4718	873.72076
815.48395	872.86829
815.49615	872.78094
815.5083	873.37012
815.52045	873.06219
815.53259	872.96783
815.54474	873.05865
815.55688	873.1145
815.56903	873.401
815.58124	871.99341
815.59338	873.52832
815.60553	873.46686
815.61768	874.04919
815.62982	872.66833
815.64197	872.49066
815.65411	872.27698
815.66632	872.04553
815.67847	871.58716
815.69061	872.40991
815.70276	871.98663
815.7149	872.19519
815.72705	872.27051
815.7392	872.88843
815.7514	873.07031
815.76355	872.94324
815.7757	872.6994
815.78784	873.63928
815.79999	873.19598
815.81213	872.84027
815.82428	872.69263
815.83649	872.04626
815.84863	872.56354
815.86078	872.5415
815.87292	872.43103
815.88507	873.34692
815.89722	872.44324
815.90936	872.45032
815.92157	872.625
815.93372	872.46228
815.94586	872.74048
815.95801	873.23041
815.97015	874.21167
815.9823	873.42279
815.99445	873.07874
816.00665	874.92969
816.0188	873.88013
816.03094	872.93121
816.04309	871.83728
816.05524	872.89362
816.06738	872.54218
816.07953	873.43304
816.09174	874.06427
816.10388	873.08997
816.11603	873.31396
816.12817	874.27087
816.14032	873.50812
816.15247	874.14148
816.16461	872.84448
816.17682	872.74402
816.18896	872.80353
816.20111	872.27771
816.21326	872.77167
816.2254	872.31671
816.23755	872.37225
816.24969	872.98969
816.2619	872.87415
816.27405	872.58643
816.28619	872.65082
816.29834	872.66907
816.31049	871.88831
816.32263	871.7688
816.33478	872.28485
816.34698	873.55969
816.35913	873.01324
816.37128	872.38788
816.38342	872.4632
816.39557	873.43628
816.40771	873.70905
816.41986	872.66168
816.43207	872.50696
816.44421	872.59644
816.45636	872.38184
816.46851	872.59241
816.48065	874.00543
816.4928	872.1557
816.50494	873.86981
816.51715	873.94708
816.5293	873.16724
816.54144	873.5578
816.55359	873.12537
816.56573	872.55389
816.57788	873.5744
816.59003	874.33844
816.60223	873.63287
816.61438	873.65979
816.62653	872.93011
816.63867	873.65057
816.65082	873.67773
816.66296	874.04773
816.67511	873.01031
816.68732	873.22375
816.69946	872.88409
816.71161	872.7525
816.72375	872.76941
816.7359	874.03815
816.74805	873.25293
816.76019	872.22937
816.7724	872.68726
816.78455	873.3703
816.79669	873.16602
816.80884	873.26355
816.82098	873.08197
816.83313	874.51221
816.84528	872.28558
816.85748	872.79407
816.86963	873.48053
816.88177	873.01489
816.89392	873.40759
816.90607	872.70929
816.91821	873.2019
816.93036	873.74915
816.94257	873.41687
816.95471	872.64252
816.96686	871.71283
816.979	872.95325
816.99115	873.64777
817.0033	874.46704
817.01544	874.00928
817.02765	872.29114
817.03979	872.06628
817.05194	872.39386
817.06409	871.89667
817.07623	872.43073
817.08838	872.33893
817.10052	872.2724
817.11273	873.34967
817.12488	873.29926
817.13702	872.01801
817.14917	871.46729
817.16132	871.94464
817.17346	873.17596
817.18561	873.89172
817.19781	873.10986
817.20996	873.04016
817.22211	872.65656
817.23425	872.57019
817.2464	872.70721
817.25854	872.75775
817.27069	873.47821
817.2829	872.88446
817.29504	873.23608
817.30719	873.77362
817.31934	873.09454
817.33148	873.53009
817.34363	873.59845
817.35577	873.55402
817.36798	871.88776
817.38013	872.74377
817.39227	872.76514
817.40442	871.40704
817.41656	872.02393
817.42871	873.01196
817.44086	873.83276
817.45306	873.41541
817.46521	873.41046
817.47736	872.75275
817.4895	873.18951
817.50165	873.1438
817.51379	873.82709
817.52594	872.15179
817.53815	874.57251
817.55029	872.50946
817.56244	874.06744
817.57458	873.08051
817.58673	872.43433
817.59888	873.17395
817.61102	873.00891
817.62323	873.0946
817.63538	872.90582
817.64752	873.24017
817.65967	874.53607
817.67181	873.40979
817.68396	873.6532
817.69611	874.56799
817.70831	874.18152
817.72046	872.8847
817.7326	873.0816
817.74475	873.35986
817.7569	871.91364
817.76904	874.23431
817.78119	874.23462
817.7934	873.13208
817.80554	874.56696
817.81769	874.46326
817.82983	874.14801
817.84198	873.16113
817.85413	872.97729
817.86627	873.22681
817.87848	871.76263
817.89063	871.43164
817.90277	873.67505
817.91492	872.3158
817.92706	873.22723
817.93921	873.48615
817.95135	872.849
817.96356	871.83832
817.97571	872.95142
817.98785	873.4455
818	872.62421
