820	875.1864
820.01178	875.25684
820.02362	876.45538
820.0354	876.93359
820.04724	874.76318
820.05902	874.53906
820.07086	873.58154
820.08264	873.90027
820.09442	874.74207
820.10626	874.99139
820.11804	874.51776
820.12988	873.84894
820.14166	875.6012
820.1535	875.70123
820.16528	875.07532
820.17712	875.49548
820.1889	873.43469
820.20068	874.83844
820.21252	873.94452
820.2243	874.75854
820.23615	875.12604
820.24792	875.2475
820.25977	874.32117
820.27155	874.47736
820.28333	874.77118
820.29517	875.63141
820.30695	874.74243
820.31879	874.8761
820.33057	874.81317
820.34241	874.24451
820.35419	873.97662
820.36603	876.25476
820.37781	875.44739
820.38959	874.40259
820.40143	874.43451
820.41321	875.30237
820.42505	874.65869
820.43683	875.34711
820.44867	876.07019
820.46045	875.88684
820.47223	874.28687
820.48407	874.76483
820.49585	874.69263
820.50769	874.03778
820.51947	873.97614
820.53131	874.89215
820.54309	873.91467
820.55487	874.77576
820.56671	875.5188
820.57849	875.14941
820.59033	875.29535
820.60211	875.11438
820.61395	875.72583
820.62573	875.69373
820.63757	876.04077
820.64935	875.85767
820.66113	875.01862
820.67297	874.7442
820.68475	875.74817
820.69659	875.48083
820.70837	875.69818
820.72021	875.54926
820.73199	874.41119
820.74377	874.93848
820.75562	875.63782
820.7674	874.51776
820.77924	875.30597
820.79102	876.26331
820.80286	875.13965
820.81464	875.76648
820.82642	876.65759
820.83826	876.75836
820.85004	876.37469
820.86188	875.88458
820.87366	873.80206
820.8855	874.40991
820.89728	874.60236
820.90912	875.8764
820.9209	875.52588
820.93268	874.86572
820.94452	875.11139
820.9563	875.30774
820.96814	875.04694
820.97992	874.83984
820.99176	875.31598
821.00354	874.13654
821.01532	875.35895
821.02716	875.06879
821.03894	875.11017
821.05078	876.73425
821.06256	876.5011
821.0744	875.90332
821.08618	875.32135
821.09802	875.63647
821.1098	875.22852
821.12158	875.01636
821.13342	875.97803
821.1452	875.58026
821.15704	874.24292
821.16882	873.47614
821.18066	875.38171
821.19244	875.20544
821.20422	875.18073
821.21606	875.02045
821.22784	875.09088
821.23969	874.78296
821.25146	875.47791
821.26331	875.27753
821.27509	874.61322
821.28687	874.79968
821.29871	874.34229
821.31049	874.82416
821.32233	876.50586
821.33411	876.51563
821.34595	875.44153
821.35773	873.72723
821.36957	875.32202
821.38135	875.78839
821.39313	874.94318
821.40497	876.19202
821.41675	875.36566
821.42859	874.11096
821.44037	874.43292
821.45221	874.81042
821.46399	874.29712
821.47577	874.47162
821.48761	874.34369
821.49939	875.25879
821.51123	874.85663
821.52301	875.9986
821.53485	875.3877
821.54663	874.45502
821.55847	874.26501
821.57025	874.69281
821.58203	874.2511
821.59387	875.02753
821.60565	875.06958
821.61749	874.66425
821.62927	875.33295
821.64111	876.60925
821.65289	876.42371
821.66467	875.76758
821.67651	875.56494
821.68829	875.8703
821.70013	876.19806
821.71191	875.00458
821.72375	874.85803
821.73553	875.39508
821.74731	875.65283
821.75916	876.67914
821.77094	875.65643
821.78278	875.4306
821.79456	875.35645
821.8064	875.58508
821.81818	874.59711
821.83002	874.36145
821.8418	875.03992
821.85358	875.4245
821.86542	875.45795
821.8772	875.28351
821.88904	874.13953
821.90082	874.79474
821.91266	875.95575
821.92444	875.83417
821.93622	875.14227
821.94806	873.81982
821.95984	875.073
821.97168	875.81769
821.98346	874.82208
821.9953	874.84772
822.00708	874.0791
822.01886	873.59796
822.0307	873.72296
822.04248	876.1955
822.05432	875.6236
822.0661	874.92236
822.07794	875.16693
822.08972	875.10608
822.10156	875.5769
822.11334	875.57495
822.12512	875.34534
822.13696	875.64795
822.14874	874.78748
822.16058	875.45233
822.17236	874.61725
822.1842	874.34662
822.19598	875.3056
822.20776	875.33704
822.2196	874.40833
822.23138	873.50452
822.24323	875.44775
822.255	875.51782
822.26685	875.55273
822.27863	876.51459
822.29047	876.2655
822.30225	874.40607
822.31403	875.77875
822.32587	875.69592
822.33765	875.32593
822.34949	873.51086
822.36127	875.95813
822.37311	875.32715
822.38489	874.5434
822.39667	874.25171
822.40851	873.70868
822.42029	873.8374
822.43213	874.50085
822.44391	872.42194
822.45575	873.64655
822.46753	873.5639
822.47931	873.41595
822.49115	875.02582
822.50293	874.49164
822.51477	875.76239
822.52655	875.32733
822.53839	873.40704
822.55017	875.53473
822.56201	875.39148
822.57379	875.24518
822.58557	874.38129
822.59741	873.67096
822.60919	874.02228
822.62103	875.05493
822.63281	875.20709
822.64465	873.36658
822.65643	873.65308
822.66821	875.21613
822.68005	875.66748
822.69183	875.63324
822.70367	875.54614
822.71545	875.13812
822.72729	873.22607
822.73907	874.4649
822.75092	875.35583
822.7627	875.39258
822.77448	875.43628
822.78632	875.11224
822.7981	875.2309
822.80994	873.23315
822.82172	874.80353
822.83356	875.68201
822.84534	875.5946
822.85712	874.59839
822.86896	876.39166
822.88074	875.41437
822.89258	875.66785
822.90436	873.91333
822.9162	875.99805
822.92798	874.54321
822.93976	876.15436
822.9516	873.35504
822.96338	874.96075
822.97522	874.50104
822.987	876.36865
822.99884	875.7644
823.01062	874.93726
823.02246	873.79565
823.03424	873.67236
823.04602	873.39911
823.05786	871.91138
823.06964	874.75427
823.08148	873.51062
823.09326	874.47034
823.1051	875.14545
823.11688	874.69562
823.12866	875.47473
823.1405	875.98297
823.15228	875.12695
823.16412	875.43109
823.1759	875.7146
823.18774	876.67871
823.19952	875.08429
823.2113	873.36139
823.22314	874.22302
823.23492	874.90021
823.24677	875.59119
823.25854	874.39697
823.27039	875.9433
823.28217	875.19281
823.29401	876.77203
823.30579	875.99054
823.31757	873.31024
823.32941	876.995
823.34119	875.1236
823.35303	876.53998
823.36481	876.33209
823.37665	876.8717
823.38843	873.97986
823.40021	873.60693
823.41205	875.35382
823.42383	875.77509
823.43567	874.53546
823.44745	875.94049
823.45929	874.89923
823.47107	874.74426
823.48291	876.03162
823.49469	875.52032
823.50647	874.42194
823.51831	876.20319
823.53009	873.70911
823.54193	875.73596
823.55371	876.10168
823.56555	875.79773
823.57733	875.3446
823.58911	875.98029
823.60095	875.24017
823.61273	875.38123
823.62457	874.21765
823.63635	875.50195
823.64819	874.98962
823.65997	874.87274
823.67175	874.32544
823.68359	873.65649
823.69537	874.49933
823.70721	873.02277
823.71899	874.72449
823.73083	873.79401
823.74261	875.04919
823.75446	875.38696
823.76624	874.42847
823.77802	873.71588
823.78986	874.2442
823.80164	875.33948
823.81348	873.96478
823.82526	875.10406
823.8371	874.93103
823.84888	872.99438
823.86066	873.59436
823.8725	875.68915
823.88428	875.64886
823.89612	876.49695
823.9079	876.22284
823.91974	875.52307
823.93152	873.32953
823.94336	874.58203
823.95514	874.02942
823.96692	875.30695
823.97876	875.46387
823.99054	874.4165
824.00238	874.46606
824.01416	874.29688
824.026	875.5614
824.03778	875.96259
824.04956	876.7041
824.0614	875.02002
824.07318	874.25336
824.08502	873.65271
824.0968	873.62006
824.10864	876.12378
824.12042	876.96075
824.1322	875.25702
824.14404	874.43188
824.15582	874.55548
824.16766	875.19202
824.17944	874.58221
824.19128	875.66785
824.20306	873.93622
824.2149	875.36639
824.22668	874.94989
824.23846	875.17078
824.25031	875.14954
824.26208	874.96198
824.27393	874.62915
824.28571	873.94794
824.29755	875.32428
824.30933	876.1889
824.32111	876.78455
824.33295	874.96606
824.34473	874.27826
824.35657	875.23376
824.36835	876.42139
824.38019	876.84399
824.39197	876.76886
824.40375	876.8949
824.41559	876.21045
824.42737	875.86945
824.43921	875.62067
824.45099	874.71344
824.46283	875.96912
824.47461	876.90167
824.48645	876.97406
824.49823	876.17145
824.51001	875.57849
824.52185	875.38287
824.53363	875.8631
824.54547	875.28998
824.55725	875.43243
824.56909	876.2644
824.58087	875.75171
824.59265	876.86896
824.60449	876.44055
824.61627	874.9397
824.62811	874.24506
824.63989	874.84106
824.65173	875.25348
824.66351	875.24872
824.67535	875.354
824.68713	876.06207
824.69891	876.1557
824.71075	874.53851
824.72253	874.22998
824.73438	874.91156
824.74615	874.15894
824.758	874.23962
824.76978	874.94067
824.78156	874.46478
824.7934	875.13397
824.80518	874.40955
824.81702	874.49664
824.8288	874.84827
824.84064	875.09698
824.85242	874.77551
824.8642	875.36859
824.87604	875.00507
824.88782	874.91174
824.89966	874.99146
824.91144	874.89075
824.92328	874.3858
824.93506	875.96875
824.9469	874.47772
824.95868	873.92627
824.97046	875.61719
824.9823	875.81226
824.99408	876.40698
825.00592	875.78302
825.0177	873.92163
825.02954	874.81848
825.04132	874.67249
825.0531	875.37634
825.06494	874.02557
825.07672	873.69659
825.08856	875.1778
825.10034	876.11981
825.11218	874.99158
825.12396	875.42291
825.1358	875.52362
825.14758	875.89984
825.15936	874.2038
825.1712	876.08313
825.18298	874.44556
825.19482	874.77917
825.2066	873.57355
825.21844	874.25555
825.23022	874.44586
825.242	871.85883
825.25385	874.86157
825.26563	875.11737
825.27747	876.22369
825.28925	875.85248
825.30109	874.82733
825.31287	874.71899
825.32465	874.80908
825.33649	875.17645
825.34827	873.68158
825.36011	874.96844
825.37189	876.41125
825.38373	874.99554
825.39551	874.05823
825.40735	874.51379
825.41913	874.17365
825.43091	875.65381
825.44275	875.02368
825.45453	874.80487
825.46637	874.55048
825.47815	875.27722
825.48999	875.34253
825.50177	875.02966
825.51355	875.27374
825.52539	874.37311
825.53717	872.72424
825.54901	874.19458
825.56079	875.23993
825.57263	876.17975
825.58441	875.55585
825.59625	874.44305
825.60803	875.62079
825.61981	876.26764
825.63165	876.7373
825.64343	875.55701
825.65527	874.2804
825.66705	874.67786
825.67889	874.99628
825.69067	874.44177
825.70245	876.23651
825.71429	876.39282
825.72607	875.28076
825.73792	874.39178
825.74969	872.89252
825.76154	874.39868
825.77332	874.87219
825.7851	875.37128
825.79694	875.27637
825.80872	874.78284
825.82056	875.5415
825.83234	875.29584
825.84418	875.02814
825.85596	874.72772
825.8678	873.53906
825.87958	874.22705
825.89136	874.88324
825.9032	875.41779
825.91498	875.80438
825.92682	874.14484
825.9386	873.17358
825.95044	874.83966
825.96222	875.1825
825.974	874.97235
825.98584	874.40552
825.99762	875.13818
826.00946	874.6676
826.02124	874.55835
826.03308	875.10815
826.04486	875.75006
826.05664	873.24786
826.06848	873.6416
826.08026	874.45282
826.0921	873.82404
826.10388	874.56555
826.11572	874.75354
826.1275	875.35358
826.13934	877.013
826.15112	874.65021
826.1629	874.5401
826.17474	874.90759
826.18652	874.66449
826.19836	874.87848
826.21014	875.97101
826.22198	875.20667
826.23376	875.18756
826.24554	874.79791
826.25739	874.33197
826.26917	876.40027
826.28101	875.01447
826.29279	873.88586
826.30463	874.48682
826.31641	874.99646
826.32825	875.97241
826.34003	875.05365
826.35181	874.20435
826.36365	875.44104
826.37543	874.93372
826.38727	874.25995
826.39905	873.19836
826.41089	874.45538
826.42267	875.55615
826.43445	874.44806
826.44629	875.97198
826.45807	874.39215
826.46991	874.98224
826.48169	874.79773
826.49353	873.13928
826.50531	872.25769
826.51709	873.5722
826.52893	873.99097
826.54071	874.35992
826.55255	874.63763
826.56433	874.97345
826.57617	872.81012
826.58795	873.85638
826.59979	874.50165
826.61157	875.21478
826.62335	875.18573
826.63519	875.77893
826.64697	874.86829
826.65881	872.96387
826.67059	874.10767
826.68243	873.73395
826.69421	874.8736
826.70599	874.22693
826.71783	873.87482
826.72961	872.43286
826.74146	872.85718
826.75323	874.21143
826.76508	874.02802
826.77686	874.49207
826.7887	874.36176
826.80048	875.88983
826.81226	875.93329
826.8241	874.98022
826.83588	873.79749
826.84772	873.6496
826.8595	872.46783
826.87134	874.09808
826.88312	873.98334
826.8949	874.42609
826.90674	874.10571
826.91852	874.56366
826.93036	875.53625
826.94214	875.41168
826.95398	874.72888
826.96576	875.08966
826.97754	875.35657
826.98938	873.75586
827.00116	874.04889
827.013	875.25299
827.02478	874.4375
827.03662	874.74957
827.0484	874.47974
827.06024	873.63025
827.07202	873.10779
827.0838	874.13538
827.09564	874.57361
827.10742	873.41168
827.11926	873.17847
827.13104	873.88989
827.14288	873.78314
827.15466	874.63202
827.16644	874.44568
827.17828	872.60974
827.19006	873.04236
827.2019	875.30829
827.21368	875.5257
827.22552	874.65717
827.2373	875.76117
827.24908	875.3894
827.26093	875.5213
827.27271	874.17468
827.28455	874.0387
827.29633	874.69995
827.30817	876.02954
827.31995	872.97693
827.33179	873.99573
827.34357	876.68481
827.35535	874.26556
827.36719	873.39612
827.37897	876.19916
827.39081	874.38629
827.40259	873.76178
827.41443	872.85583
827.42621	872.15302
827.43799	873.76245
827.44983	873.77356
827.46161	874.74921
827.47345	875.62958
827.48523	873.72699
827.49707	873.82648
827.50885	874.29858
827.52069	872.88611
827.53247	873.45544
827.54425	873.92303
827.55609	876.32764
827.56787	874.86395
827.57971	873.16345
827.59149	874.03558
827.60333	873.97034
827.61511	873.85541
827.62689	874.70868
827.63873	874.48999
827.65051	875.24176
827.66235	873.37512
827.67413	875.90393
827.68597	875.93634
827.69775	875.24835
827.70953	875.23029
827.72137	873.73956
827.73315	874.67535
827.745	874.4823
827.75677	872.53625
827.76862	874.58801
827.7804	875.36731
827.79224	873.54486
827.80402	873.77838
827.8158	873.57648
827.82764	874.06696
827.83942	872.6897
827.85126	873.03717
827.86304	873.25934
827.87488	874.00983
827.88666	874.45551
827.89844	873.62604
827.91028	874.08569
827.92206	875.24915
827.9339	875.36237
827.94568	874.46466
827.95752	874.81982
827.9693	874.40479
827.98114	874.78711
827.99292	874.69904
828.0047	873.51654
828.01654	874.92273
828.02832	874.46246
828.04016	873.77063
828.05194	874.86029
828.06378	874.20654
828.07556	872.48444
828.08734	873.65869
828.09918	874.82544
828.11096	873.78516
828.1228	874.2757
828.13458	872.78107
828.14642	873.31671
828.1582	873.6759
828.16998	874.82239
828.18182	872.77441
828.1936	872.96252
828.20544	874.94135
828.21722	875.4173
828.22906	873.62439
828.24084	874.49402
828.25269	874.70209
828.26447	875.17603
828.27625	872.86444
828.28809	873.27942
828.29987	873.8479
828.31171	873.6864
828.32349	874.4563
828.33533	875.20813
828.34711	873.40656
828.35889	873.76813
828.37073	874.59442
828.38251	874.21063
828.39435	873.88538
828.40613	873.40302
828.41797	872.82416
828.42975	873.7912
828.44153	874.43835
828.45337	874.60486
828.46515	875.56622
828.47699	875.06506
828.48877	874.63971
828.50061	873.53601
828.51239	873.88013
828.52423	872.9137
828.53601	873.56628
828.54779	875.29926
828.55963	874.85504
828.57141	874.24622
828.58325	874.34918
828.59503	872.95685
828.60687	874.2085
828.61865	873.45642
828.63043	873.40137
828.64227	873.98822
828.65405	874.30524
828.66589	874.54199
828.67767	874.32477
828.68951	873.41266
828.70129	876.1416
828.71313	873.04462
828.72491	875.49817
828.73669	873.52356
828.74854	873.19098
828.76031	873.87671
828.77216	872.16748
828.78394	873.16541
828.79578	874.07135
828.80756	874.86993
828.81934	873.45093
828.83118	873.33167
828.84296	873.8999
828.8548	873.74713
828.86658	873.15546
828.87842	871.91779
828.8902	872.59613
828.90198	873.6123
828.91382	873.38898
828.9256	873.76154
828.93744	873.61603
828.94922	873.38983
828.96106	872.38928
828.97284	873.54468
828.98468	875.66034
828.99646	874.83783
829.00824	873.39539
829.02008	873.77698
829.03186	873.89685
829.0437	873.40887
829.05548	874.25647
829.06732	873.47333
829.0791	871.94226
829.09088	873.51117
829.10272	873.3266
829.1145	872.67108
829.12634	872.77429
829.13812	873.72083
829.14996	873.59845
829.16174	873.36414
829.17358	874.13971
829.18536	872.43445
829.19714	873.6546
829.20898	874.3399
829.22076	873.28802
829.2326	872.9007
829.24438	872.86444
829.25623	873.39844
829.26801	874.10681
829.27979	873.78125
829.29163	874.11395
829.30341	873.01184
829.31525	873.94232
829.32703	873.81934
829.33887	873.45996
829.35065	873.62982
829.36243	873.78571
829.37427	873.00439
829.38605	873.63043
829.39789	874.53845
829.40967	872.81671
829.42151	872.99701
829.43329	873.08698
829.44513	873.41125
829.45691	874.40662
829.46869	874.18451
829.48053	872.21118
829.49231	873.11438
829.50415	872.74994
829.51593	874.03516
829.52777	872.77069
829.53955	874.2262
829.55133	873.97327
829.56317	872.51007
829.57495	873.80682
829.58679	873.41095
829.59857	874.00098
829.61041	874.1734
829.62219	873.91034
829.63397	874.55731
829.64581	872.32928
829.65759	874.01172
829.66943	874.76263
829.68121	872.52344
829.69305	873.48285
829.70483	873.81433
829.71667	874.29254
829.72845	874.71655
829.74023	874.48102
829.75208	874.26691
829.76385	873.87952
829.7757	872.47235
829.78748	872.90106
829.79932	873.09546
829.8111	874.75079
829.82288	873.59247
829.83472	872.57495
829.8465	872.28107
829.85834	872.63843
829.87012	874.30542
829.88196	875.10504
829.89374	874.67908
829.90558	872.80505
829.91736	872.14807
829.92914	872.99976
829.94098	872.91272
829.95276	873.487
829.9646	872.97681
829.97638	872.75659
829.98822	873.3656
830	875.54559
830.01178	874.28851
830.02362	872.58533
830.0354	874.6134
830.04724	873.84717
830.05902	873.55542
830.07086	874.76886
830.08264	873.36926
830.09442	875.42633
830.10626	873.21075
830.11804	874.55103
830.12988	874.56464
830.14166	873.50189
830.1535	874.01007
830.16528	874.19525
830.17712	872.95709
830.1889	872.91034
830.20068	872.52655
830.21252	872.66895
830.2243	874.30939
830.23615	873.38513
830.24792	874.30719
830.25977	872.14471
830.27155	872.08191
830.28333	872.94379
830.29517	874.37421
830.30695	874.50366
830.31879	874.37036
830.33057	873.96667
830.34241	872.97217
830.35419	873.62878
830.36603	873.62677
830.37781	873.92517
830.38959	874.1983
830.40143	873.14093
830.41321	873.01422
830.42505	873.62103
830.43683	873.33899
830.44867	873.24957
830.46045	873.32465
830.47223	872.92938
830.48407	874.13806
830.49585	874.07135
830.50769	873.70642
830.51947	872.87744
830.53131	873.08978
830.54309	873.31677
830.55487	873.54871
830.56671	873.84686
830.57849	872.99292
830.59033	873.29187
830.60211	873.14612
830.61395	873.52679
830.62573	874.65356
830.63757	874.63074
830.64935	874.03979
830.66113	874.46246
830.67297	873.52344
830.68475	871.76715
830.69659	872.53564
830.70837	873.41211
830.72021	873.46985
830.73199	873.68958
830.74377	873.64014
830.75562	874.21002
830.7674	874.6524
830.77924	875.6449
830.79102	875.2522
830.80286	872.19971
830.81464	874.23798
830.82642	874.61102
830.83826	875.06763
830.85004	873.35089
830.86188	872.46381
830.87366	873.64929
830.8855	873.48517
830.89728	871.66565
830.90912	874.20892
830.9209	874.03204
830.93268	873.52612
830.94452	872.96234
830.9563	874.59399
830.96814	874.45197
830.97992	873.97504
830.99176	874.03668
831.00354	873.12469
831.01532	874.14813
831.02716	873.76862
831.03894	873.35718
831.05078	874.34454
831.06256	874.82739
831.0744	873.76886
831.08618	874.479
831.09802	874.49908
831.1098	873.15076
831.12158	872.67407
831.13342	873.68616
831.1452	875.64807
831.15704	874.55121
831.16882	874.44165
831.18066	874.33978
831.19244	875.15381
831.20422	874.32379
831.21606	873.49292
831.22784	874.53394
831.23969	874.82471
831.25146	874.08118
831.26331	874.4931
831.27509	874.08636
831.28687	874.98706
831.29871	874.20166
831.31049	874.48291
831.32233	874.06586
831.33411	873.60046
831.34595	874.01099
831.35773	874.89008
831.36957	875.17932
831.38135	875.12469
831.39313	874.40033
831.40497	872.88556
831.41675	873.00214
831.42859	874.30585
831.44037	873.14307
831.45221	872.09344
831.46399	874.49902
831.47577	874.71173
831.48761	875.33252
831.49939	874.64496
831.51123	874.2215
831.52301	874.53156
831.53485	873.14722
831.54663	873.54443
831.55847	872.77936
831.57025	875.12653
831.58203	874.70502
831.59387	873.38641
831.60565	874.20374
831.61749	875.38312
831.62927	872.05359
831.64111	874.547
831.65289	874.47089
831.66467	874.6861
831.67651	873.36676
831.68829	874.02618
831.70013	876.1424
831.71191	874.02319
831.72375	874.30646
831.73553	874.78522
831.74731	875.16931
831.75916	874.57928
831.77094	874.30444
831.78278	875.70239
831.79456	874.42773
831.8064	875.297
831.81818	874.79523
831.83002	874.23358
831.8418	874.10785
831.85358	873.63141
831.86542	873.88788
831.8772	873.97235
831.88904	873.63898
831.90082	873.38043
831.91266	873.78296
831.92444	874.10632
831.93622	875.078
831.94806	875.39447
831.95984	874.55048
831.97168	873.59155
831.98346	874.34583
831.9953	874.40601
832.00708	874.70892
832.01886	875.8465
832.0307	874.84235
832.04248	875.0108
832.05432	874.70996
832.0661	872.76459
832.07794	873.68762
832.08972	873.33374
832.10156	875.01917
832.11334	876.0108
832.12512	874.79694
832.13696	874.26971
832.14874	874.38947
832.16058	874.42303
832.17236	873.43817
832.1842	875.51813
832.19598	873.93225
832.20776	873.35016
832.2196	873.83325
832.23138	873.31714
832.24323	873.401
832.255	874.3371
832.26685	874.34827
832.27863	874.2569
832.29047	875.78955
832.30225	874.97296
832.31403	874.18756
832.32587	874.31049
832.33765	874.70825
832.34949	874.14484
832.36127	875.99756
832.37311	875.45703
832.38489	874.82983
832.39667	875.164
832.40851	874.38922
832.42029	874.50793
832.43213	874.78741
832.44391	873.89258
832.45575	873.69537
832.46753	874.56134
832.47931	874.61523
832.49115	874.65344
832.50293	875.65509
832.51477	875.74158
832.52655	874.67889
832.53839	874.03149
832.55017	874.60126
832.56201	875.26721
832.57379	874.60828
832.58557	875.26233
832.59741	874.81061
832.60919	876.13525
832.62103	875.79175
832.63281	874.37549
832.64465	873.77997
832.65643	873.90631
832.66821	877.09686
832.68005	876.59515
832.69183	874.02118
832.70367	875.10541
832.71545	874.97705
832.72729	874.51624
832.73907	875.88464
832.75092	875.00281
832.7627	874.90302
832.77448	876.73907
832.78632	874.83356
832.7981	874.41364
832.80994	874.41089
832.82172	873.46869
832.83356	874.07874
832.84534	875.25421
832.85712	874.25665
832.86896	875.29834
832.88074	875.61932
832.89258	874.50537
832.90436	875.70453
832.9162	874.49982
832.92798	875.04852
832.93976	875.41803
832.9516	875.99121
832.96338	874.66553
832.97522	874.75958
832.987	875.26617
832.99884	875.828
833.01062	875.91986
833.02246	875.84662
833.03424	877.89874
833.04602	874.87341
833.05786	874.03595
833.06964	875.02228
833.08148	874.16516
833.09326	877.13867
833.1051	876.66461
833.11688	874.81671
833.12866	876.29175
833.1405	875.96747
833.15228	876.60016
833.16412	874.86322
833.1759	876.02954
833.18774	874.35175
833.19952	875.23199
833.2113	875.24664
833.22314	875.55676
833.23492	875.90234
833.24677	875.39648
833.25854	874.74518
833.27039	874.04785
833.28217	875.74158
833.29401	875.9762
833.30579	876.25336
833.31757	875.19202
833.32941	875.90369
833.34119	876.23083
833.35303	874.22595
833.36481	873.61353
833.37665	875.1192
833.38843	875.83057
833.40021	874.53729
833.41205	876.14648
833.42383	876.45251
833.43567	876.56793
833.44745	875.28149
833.45929	874.50354
833.47107	876.12366
833.48291	877.34436
833.49469	876.11212
833.50647	874.34418
833.51831	876.10162
833.53009	875.58667
833.54193	877.20441
833.55371	875.05438
833.56555	875.40381
833.57733	874.91827
833.58911	874.4104
833.60095	874.58453
833.61273	873.60602
833.62457	876.67889
833.63635	874.99042
833.64819	874.35333
833.65997	876.78485
833.67175	876.53021
833.68359	875.271
833.69537	875.7561
833.70721	875.07068
833.71899	875.48779
833.73083	873.97809
833.74261	874.24817
833.75446	873.19788
833.76624	874.56842
833.77802	874.50055
833.78986	875.57312
833.80164	876.73328
833.81348	876.21692
833.82526	876.24323
833.8371	875.40161
833.84888	876.29034
833.86066	875.6911
833.8725	874.4079
833.88428	875.15448
833.89612	876.50281
833.9079	875.95795
833.91974	875.11462
833.93152	876.03784
833.94336	875.20776
833.95514	875.07349
833.96692	876.2406
833.97876	877.03357
833.99054	876.79468
834.00238	876.64417
834.01416	876.56049
834.026	876.13013
834.03778	876.89087
834.04956	876.84967
834.0614	876.99091
834.07318	876.14087
834.08502	875.80389
834.0968	877.02832
834.10864	876.56067
834.12042	876.53406
834.1322	875.93286
834.14404	876.04517
834.15582	876.44189
834.16766	877.71344
834.17944	877.71265
834.19128	876.78876
834.20306	877.22382
834.2149	875.62665
834.22668	875.35394
834.23846	873.75671
834.25031	876.3573
834.26208	874.53271
834.27393	875.8913
834.28571	876.80231
834.29755	876.69135
834.30933	876.16254
834.32111	875.91357
834.33295	877.73273
834.34473	877.13635
834.35657	877.24121
834.36835	879.01978
834.38019	877.66431
834.39197	877.43848
834.40375	876.92621
834.41559	875.62524
834.42737	874.29565
834.43921	876.96436
834.45099	878.02191
834.46283	877.42041
834.47461	876.88696
834.48645	878.39014
834.49823	880.9328
834.51001	877.88092
834.52185	878.28687
834.53363	878.64728
834.54547	878.16498
834.55725	877.95874
834.56909	879.18433
834.58087	878.4624
834.59265	880.10699
834.60449	880.6568
834.61627	881.15875
834.62811	880.30011
834.63989	879.90717
834.65173	878.30292
834.66351	879.82709
834.67535	879.43915
834.68713	878.67377
834.69891	877.5451
834.71075	878.85516
834.72253	879.70032
834.73438	880.31915
834.74615	880.0556
834.758	882.9859
834.76978	882.79681
834.78156	880.99237
834.7934	882.17999
834.80518	881.67169
834.81702	883.55426
834.8288	883.75616
834.84064	883.56396
834.85242	883.20691
834.8642	883.66095
834.87604	885.84326
834.88782	887.11182
834.89966	885.04852
834.91144	883.69128
834.92328	884.91309
834.93506	887.52753
834.9469	883.65344
834.95868	888.19128
834.97046	889.33954
834.9823	890.08539
834.99408	892.85193
835.00592	894.49738
835.0177	894.65839
835.02954	895.19183
835.04132	892.60962
835.0531	895.19763
835.06494	894.44879
835.07672	897.50745
835.08856	899.30084
835.10034	901.37018
835.11218	902.98328
835.12396	904.64978
835.1358	906.0285
835.14758	908.14636
835.15936	914.95264
835.1712	915.44293
835.18298	917.49219
835.19482	922.23151
835.2066	930.79828
835.21844	938.69379
835.23022	949.44769
835.242	954.065
835.25385	964.47729
835.26563	984.35388
835.27747	1004.6047
835.28925	1024.6705
835.30109	1065.4344
835.31287	1099.7312
835.32465	1147.1577
835.33649	1214.4432
835.34827	1293.7452
835.36011	1394.3146
835.37189	1491.929
835.38373	1607.2355
835.39551	1746.276
835.40735	1869.2889
835.41913	2041.983
835.43091	2205.2351
835.44275	2338.2175
835.45453	2448.2417
835.46637	2526.6775
835.47815	2525.0774
835.48999	2503.4658
835.50177	2440.3892
835.51355	2333.8049
835.52539	2185.9888
835.53717	2009.7765
835.54901	1849.8063
835.56079	1706.9781
835.57263	1569.3577
835.58441	1455.8849
835.59625	1355.2605
835.60803	1265.437
835.61981	1187.3591
835.63165	1137.0906
835.64343	1101.0828
835.65527	1048.1223
835.66705	1023.3901
835.67889	1001.6536
835.69067	982.07416
835.70245	963.54401
835.71429	956.48364
835.72607	941.69373
835.73792	933.06879
835.74969	927.42377
835.76154	920.91119
835.77332	912.43115
835.7851	905.0025
835.79694	902.29492
835.80872	905.52759
835.82056	903.82379
835.83234	899.71204
835.84418	896.23926
835.85596	892.42981
835.8678	894.12726
835.87958	895.13629
835.89136	890.38831
835.9032	890.15393
835.91498	886.10071
835.92682	886.6123
835.9386	882.64807
835.95044	885.11066
835.96222	882.16223
835.974	883.48749
835.98584	882.44153
835.99762	882.09778
836.00946	883.91394
836.02124	883.15045
836.03308	882.0202
836.04486	881.80408
836.05664	880.27197
836.06848	882.70807
836.08026	881.06256
836.0921	880.55103
836.10388	880.60541
836.11572	880.83295
836.1275	879.72321
836.13934	879.43982
836.15112	878.60742
836.1629	877.74219
836.17474	876.43237
836.18652	878.3382
836.19836	878.76117
836.21014	878.2934
836.22198	877.34314
836.23376	876.1192
836.24554	876.12927
836.25739	877.55774
836.26917	877.71417
836.28101	874.935
836.29279	878.33746
836.30463	878.12982
836.31641	877.39154
836.32825	877.34729
836.34003	876.89801
836.35181	877.75116
836.36365	877.61438
836.37543	876.63062
836.38727	876.53082
836.39905	875.89899
836.41089	875.45258
836.42267	875.04773
836.43445	875.92438
836.44629	876.94354
836.45807	875.32166
836.46991	874.75494
836.48169	875.39154
836.49353	875.10852
836.50531	874.22571
836.51709	876.96667
836.52893	877.10291
836.54071	876.60577
836.55255	875.14301
836.56433	872.45874
836.57617	876.03351
836.58795	874.97754
836.59979	876.86743
836.61157	875.74274
836.62335	875.04529
836.63519	874.70068
836.64697	875.54352
836.65881	876.07813
836.67059	875.03387
836.68243	874.63824
836.69421	873.67584
836.70599	874.60504
836.71783	876.25189
836.72961	875.23114
836.74146	876.0722
836.75323	876.45099
836.76508	872.16504
836.77686	875.37146
836.7887	873.43433
836.80048	874.47131
836.81226	874.51544
836.8241	874.33276
836.83588	874.71814
836.84772	876.2699
836.8595	874.42108
836.87134	874.20215
836.88312	874.66455
836.8949	874.57306
836.90674	874.55011
836.91852	874.16974
836.93036	873.51379
836.94214	873.99158
836.95398	874.62256
836.96576	874.80188
836.97754	873.61072
836.98938	873.31592
837.00116	872.20728
837.013	872.4353
837.02478	872.3916
837.03662	872.69897
837.0484	873.50244
837.06024	871.39014
837.07202	872.82281
837.0838	875.05786
837.09564	874.64508
837.10742	873.54132
837.11926	873.9328
837.13104	874.13788
837.14288	873.45807
837.15466	874.00568
837.16644	875.1712
837.17828	875.04376
837.19006	874.73602
837.2019	873.57465
837.21368	873.59332
837.22552	874.76678
837.2373	872.5166
837.24908	873.48621
837.26093	872.32635
837.27271	873.19263
837.28455	872.98938
837.29633	875.06512
837.30817	874.38153
837.31995	874.73145
837.33179	873.47327
837.34357	873.13373
837.35535	874.47742
837.36719	873.15619
837.37897	873.09479
837.39081	874.22388
837.40259	874.10791
837.41443	873.58063
837.42621	874.16449
837.43799	872.18427
837.44983	871.20129
837.46161	873.6308
837.47345	874.54803
837.48523	874.43579
837.49707	874.10413
837.50885	875.39264
837.52069	875.8653
837.53247	873.17279
837.54425	872.28284
837.55609	871.52875
837.56787	873.10907
837.57971	873.85693
837.59149	873.21912
837.60333	872.79242
837.61511	873.26007
837.62689	873.94592
837.63873	874.71545
837.65051	873.32922
837.66235	872.98083
837.67413	875.20282
837.68597	873.6853
837.69775	872.67169
837.70953	872.99341
837.72137	873.79382
837.73315	876.03046
837.745	874.34485
837.75677	872.96613
837.76862	873.25806
837.7804	873.24176
837.79224	874.64478
837.80402	875.97516
837.8158	872.40582
837.82764	873.56049
837.83942	874.41315
837.85126	873.53668
837.86304	875.20184
837.87488	873.99323
837.88666	873.22382
837.89844	875.31372
837.91028	874.65857
837.92206	874.31287
837.9339	874.33887
837.94568	874.91663
837.95752	874.18848
837.9693	874.81873
837.98114	874.22876
837.99292	873.36847
838.0047	872.37616
838.01654	874.72247
838.02832	872.09192
838.04016	873.06635
838.05194	872.21301
838.06378	872.45612
838.07556	873.92609
838.08734	874.20642
838.09918	874.37598
838.11096	874.56506
838.1228	874.19427
838.13458	874.50299
838.14642	874.01385
838.1582	872.94623
838.16998	872.42456
838.18182	874.16589
838.1936	875.8125
838.20544	875.2403
838.21722	872.867
838.22906	874.09406
838.24084	875.71527
838.25269	876.82806
838.26447	875.26953
838.27625	873.44135
838.28809	873.4256
838.29987	874.11786
838.31171	873.2832
838.32349	873.46442
838.33533	874.72363
838.34711	873.45343
838.35889	873.3125
838.37073	873.75238
838.38251	871.13995
838.39435	872.79596
838.40613	875.0105
838.41797	874.32727
838.42975	873.40582
838.44153	874.93109
838.45337	873.91455
838.46515	872.41559
838.47699	875.55542
838.48877	874.02771
838.50061	870.93506
838.51239	873.91492
838.52423	872.3775
838.53601	873.55084
838.54779	875.27222
838.55963	874.29883
838.57141	874.26453
838.58325	875.60022
838.59503	874.93188
838.60687	874.51788
838.61865	874.50793
838.63043	875.54297
838.64227	874.10901
838.65405	874.3797
838.66589	873.42358
838.67767	871.37421
838.68951	876.10907
838.70129	874.02136
838.71313	874.83728
838.72491	873.5307
838.73669	875.47485
838.74854	875.13782
838.76031	873.0318
838.77216	874.69208
838.78394	875.52881
838.79578	875.21667
838.80756	873.83466
838.81934	869.80975
838.83118	871.49469
838.84296	872.90454
838.8548	871.97888
838.86658	872.86304
838.87842	873.60724
838.8902	874.09558
838.90198	872.53076
838.91382	872.60785
838.9256	874.50494
838.93744	872.96509
838.94922	874.76971
838.96106	874.15204
838.97284	873.82697
838.98468	874.19501
838.99646	872.95074
839.00824	871.85724
839.02008	873.88739
839.03186	875.63733
839.0437	873.23602
839.05548	874.90662
839.06732	875.22534
839.0791	874.29498
839.09088	873.85577
839.10272	869.27533
839.1145	875.25739
839.12634	876.47339
839.13812	873.87378
839.14996	873.01978
839.16174	874.49219
839.17358	873.3266
839.18536	872.52179
839.19714	873.63275
839.20898	873.52905
839.22076	873.71594
839.2326	871.90845
839.24438	871.87195
839.25623	873.16901
839.26801	874.59015
839.27979	871.85895
839.29163	874.20844
839.30341	875.93591
839.31525	874.28326
839.32703	871.73096
839.33887	873.72736
839.35065	873.36554
839.36243	873.78589
839.37427	873.10657
839.38605	874.91382
839.39789	875.00879
839.40967	875.37238
839.42151	872.88165
839.43329	872.68719
839.44513	876.11212
839.45691	876.07727
839.46869	875.54541
839.48053	873.96997
839.49231	871.09009
839.50415	874.3811
839.51593	875.414
839.52777	876.02655
839.53955	875.1377
839.55133	872.9574
839.56317	874.48499
839.57495	875.88806
839.58679	874.02539
839.59857	873.57404
839.61041	875.6886
839.62219	872.82123
839.63397	871.58405
839.64581	872.16656
839.65759	873.14087
839.66943	874.17249
839.68121	872.19855
839.69305	871.17462
839.70483	873.58527
839.71667	874.9693
839.72845	874.13202
839.74023	873.29736
839.75208	873.10809
839.76385	873.64496
839.7757	874.82642
839.78748	873.97699
839.79932	872.87579
839.8111	873.16699
839.82288	874.11908
839.83472	873.59161
839.8465	874.43329
839.85834	874.83527
839.87012	874.0625
839.88196	874.00226
839.89374	874.99054
839.90558	874.13947
839.91736	875.26453
839.92914	874.28247
839.94098	874.33691
839.95276	873.60504
839.9646	875.04395
839.97638	874.63043
839.98822	872.08685
840	874.00031
