806.1236	870
806.12775	879
806.13184	883
806.13593	884.27783
806.14001	891.77783
806.1441	889.77783
806.14819	889.27783
806.15228	892.27783
806.15637	903.5
806.16046	889.5
806.16455	893
806.16864	895.77783
806.17273	899.5
806.17682	894
806.18091	897.5
806.185	894
806.18909	899.27783
806.19318	895.77783
806.19727	894
806.20135	896.5
806.20544	896.77783
806.20953	898.27783
806.21362	893.77783
806.21771	894.5
806.2218	895.27783
806.22595	895.77783
806.23004	895.77783
806.23413	896.5
806.23822	902
806.24231	895.77783
806.2464	893
806.25049	888.5
806.25458	897.77783
806.25867	898.5
806.26276	903.5
806.26685	897.5
806.27094	899.77783
806.27502	901.77783
806.27911	898.27783
806.2832	900
806.28729	896.77783
806.29138	902.27783
806.29547	903.77783
806.29956	899.77783
806.30365	894.27783
806.30774	900.27783
806.31183	901.77783
806.31592	901.77783
806.32001	907
806.3241	903.77783
806.32819	921
806.33228	935.5
806.33636	936.5
806.34045	980.5
806.34454	1076
806.34863	1329.7778
806.35272	1910
806.35681	2662.2778
806.3609	3491.2778
806.36499	4048.5
806.36908	4299.2778
806.37317	4404.5791
806.3772	4487.0791
806.38129	4567.2778
806.38538	4529.0791
806.38947	4591.5
806.39355	4655.2778
806.39764	4633.2778
806.40173	4664.2778
806.40582	4690.8013
806.40991	4675.7778
806.414	4729.8013
806.41809	4772.0791
806.42218	4801.7778
806.42627	4917.2778
806.43036	4881
806.43445	4964.2778
806.43854	4963.7778
806.44263	4966
806.44672	5006.5791
806.45081	5088.2778
806.4549	5040.2778
806.45898	5097.2778
806.46307	5166.8013
806.46716	5147.0791
806.47125	5189
806.47528	5214.8013
806.47937	5297
806.48346	5344.5791
806.48755	5384.2778
806.49164	5431
806.49573	5413.7778
806.49982	5499.7778
806.50391	5491.8013
806.508	5530.8013
806.51208	5557.0791
806.51617	5604.5791
806.52026	5665.5
806.52435	5790.2778
806.52844	5780.8013
806.53253	5663.8013
806.53656	5841.5
806.54065	5835.0791
806.54474	5973.7778
806.54883	6077.2778
806.55292	6099
806.55701	6171.5791
806.5611	6165.8013
806.56519	6297.8013
806.56927	6349
806.57336	6328.8013
806.57745	6420.0791
806.58148	6530.8013
806.58557	6610.2778
806.58966	6615.8013
806.59375	6776.8013
806.59784	6816.0791
806.60193	6904.2778
806.60602	6941.8013
806.61011	7012
806.6142	7122.8013
806.61829	7203.8013
806.62231	7179.8013
806.6264	7370.7778
806.63049	7355.8013
806.63458	7554.8013
806.63867	7690.0791
806.64276	7699.8013
806.64685	7843.0791
806.65094	7881.2778
806.65503	8000.5791
806.65906	8153.0791
806.66315	8243
806.66724	8355
806.67133	8392.7773
806.67542	8450.8008
806.6795	8667.2773
806.68359	8727.7773
806.68768	8946.7773
806.69171	8968.2773
806.6958	9039.8008
806.69989	9190.0791
806.70398	9353.0791
806.70807	9441.8008
806.71216	9537.5791
806.71625	9681.0791
806.72028	9834.5
806.72437	9893
806.72845	10067.277
806.73254	10166.801
806.73663	10297.079
806.74072	10285.801
806.74481	10426.801
806.74884	10603.801
806.75293	10704.801
806.75702	10958.579
806.76111	11129.801
806.7652	11220.079
806.76929	11257.579
806.77332	11381.079
806.7774	11533.079
806.78149	11579.5
806.78558	11778.277
806.78967	11853.801
806.79376	11903.801
806.79779	12022.801
806.80188	12149.079
806.80597	12318.777
806.81006	12325.277
806.81415	12333.801
806.81824	12601.777
806.82227	12685.579
806.82635	12671.777
806.83044	12794.801
806.83453	12999.801
806.83862	12823.801
806.84265	13059.777
806.84674	13226.801
806.85083	13276.777
806.85492	13311.079
806.85901	13334.801
806.8631	13514.579
806.86713	13504.777
806.87122	13466.801
806.87531	13708.079
806.87939	13591.801
806.88348	13668.801
806.88751	13843.801
806.8916	13977.777
806.89569	13889.777
806.89978	14059.277
806.90387	14242.5
806.9079	14210.579
806.91199	14152.579
806.91608	14188.801
806.92017	14265.579
806.92426	14392
806.92828	14342.5
806.93237	14357.777
806.93646	14470.277
806.94055	14416.801
806.94458	14499.801
806.94867	14502.801
806.95276	14548.579
806.95685	14566.801
806.96094	14668.079
806.96497	14667.801
806.96906	14581.801
806.97314	14672.801
806.97723	14746.801
806.98126	14623.801
806.98535	14793.801
806.98944	14733.801
806.99353	14797.579
806.99756	14820.777
807.00165	14827.277
807.00574	14951.801
807.00983	14967.079
807.01392	14991.579
807.01794	15080.801
807.02203	15016.079
807.02612	15006.277
807.03021	15265.277
807.03424	15203.277
807.03833	15031.801
807.04242	15224.801
807.04651	15362.079
807.05054	15492.777
807.05463	15477.277
807.05872	15507.777
807.06274	15571.579
807.06683	15691.579
807.07092	15765.579
807.07501	15875.777
807.07904	15794.579
807.08313	15787.579
807.08722	15967.079
807.09131	16031.579
807.09534	16017.579
807.09943	16095.801
807.10352	16062.801
807.1076	16274.579
807.11163	16134.801
807.11572	16329.579
807.11981	16288.079
807.12384	16335.801
807.12793	16479.801
807.13202	16407.578
807.13611	16379.079
807.14014	16328.801
807.14423	16616.078
807.14832	16374.801
807.15234	16538.801
807.15643	16534.078
807.16052	16516.777
807.16461	16275.801
807.16864	16649.801
807.17273	16355.801
807.17682	16419.578
807.18085	16349.277
807.18494	16351.277
807.18903	16333.079
807.19305	16295.079
807.19714	16204.579
807.20123	16267.579
807.20532	16077.801
807.20935	16113.079
807.21344	16097.801
807.21753	15837.801
807.22156	16030.079
807.22565	15806.777
807.22974	15801.579
807.23376	15811.579
807.23785	15964.801
807.24194	15825.579
807.24597	15727.079
807.25006	15673.801
807.25415	15625.777
807.25818	15638.079
807.26227	15598.579
807.26636	15659.079
807.27039	15538.579
807.27448	15434.801
807.27856	15479.777
807.28259	15385.277
807.28668	15410.801
807.29077	15456.079
807.2948	15411.079
807.29889	15415.801
807.30298	15366.079
807.30701	15132.579
807.3111	15197.277
807.31519	15207.801
807.31921	15057.801
807.3233	15046.777
807.32739	15094.579
807.33142	15056.277
807.33551	14927.079
807.3396	15070.579
807.34363	14921.801
807.34772	15019.079
807.35181	14857.801
807.35583	14987.801
807.35992	14785.579
807.36395	14762.777
807.36804	14723.079
807.37213	14754.277
807.37616	14632.801
807.38025	14425.801
807.38434	14461.801
807.38837	14407.579
807.39246	14242.801
807.39648	14087.801
807.40057	14211.079
807.40466	13923.801
807.40869	13639.277
807.41278	13428.579
807.41687	13210.777
807.4209	13136.277
807.42499	13151.079
807.42902	13312.579
807.43311	13437.079
807.43719	13375.579
807.44122	13308.079
807.44531	13294.277
807.44934	13047.801
807.45343	13147.777
807.45752	13086.777
807.46155	12949.801
807.46564	13088.801
807.46967	13190.801
807.47375	13283
807.47784	13203.579
807.48187	13008.079
807.48596	12962.801
807.48999	13043.079
807.49408	12863.079
807.49817	12824.579
807.5022	12707.079
807.50629	12647.579
807.51031	12710.579
807.5144	12653.079
807.51849	12531.079
807.52252	12643.277
807.52661	12546.079
807.53064	12496.579
807.53473	12490
807.53876	12539
807.54285	12367.579
807.54694	12434.277
807.55096	12578.277
807.55505	12502.079
807.55908	12393.801
807.56317	12477.777
807.5672	12570
807.57129	12554.579
807.57538	12464.079
807.57941	12391.801
807.5835	12474.777
807.58752	12480.5
807.59161	12418.277
807.59564	12413.777
807.59973	12284.079
807.60382	12195.579
807.60785	12085.801
807.61194	12092.579
807.61597	11958.777
807.62006	11905.579
807.62408	11767.801
807.62817	11617.801
807.6322	11491.801
807.63629	11380.801
807.64032	11260.277
807.64441	11119.079
807.6485	10902.801
807.65253	10702.801
807.65662	10586.579
807.66064	10374.579
807.66473	10168.579
807.66876	10132.079
807.67285	9830.0791
807.67688	9786.5791
807.68097	9597.7773
807.685	9381.5791
807.68909	9229.0791
807.69312	9088.5791
807.6972	8998.8008
807.70123	8803.8008
807.70532	8795.7773
807.70935	8689.8008
807.71344	8493.7773
807.71747	8517.0791
807.72156	8451.7773
807.72565	8329.7773
807.72968	8327.0791
807.73376	8185.2778
807.73779	8180.0791
807.74188	8078.0791
807.74591	8054.2778
807.75	7925.8013
807.75403	7972.8013
807.75812	7939.0791
807.76215	8004.5791
807.76624	8046.7778
807.77026	8090.0791
807.77435	8097.2778
807.77838	8007.8013
807.78247	8022.8013
807.7865	7966.0791
807.79059	7931.8013
807.79462	8034.5791
807.79871	8042.5791
807.80273	8110.7778
807.80676	7990.7778
807.81085	8019.5791
807.81488	7967.5791
807.81897	8114.0791
807.823	7914.0791
807.82709	7861.2778
807.83112	7910.8013
807.83521	7782.8013
807.83923	7799.0791
807.84332	7803.7778
807.84735	7672.7778
807.85144	7576.8013
807.85547	7412.8013
807.85956	7466.7778
807.86359	7291.8013
807.86768	7148.5791
807.8717	7051.2778
807.87579	6900.5791
807.87982	6852.8013
807.88385	6777.0791
807.88794	6603.0791
807.89197	6453.0791
807.89606	6368.8013
807.90009	6213.7778
807.90417	6075.2778
807.9082	5988.7778
807.91229	5842.7778
807.91632	5821.2778
807.92035	5593.8013
807.92444	5572.7778
807.92847	5433.8013
807.93256	5332.2778
807.93658	5292.0791
807.94067	5144.0791
807.9447	5042.5791
807.94879	4983.0791
807.95282	4961.5791
807.95685	4945.7778
807.96094	4866.2778
807.96497	4801.7778
807.96906	4742.0791
807.97308	4682.5791
807.97717	4645.2778
807.9812	4529.8013
807.98523	4628.5791
807.98932	4606.8013
807.99335	4501.8013
807.99744	4572
808.00146	4500.7778
808.00549	4518.2778
808.00958	4498.5
808.01361	4504.2778
808.0177	4526.2778
808.02173	4519.2778
808.02582	4651.7778
808.02985	4636.7778
808.03387	4601
808.03796	4602
808.04199	4626.2778
808.04608	4719.5
808.05011	4759.2778
808.05414	4811.2778
808.05823	4824.7778
808.06226	4887.8013
808.06635	4936.5791
808.07037	5040.8013
808.0744	5030
808.07849	5184.5
808.08252	5215.8013
808.08661	5260.7778
808.09064	5434.5
808.09467	5529.8013
808.09875	5685.7778
808.10278	5815
808.10681	5877.8013
808.1109	6042
808.11493	6188.7778
808.11902	6384.8013
808.12305	6580.8013
808.12708	6795.8013
808.13116	6854.5
808.13519	7136.8013
808.13922	7329.5
808.14331	7455.8013
808.14734	7699.8013
808.15143	7899.8013
808.15546	8197
808.15948	8438.5
808.16357	8733.8008
808.1676	8958.8008
808.17163	9235.7773
808.17572	9522.8008
808.17975	9895.8008
808.18378	10059.801
808.18787	10515.777
808.19189	10690
808.19592	10940.579
808.20001	11127.801
808.20404	11475.777
808.20807	11684.801
808.21216	11873.5
808.21619	12111.801
808.22028	12269.5
808.2243	12464.5
808.22833	12478.801
808.23242	12540.801
808.23645	12675.801
808.24048	12795
808.24457	12933.5
808.2486	12731.801
808.25262	12809.5
808.25671	12599.801
808.26074	12567
808.26477	12468
808.26886	12364.277
808.27289	12111.777
808.27692	11914
808.28094	11750.801
808.28503	11414.5
808.28906	11160.801
808.29309	10750.277
808.29718	10536
808.30121	10277
808.30524	9884.5
808.30933	9599.5
808.31335	9205.2773
808.31738	8933.7773
808.32147	8605.2773
808.3255	8294.0791
808.32953	8019
808.33362	7790.8013
808.33765	7508.5
808.34167	7184
808.3457	6916.5
808.34979	6644.5
808.35382	6454.5
808.35785	6219
808.36194	6028
808.36597	5802.8013
808.37	5657.8013
808.37402	5469
808.37811	5215.8013
808.38214	5091.0791
808.38617	4915.8013
808.39026	4776
808.39429	4609
808.39832	4455.5
808.40234	4356.5
808.40643	4228.2778
808.41046	4091.7778
808.41449	3966.7778
808.41858	3867.5
808.42261	3841.0791
808.42664	3666.5
808.43066	3590
808.43475	3474
808.43878	3408.2778
808.44281	3414.5
808.44684	3204.8013
808.45093	3254.8013
808.45496	3100.7778
808.45898	3060.0791
808.46301	2945.2778
808.4671	2944.2778
808.47113	2892.2778
808.47516	2804
808.47919	2706
808.48328	2643.8013
808.4873	2617.8013
808.49133	2615.5
808.49536	2553.8013
808.49945	2532
808.50348	2458.7778
808.50751	2476
808.51154	2389
808.51563	2424.7778
808.51965	2276
808.52368	2289.8013
808.52771	2248.2778
808.5318	2244
808.53583	2260.5791
808.53986	2181
808.54388	2195.5
808.54791	2151.5791
808.552	2115
808.55603	2077.5
808.56006	2064.7778
808.56409	2051.2778
808.56818	2039
808.5722	2023.5791
808.57623	1969
808.58026	1911.8013
808.58429	1974.5
808.58838	1927
808.59241	1890.8013
808.59644	1916.2778
808.60046	1872.5
808.60455	1846.8013
808.60858	1851.5
808.61261	1840.7778
808.61664	1846.7778
808.62067	1845.2778
808.62476	1827.8013
808.62878	1821
808.63281	1812.2778
808.63684	1805.2778
808.64087	1782.2778
808.64496	1760.7778
808.64899	1770.5
808.65302	1730.0791
808.65704	1742.7778
808.66107	1712.5
808.6651	1692.2778
808.66919	1718.2778
808.67322	1713.7778
808.67725	1721.2778
808.68127	1703.2778
808.6853	1703.2778
808.68939	1658.5
808.69342	1684.2778
808.69745	1663
808.70148	1667
808.70551	1668.2778
808.70953	1644
808.71362	1616.5
808.71765	1629.5
808.72168	1624.7778
808.72571	1634.7778
808.72974	1628.8013
808.73376	1590.8013
808.73785	1596.5
808.74188	1599.8013
808.74591	1579
808.74994	1579
808.75397	1568.2778
808.758	1578.5
808.76202	1592.5
808.76611	1592.5
808.77014	1577.5
808.77417	1564.2778
808.7782	1548.7778
808.78223	1567
808.78625	1527.5
808.79034	1530.7778
808.79437	1558
808.7984	1556.5
808.80243	1527.2778
808.80646	1527.2778
808.81049	1524.7778
808.81451	1525.5
808.81854	1534.7778
808.82263	1532.5
808.82666	1535.2778
808.83069	1495.7778
808.83472	1523.2778
808.83875	1524
808.84277	1524.7778
808.8468	1525
808.85083	1525
808.85492	1505.2778
808.85895	1538.2778
808.86298	1524.5
808.867	1517
808.87103	1491.2778
808.87506	1491.2778
808.87909	1496.5
808.88312	1535.5
808.88721	1504
808.89124	1553.5
808.89526	1539.5
808.89929	1532.2778
808.90332	1513.5
808.90735	1520.7778
808.91138	1527.5
808.91541	1546.8013
808.91943	1523.5
808.92346	1505.7778
808.92755	1518
808.93158	1539.5
808.93561	1526.5
808.93964	1536.7778
808.94366	1528
808.94769	1558.5
808.95172	1521
808.95575	1544.7778
808.95978	1540
808.96381	1554
808.96783	1561.7778
808.97186	1542.8013
808.97595	1569.7778
808.97998	1603.7778
808.98401	1611.7778
808.98804	1581
808.99207	1578.7778
808.99609	1604
809.00012	1594.2778
809.00415	1603.7778
809.00818	1621.5
809.01221	1636
809.01624	1614.7778
809.02026	1635.7778
809.02429	1637.8013
809.02832	1640
809.03235	1670.5
809.03644	1670
809.04047	1680
809.04449	1702.5
809.04852	1699
809.05255	1687
809.05658	1715.7778
809.06061	1707.5
809.06464	1714.5
809.06866	1758.5
809.07269	1757
809.07672	1776
809.08075	1797.7778
809.08478	1814.7778
809.08881	1785.8013
809.09283	1813
809.09686	1871.7778
809.10089	1839.8013
809.10492	1876.5
809.10895	1885.7778
809.11298	1934.7778
809.117	1932.5
809.12103	1958.7778
809.12506	1956
809.12909	1986
809.13312	2024
809.13715	2056
809.14124	2081
809.14526	2095
809.14929	2113.8013
809.15332	2109.2778
809.15735	2171
809.16138	2189.7778
809.16541	2242
809.16943	2271
809.17346	2330.2778
809.17749	2322.2778
809.18152	2397.8013
809.18555	2401.8013
809.18958	2435.5
809.1936	2494.5
809.19763	2534.5
809.20166	2586
809.20569	2621.8013
809.20972	2689
809.21375	2731
809.21777	2759.5
809.2218	2838.8013
809.22583	2886.5
809.22986	2965
809.23389	3054.8013
809.23792	3082
809.24194	3193
809.24597	3244.2778
809.25	3361.5
809.25397	3422.5
809.258	3579.8013
809.26202	3586.5
809.26605	3710.7778
809.27008	3824.7778
809.27411	3940
809.27814	4058.5
809.28217	4133.5
809.28619	4321
809.29022	4475
809.29425	4603.5
809.29828	4736
809.30231	4842.8013
809.30634	5047.8013
809.31036	5344
809.31439	5417.5
809.31842	5664
809.32245	5864.2778
809.32648	6065.5
809.33051	6302
809.33453	6365.8013
809.33856	6557.8013
809.34259	6829.8013
809.34662	7099.8013
809.35065	7358.8013
809.35468	7575.5
809.35864	7854.5
809.36267	7919.8013
809.3667	8326.7773
809.37073	8518.8008
809.37476	8703.8008
809.37878	8989
809.38281	9149.5
809.38684	9380.8008
809.39087	9557.5
809.3949	9695
809.39893	9907.8008
809.40295	10112.5
809.40698	10054
809.41101	10224.801
809.41504	10212.801
809.41901	10232.5
809.42303	10240
809.42706	10074.5
809.43109	10054
809.43512	9773.5
809.43915	9712.8008
809.44318	9588.8008
809.4472	9337
809.45123	9185
809.45526	8845.8008
809.45929	8572
809.46326	8276.7773
809.46729	8061
809.47131	7710.5
809.47534	7551.8013
809.47937	7216.2778
809.4834	6995.5
809.48743	6677.5
809.49146	6431.8013
809.49548	6167.5
809.49951	5915.5
809.50348	5638.5
809.50751	5489
809.51154	5299.8013
809.51556	5091.5
809.51959	4941.2778
809.52362	4640.5
809.52765	4506.2778
809.53168	4309.5
809.53571	4201.7778
809.53967	4026.5
809.5437	3928
809.54773	3781.2778
809.55176	3598
809.55579	3543.2778
809.55981	3415
809.56384	3274.8013
809.56787	3238.2778
809.57184	3104.8013
809.57587	3052.5
809.5799	2987.5
809.58392	2883.7778
809.58795	2780.5
809.59198	2734.8013
809.59601	2674.5
809.59998	2576.2778
809.604	2539.7778
809.60803	2510
809.61206	2415.8013
809.61609	2344.2778
809.62012	2320
809.62415	2207
809.62811	2210
809.63214	2163.7778
809.63617	2102.2778
809.6402	2096.7778
809.64423	2052.5
809.64825	2017
809.65222	1984.8013
809.65625	1975
809.66028	1946
809.66431	1913.5
809.66833	1869.7778
809.67236	1851.2778
809.67633	1812.2778
809.68036	1804.5
809.68439	1762.2778
809.68842	1754
809.69244	1685.7778
809.69647	1710.2778
809.70044	1687.2778
809.70447	1682.5791
809.7085	1660
809.71252	1613.5
809.71655	1559
809.72058	1589
809.72455	1557.5
809.72858	1563.2778
809.7326	1505
809.73663	1517
809.74066	1501.5
809.74463	1494.5
809.74866	1456
809.75269	1445.5
809.75671	1447.5
809.76074	1442.5
809.76471	1425.8013
809.76874	1396
809.77277	1360.7778
809.77679	1344.8013
809.78082	1355
809.78479	1357
809.78882	1356.7778
809.79285	1340
809.79688	1327
809.8009	1325
809.80487	1309.7778
809.8089	1311.5
809.81293	1290.7778
809.81696	1314
809.82092	1260
809.82495	1262
809.82898	1258
809.83301	1253.7778
809.83704	1249.5
809.841	1265.8013
809.84503	1239.8013
809.84906	1239.5
809.85309	1214.5
809.85706	1212.2778
809.86108	1186
809.86511	1198.7778
809.86914	1172.7778
809.87311	1195
809.87714	1184.2778
809.88116	1180.7778
809.88519	1180.2778
809.88916	1187.2778
809.89319	1175.7778
809.89722	1176.7778
809.90125	1184
809.90521	1159.2778
809.90924	1137.2778
809.91327	1139.5
809.9173	1153.8013
809.92126	1130.5
809.92529	1129.7778
809.92932	1135.2778
809.93335	1132.7778
809.93732	1126
809.94135	1117
809.94537	1128
809.9494	1096.5
809.95337	1097
809.9574	1109.7778
809.96143	1102.7778
809.96545	1103.5
809.96942	1099
809.97345	1114
809.97748	1084
809.98145	1078.5
809.98547	1070
809.9895	1084
809.99353	1093.5
809.9975	1073.5
810.00153	1095.5
810.00555	1070
810.00952	1070.2778
810.01355	1077
810.01758	1067.7778
810.02161	1074.5
810.02557	1063.5
810.0296	1085.7778
810.03363	1052.5
810.0376	1014
810.04163	968.77783
810.04565	924
810.04968	902.27783
810.05365	893.77783
810.05768	887.27783
810.06171	890
810.06567	887.77783
810.0697	887
810.07373	886
810.0777	888
810.08173	889
810.08575	885.27783
810.08972	887.5
810.09375	886.27783
810.09778	888.27783
810.10175	895.5
810.10577	888
810.1098	887.27783
810.11383	887.77783
810.1178	887.5
810.12183	889.77783
810.12585	887
810.12982	881.5
810.13385	883.5
810.13788	888.27783
810.14185	880.77783
810.14587	892.27783
810.1499	889
810.15387	888
810.1579	884
810.16193	888.5
810.16589	881.27783
810.16992	881.77783
810.17389	884.27783
810.17792	879
810.18195	882.5
810.18591	883.5
810.18994	885.77783
810.19397	886.5
810.19794	884.5
810.20197	883.77783
810.20599	882.77783
810.20996	885.27783
810.21399	885
810.21802	886.27783
810.22198	884.5
810.22601	884.27783
810.23004	883.5
810.23401	885.5
810.23804	882
810.242	888
810.24603	886.5
810.25006	887.77783
810.25403	885.77783
810.25806	884.5
810.26208	884.77783
810.26605	881.5
