807.78131	2442
807.7937	2818
807.80603	2764
807.81842	2834
807.83081	2858
807.8432	2871
807.85559	2866
807.86798	2897
807.88037	2845
807.89276	2906
807.90509	2867
807.91748	2898
807.92987	2889
807.94226	2881
807.95465	2835
807.96698	2870
807.97937	2775
807.99176	2907
808.00409	2920
808.01648	2839
808.02887	2880
808.04126	2902
808.05359	2917
808.06598	2847
808.07837	2893
808.0907	2872
808.10309	2920
808.11542	2913
808.12781	2915
808.1402	2976
808.15253	2880
808.16492	2927
808.17725	2965
808.18964	2955
808.20197	2954
808.21436	2970
808.22668	2957
808.23907	2975
808.2514	2950
808.26379	2944
808.27612	3033
808.28851	2896
808.30084	2999
808.31323	2869
808.32556	3016
808.33789	3037
808.35028	2936
808.36261	2976
808.37494	2960
808.38733	2975
808.39966	2988
808.41199	2948
808.42438	3011
808.43671	2943
808.44904	2929
808.46143	2941
808.47375	2962
808.48608	3033
808.49841	2940
808.5108	3005
808.52313	2994
808.53546	2899
808.54779	2997
808.56012	3073
808.57245	3045
808.58484	3062
808.59717	3071
808.6095	3030
808.62183	3049
808.63416	3067
808.64648	3013
808.65881	3034
808.67114	2988
808.68347	3105
808.6958	3004
808.70813	3042
808.72046	3062
808.73279	3018
808.74512	3033
808.75745	3091
808.76978	3047
808.7821	3086
808.79443	3049
808.80676	3068
808.81909	3137
808.83142	3106
808.84375	3061
808.85608	3064
808.86841	3082
808.88068	3025
808.89301	3104
808.90533	3110
808.91766	3000
808.92999	3082
808.94232	3057
808.95459	3095
808.96692	3045
808.97925	2986
808.99158	3097
809.00385	3104
809.01617	3016
809.0285	3073
809.04077	3062
809.0531	3114
809.06543	3117
809.0777	3040
809.09003	3135
809.10236	3110
809.11462	3027
809.12695	3048
809.13928	2923
809.15155	3081
809.16388	3091
809.17615	3045
809.18848	3117
809.20074	3066
809.21307	3046
809.22534	3074
809.23767	3055
809.24994	3139
809.26227	3116
809.27454	3122
809.28687	3155
809.29913	3107
809.31146	3043
809.32373	3105
809.336	3116
809.34833	3049
809.3606	3074
809.37286	3021
809.38519	3010
809.39746	3032
809.40973	2998
809.42206	3117
809.43433	3075
809.44659	3066
809.45892	3117
809.47119	3056
809.48346	3073
809.49573	3133
809.50806	3121
809.52032	3070
809.53259	3054
809.54486	3008
809.55713	3109
809.56946	3114
809.58173	3077
809.59399	3113
809.60626	3084
809.61853	3082
809.6308	3093
809.64307	3087
809.65533	3136
809.6676	3106
809.67987	3074
809.69214	3162
809.70441	3065
809.71674	3119
809.729	3095
809.74127	3149
809.75348	3084
809.76575	3099
809.77802	3093
809.79028	3073
809.80255	3115
809.81482	3112
809.82709	3029
809.83936	3070
809.85162	3060
809.86389	2992
809.87616	3077
809.88837	3063
809.90063	3121
809.9129	3109
809.92517	3174
809.93744	3050
809.94965	3114
809.96191	3049
809.97418	3125
809.98645	3032
809.99866	3143
810.01093	3089
810.02319	3063
810.03546	3034
810.04767	3047
810.05994	3030
810.0722	3054
810.08441	3068
810.09668	3078
810.10889	3065
810.12115	3030
810.13342	3078
810.14563	3092
810.1579	3016
810.1701	3007
810.18237	3007
810.19458	2991
810.20685	3004
810.21906	2952
810.23132	3006
810.24353	3107
810.2558	3017
810.26801	3110
810.28027	3125
810.29248	3044
810.30475	3078
810.31696	3063
810.32916	3035
810.34143	3043
810.35364	3102
810.36591	3018
810.37811	3014
810.39032	2995
810.40253	3010
810.41479	3107
810.427	3030
810.43921	3025
810.45148	3030
810.46368	3039
810.47589	3007
810.4881	3034
810.50037	3036
810.51257	2993
810.52478	3030
810.53699	3021
810.54919	2985
810.56146	3070
810.57367	2952
810.58588	3082
810.59808	3005
810.61029	2971
810.6225	3102
810.6347	3064
810.64691	3013
810.65912	3051
810.67133	3110
810.68353	2980
810.69574	3081
810.70795	3040
810.72015	3035
810.73236	3122
810.74457	3101
810.75677	3079
810.76898	3063
810.78119	2997
810.7934	3085
810.8056	2979
810.81781	3012
810.83002	3070
810.84222	3078
810.85443	3025
810.86658	3054
810.87878	3083
810.89099	3063
810.9032	3077
810.91541	3144
810.92755	3039
810.93976	3090
810.95197	3058
810.96417	3137
810.97632	3157
810.98853	3096
811.00073	3090
811.01294	3166
811.02509	3150
811.03729	3154
811.0495	3214
811.06165	3175
811.07385	3209
811.08606	3156
811.09821	3213
811.11041	3219
811.12256	3200
811.13477	3206
811.14691	3270
811.15912	3242
811.17133	3237
811.18347	3257
811.19568	3243
811.20782	3250
811.22003	3284
811.23218	3300
811.24432	3233
811.25653	3368
811.26868	3384
811.28088	3325
811.29303	3353
811.30524	3449
811.31738	3415
811.32953	3392
811.34174	3416
811.35388	3431
811.36603	3445
811.37823	3486
811.39038	3429
811.40253	3501
811.41473	3496
811.42688	3543
811.43903	3586
811.45117	3542
811.46338	3601
811.47552	3685
811.48767	3663
811.49982	3805
811.51196	3778
811.52417	3687
811.53632	3706
811.54846	3693
811.56061	3648
811.57275	3572
811.5849	3617
811.59705	3681
811.60919	3711
811.6214	3754
811.63354	3730
811.64569	3741
811.65784	3721
811.66998	3721
811.68213	3809
811.69427	3816
811.70642	3858
811.71857	3875
811.73071	3869
811.74286	3842
811.75494	3944
811.76709	3940
811.77924	3910
811.79138	3981
811.80353	3991
811.81567	4021
811.82782	4011
811.83997	4082
811.85205	4179
811.8642	4087
811.87634	4146
811.88849	4222
811.90063	4168
811.91272	4235
811.92487	4381
811.93701	4306
811.94916	4322
811.96124	4330
811.97339	4365
811.98553	4415
811.99768	4367
812.00977	4432
812.02191	4448
812.034	4414
812.04614	4542
812.05829	4525
812.07037	4602
812.08252	4561
812.09467	4662
812.10675	4711
812.1189	4749
812.13098	4589
812.14313	4787
812.15521	4822
812.16736	4724
812.17944	4918
812.19159	4832
812.20367	4845
812.21582	4894
812.22791	4933
812.24005	4918
812.25214	4902
812.26422	4959
812.27637	4922
812.28845	4916
812.30054	5087
812.31268	5037
812.32477	5010
812.33691	5105
812.349	5122
812.36108	5029
812.37317	5076
812.38531	5066
812.3974	5078
812.40948	5128
812.42157	5066
812.43372	5114
812.4458	5101
812.45789	5022
812.46997	5085
812.48212	5122
812.4942	5064
812.50629	5091
812.51837	5072
812.53046	5015
812.54254	5049
812.55463	5036
812.56671	5002
812.5788	4998
812.59094	5012
812.60303	5041
812.61511	5097
812.6272	5042
812.63928	5107
812.65137	4980
812.66345	5081
812.67554	5016
812.68762	4979
812.69971	5100
812.71179	4923
812.72382	4962
812.7359	5006
812.74799	5071
812.76007	5011
812.77216	4992
812.78424	4914
812.79633	4874
812.80841	4921
812.82043	5031
812.83252	4995
812.8446	4988
812.85669	4983
812.86877	4947
812.8808	5009
812.89288	4935
812.90497	4885
812.91705	4937
812.92908	4890
812.94116	4916
812.95325	4904
812.96527	4846
812.97736	4872
812.98944	4903
813.00146	4933
813.01355	4766
813.02563	4802
813.03766	4753
813.04974	4760
813.06177	4807
813.07385	4863
813.08588	4927
813.09796	4966
813.10999	4863
813.12207	4768
813.13409	4852
813.14618	4859
813.1582	4828
813.17029	4786
813.18231	4846
813.1944	4843
813.20642	4778
813.21851	4808
813.23053	4884
813.24255	4836
813.25464	4786
813.26666	4771
813.27869	4807
813.29077	4761
813.3028	4818
813.31482	4742
813.3269	4784
813.33893	4772
813.35095	4785
813.36304	4675
813.37506	4845
813.38708	4791
813.39911	4861
813.41113	4864
813.42322	4811
813.43524	4871
813.44727	4842
813.45929	4785
813.47131	4846
813.48334	4764
813.49542	4861
813.50745	4836
813.51947	4976
813.53149	4925
813.54352	4848
813.55554	4915
813.56757	4913
813.57959	4945
813.59161	4873
813.60364	4899
813.61566	4965
813.62769	4947
813.63971	4857
813.65173	4892
813.66376	4953
813.67578	4959
813.68781	4925
813.69983	4838
813.71179	5032
813.72382	5014
813.73584	4992
813.74786	4955
813.75989	4967
813.77191	5073
813.78394	5077
813.7959	5013
813.80792	5056
813.81995	5005
813.83197	5100
813.84393	5110
813.85596	5136
813.86798	5138
813.88	5216
813.89197	5308
813.90399	5229
813.91602	5214
813.92798	5278
813.94	5228
813.95203	5407
813.96399	5222
813.97601	5220
813.98798	5346
814	5391
814.01202	5488
814.02399	5454
814.03601	5425
814.04797	5381
814.06	5459
814.07196	5466
814.08398	5448
814.09595	5570
814.10797	5529
814.11993	5617
814.13196	5688
814.14392	5724
814.15588	5676
814.16791	5697
814.17987	5744
814.19189	5632
814.20386	5811
814.21582	5873
814.22784	5845
814.23981	5843
814.25177	5849
814.26379	5877
814.27576	5953
814.28772	5986
814.29968	6026
814.31171	6014
814.32367	6097
814.33563	6159
814.3476	6085
814.35962	6180
814.37158	6184
814.38354	6228
814.39551	6180
814.40747	6292
814.41943	6290
814.43146	6260
814.44342	6408
814.45538	6316
814.46735	6493
814.47931	6359
814.49127	6360
814.50323	6475
814.5152	6443
814.52716	6549
814.53912	6504
814.55109	6566
814.56305	6543
814.57501	6598
814.58698	6658
814.59894	6716
814.6109	6709
814.62286	6804
814.63483	6715
814.64679	6644
814.65875	6755
814.67065	6720
814.68262	6735
814.69458	6789
814.70654	6940
814.71851	6943
814.73047	6836
814.74237	6959
814.75433	6868
814.7663	6894
814.77826	6973
814.79016	7042
814.80212	6937
814.81409	7023
814.82605	7058
814.83795	7088
814.84991	7000
814.86188	7220
814.87378	7225
814.88574	7239
814.89764	7226
814.90961	7301
814.92157	7242
814.93347	7231
814.94543	7257
814.95734	7282
814.9693	7283
814.98126	7626
814.99316	7586
815.00513	7701
815.01703	7569
815.02899	7550
815.04089	7625
815.0528	7710
815.06476	7875
815.07666	7790
815.08862	7984
815.10052	7899
815.11249	8013
815.12439	8005
815.13629	8118
815.14825	8235
815.16016	8281
815.17206	8222
815.18402	8384
815.19592	8425
815.20782	8637
815.21979	8506
815.23169	8648
815.24359	8740
815.25549	8717
815.26746	8760
815.27936	8966
815.29126	8982
815.30316	9190
815.31506	9096
815.32703	9303
815.33893	9455
815.35083	9566
815.36273	9685
815.37463	9726
815.38654	10048
815.39844	9906
815.41034	10110
815.42224	10313
815.43414	10262
815.44604	10400
815.45801	10407
815.46991	10607
815.48181	10841
815.49371	10956
815.50555	10913
815.51746	11380
815.52936	11486
815.54126	11596
815.55316	11659
815.56506	11742
815.57697	12051
815.58887	12179
815.60077	12113
815.61267	12271
815.62457	12567
815.63641	12460
815.64832	13061
815.66022	12991
815.67212	13210
815.68402	13241
815.69586	13399
815.70776	13595
815.71967	13602
815.73157	13741
815.74341	13863
815.75531	14106
815.76721	14010
815.77905	14144
815.79095	14534
815.80286	14562
815.8147	14754
815.8266	14802
815.8385	15109
815.85034	15347
815.86224	15475
815.87408	15557
815.88599	15125
815.89783	15705
815.90973	15604
815.92157	15782
815.93347	15836
815.94531	16240
815.95721	16412
815.96906	16542
815.98096	16900
815.9928	16970
816.0047	17049
816.01654	17222
816.02844	17543
816.04028	17748
816.05212	17818
816.06403	17951
816.07587	18022
816.08771	18276
816.09961	18413
816.11145	18452
816.12329	18563
816.13519	19009
816.14703	18942
816.15887	19008
816.17072	19371
816.18262	19533
816.19446	19619
816.2063	19711
816.21814	19832
816.23004	20195
816.24188	20453
816.25372	20626
816.26556	20604
816.2774	20979
816.28925	21132
816.30109	21235
816.31299	21265
816.32483	21555
816.33667	21851
816.34851	22286
816.36035	22063
816.37219	22396
816.38403	22376
816.39587	22574
816.40771	22961
816.41956	22892
816.4314	22760
816.44324	23181
816.45508	23534
816.46692	23605
816.47876	24086
816.49054	24209
816.50238	24292
816.51422	24608
816.52606	24735
816.5379	25145
816.54974	25567
816.56158	25640
816.57336	25706
816.58521	25674
816.59705	25981
816.60889	26260
816.62073	26528
816.63251	26874
816.64435	27184
816.65619	27214
816.66797	27169
816.67981	27519
816.69165	27710
816.70343	27960
816.71527	27894
816.72711	28104
816.73889	28474
816.75073	28544
816.76257	28479
816.77435	28503
816.78619	28557
816.79797	28506
816.80981	28444
816.82159	28272
816.83344	28484
816.84528	28036
816.85706	27848
816.8689	27720
816.88068	27134
816.89246	26617
816.9043	26423
816.91608	25825
816.92792	25304
816.9397	24464
816.95154	23893
816.96332	23206
816.9751	22580
816.98694	22005
816.99872	21393
817.0105	20852
817.02234	20249
817.03412	19788
817.0459	19135
817.05774	18477
817.06952	18146
817.0813	17323
817.09308	16759
817.10492	16399
817.1167	15971
817.12848	15696
817.14026	15144
817.15204	14719
817.16388	14206
817.17566	13822
817.18744	13279
817.19922	12970
817.211	12806
817.22278	12332
817.23456	11960
817.24634	11726
817.25812	11313
817.2699	10924
817.28174	10690
817.29352	10363
817.3053	10037
817.31708	9881
817.32886	9668
817.34064	9470
817.35236	9112
817.36414	8951
817.37592	8572
817.3877	8555
817.39948	8213
817.41125	7964
817.42303	7958
817.43481	7608
817.44659	7581
817.45837	7373
817.47009	7302
817.48187	7053
817.49365	6860
817.50543	6720
817.51721	6588
817.52893	6412
817.54071	6251
817.55249	6204
817.56421	6131
817.57599	5957
817.58777	5860
817.59955	5657
817.61127	5509
817.62305	5460
817.63483	5444
817.64655	5167
817.65833	5086
817.67004	5199
817.68182	4936
817.6936	4875
817.70532	4888
817.7171	4712
817.72882	4614
817.7406	4629
817.75232	4472
817.7641	4432
817.77582	4312
817.7876	4242
817.79932	4166
817.8111	4067
817.82281	4002
817.83459	3944
817.84631	3940
817.85803	3900
817.86981	3842
817.88153	3824
817.89325	3715
817.90503	3598
817.91675	3587
817.92847	3592
817.94025	3524
817.95197	3481
817.96368	3393
817.97546	3333
817.98718	3278
817.9989	3325
818.01062	3147
818.0224	3132
818.03412	3123
818.04584	3033
818.05756	3065
818.06927	2988
818.08099	2983
818.09277	3006
818.10449	2918
818.11621	2868
818.12793	2825
818.13965	2813
818.15137	2806
818.16309	2776
818.1748	2652
818.18652	2685
818.19824	2615
818.20996	2644
818.22168	2559
818.2334	2547
818.24512	2526
818.25684	2524
818.26855	2493
818.28027	2472
818.29199	2402
818.30371	2394
818.31543	2326
818.32715	2379
818.33887	2387
818.35052	2287
818.36224	2273
818.37396	2264
818.38568	2277
818.3974	2242
818.40906	2205
818.42078	2139
818.4325	2114
818.44421	2099
818.45587	2143
818.46759	2114
818.47931	2108
818.49103	2076
818.50269	2088
818.5144	2051
818.52612	2048
818.53778	2030
818.5495	2029
818.56116	1942
818.57288	1933
818.58459	1925
818.59625	1930
818.60797	1902
818.61963	1888
818.63135	1905
818.64301	1863
818.65472	1820
818.66638	1792
818.6781	1846
818.68976	1822
818.70148	1785
818.71313	1740
818.72485	1774
818.73651	1750
818.74823	1757
818.75989	1720
818.77155	1738
818.78326	1731
818.79492	1735
818.80658	1699
818.8183	1635
818.82996	1721
818.84161	1677
818.85333	1658
818.86499	1641
818.87665	1640
818.88831	1592
818.90002	1640
818.91168	1580
818.92334	1615
818.935	1560
818.94666	1576
818.95837	1584
818.97003	1574
818.98169	1534
818.99335	1608
819.005	1546
819.01666	1584
819.02832	1566
819.03998	1462
819.05164	1558
819.06335	1533
819.07501	1499
819.08667	1494
819.09833	1445
819.10999	1486
819.12164	1457
819.1333	1463
819.14496	1518
819.15656	1442
819.16821	1438
819.17987	1467
819.19153	1456
819.20319	1439
819.21484	1442
819.2265	1428
819.23816	1390
819.24982	1401
819.26141	1359
819.27307	1376
819.28473	1372
819.29639	1381
819.30804	1349
819.31964	1357
819.3313	1360
819.34296	1343
819.35461	1349
819.36621	1336
819.37787	1343
819.38953	1342
819.40112	1368
819.41278	1363
819.42444	1298
819.43604	1322
819.44769	1280
819.45929	1333
819.47095	1290
819.4826	1304
819.4942	1297
819.50586	1331
819.51746	1286
819.52911	1344
819.54071	1272
819.55237	1290
819.56396	1264
819.57562	1264
819.58722	1263
819.59888	1269
819.61047	1270
819.62213	1234
819.63373	1253
819.64532	1255
819.65698	1226
819.66858	1230
819.68018	1203
819.69183	1254
819.70343	1207
819.71503	1225
819.72668	1200
819.73828	1223
819.74988	1162
819.76154	1175
819.77313	1198
819.78473	1185
819.79633	1199
819.80798	1180
819.81958	1180
819.83118	1167
819.84277	1180
819.85437	1170
819.86597	1180
819.87762	1192
819.88922	1159
819.90082	1146
819.91241	1167
819.92401	1173
819.93561	1175
819.9472	1130
819.9588	1170
819.9704	1150
819.98199	1162
819.99359	1154
820.00519	1124
820.01678	1128
820.02838	1157
820.03998	1119
820.05157	1136
