808.75751	901.0791
808.7616	897.5
808.76563	898.5791
808.76971	899.0791
808.77374	897.19189
808.77783	897.0791
808.78186	899.19189
808.78595	899.0791
808.78998	896.11279
808.79407	898
808.7981	900
808.80219	896.0791
808.80621	894.11279
808.8103	890.11279
808.81433	897.5791
808.81842	896.0791
808.82245	889.11279
808.82654	894.11279
808.83057	898.5791
808.83466	892.5791
808.83868	896.5791
808.84277	892.11279
808.8468	889.11279
808.85089	894.11279
808.85492	898.5
808.85901	890.11279
808.86304	896.11279
808.86713	893.11279
808.87115	889.11279
808.87524	893.5791
808.87927	898
808.88336	888.11279
808.88739	894.5791
808.89148	895.5
808.89551	895.5
808.8996	892.11279
808.90363	887.11279
808.90765	893.19189
808.91174	887.5791
808.91577	894.69189
808.91986	884.11279
808.92389	894.0791
808.92798	889.69189
808.93201	889.11279
808.9361	892
808.94012	885.11279
808.94421	886.69189
808.94824	892.19189
808.95233	887.19189
808.95636	890.11279
808.96039	889.11279
808.96448	896.5791
808.96851	888.11279
808.9726	895.11279
808.97662	886.11279
808.98071	892.11279
808.98474	889.11279
808.98883	891.11279
808.99286	894.0791
808.99695	895
809.00098	894.69189
809.005	892.11279
809.00909	894.69189
809.01312	885.69189
809.01721	892.19189
809.02124	894.5791
809.02533	896.11279
809.02936	893.0791
809.03339	892.19189
809.03748	901.0791
809.0415	899.11279
809.04559	900.0791
809.04962	894.69189
809.05371	899.5791
809.05774	900.5791
809.06177	897.5
809.06586	899.0791
809.06989	898.11279
809.07397	902
809.078	901.11279
809.08203	905.5791
809.08612	903.11279
809.09015	902.5
809.09424	905
809.09827	902.11279
809.10236	907.5791
809.10638	900.11279
809.11041	907.11279
809.1145	907.19189
809.11853	910.19189
809.12262	909.11279
809.12665	919.5791
809.13068	918.11279
809.13477	917.19189
809.13879	917
809.14288	918.11279
809.14691	925.5791
809.15094	927.5
809.15503	926.0791
809.15906	926.19189
809.16309	925.5791
809.16718	929.0791
809.1712	929.11279
809.17529	932.5791
809.17932	929.5791
809.18335	941.0791
809.18744	929.11279
809.19147	936.5791
809.1955	939.0791
809.19958	938.5791
809.20361	922.11279
809.2077	935
809.21173	924.19189
809.21576	928.5791
809.21985	935.11279
809.22388	921
809.22791	935.5791
809.23199	929.5791
809.23602	929.19189
809.24011	929.0791
809.24414	915.11279
809.24817	921.5791
809.25226	918.69189
809.25629	924.0791
809.26031	918.5
809.2644	917.5
809.26843	907.11279
809.27246	908.11279
809.27655	913
809.28058	907.11279
809.28461	906.0791
809.2887	909.11279
809.29272	907.69189
809.29675	909
809.30084	904.11279
809.30487	908.19189
809.3089	904.5791
809.31299	900.11279
809.31702	902.69189
809.32104	902.0791
809.32513	900.11279
809.32916	897
809.33319	902.11279
809.33728	895.5791
809.34131	900
809.34534	895.0791
809.34943	896.11279
809.35345	894
809.35748	895.69189
809.36157	898.5
809.3656	901.5791
809.36963	895.11279
809.37372	889.11279
809.37775	882.11279
809.38177	885.5791
809.3858	892.11279
809.38989	891.69189
809.39392	896.69189
809.39795	892.11279
809.40204	892.11279
809.40607	888.5791
809.4101	889.11279
809.41418	889.0791
809.41821	896
809.42224	891.69189
809.42627	889.11279
809.43036	889.0791
809.43439	888.11279
809.43842	888.11279
809.4425	886.11279
809.44653	892.0791
809.45056	889.69189
809.45465	890.5791
809.45868	886.11279
809.46271	887.11279
809.46674	888.0791
809.47083	877.11279
809.47485	884.0791
809.47888	884
809.48291	885.11279
809.487	881.5791
809.49103	884
809.49506	885.5791
809.49915	884.5791
809.50317	883
809.5072	883.0791
809.51123	880.11279
809.51532	887.11279
809.51935	889.11279
809.52338	878.11279
809.5274	884.11279
809.53149	881.69189
809.53552	885.19189
809.53955	885.5
809.54358	884.19189
809.54767	885.5791
809.5517	882.11279
809.55573	877.11279
809.55975	883.0791
809.56384	883.11279
809.56787	883.11279
809.5719	887.5
809.57593	879.11279
809.58002	888.11279
809.58405	885.11279
809.58807	885.69189
809.5921	885.0791
809.59619	881.5791
809.60022	882.11279
809.60425	885.5
809.60828	885
809.61237	885
809.61639	886
809.62042	881.11279
809.62445	878
809.62848	883.0791
809.63257	882
809.6366	883.5791
809.64063	885
809.64465	880.5791
809.64874	882.5791
809.65277	878.11279
809.6568	886.11279
809.66083	881.11279
809.66486	884.5791
809.66895	882.0791
809.67297	881.11279
809.677	881.11279
809.68103	885.0791
809.68506	882.5791
809.68915	878.11279
809.69318	885.0791
809.6972	882.5
809.70123	882.11279
809.70526	881.5
809.70935	884.11279
809.71338	882.5791
809.71741	882.5791
809.72144	876.11279
809.72546	879.5791
809.72955	884.5791
809.73358	883.5791
809.73761	882.5
809.74164	884
809.74567	884.19189
809.74969	880.0791
809.75378	884.0791
809.75781	883.11279
809.76184	883.19189
809.76587	882.69189
809.7699	881.11279
809.77399	880
809.77802	886.11279
809.78204	880.11279
809.78607	882
809.7901	881.5791
809.79413	878.19189
809.79822	881.11279
809.80225	880.0791
809.80627	886.11279
809.8103	880.19189
809.81433	886
809.81836	882.5
809.82245	884.11279
809.82648	881.11279
809.83051	887
809.83453	884.19189
809.83856	884
809.84259	883.5791
809.84662	882.11279
809.85071	882.69189
809.85474	882.19189
809.85876	877.11279
809.86279	883.69189
809.86682	876.11279
809.87085	885.11279
809.87488	887.19189
809.87897	885.0791
809.883	887.69189
809.88702	883.0791
809.89105	877.11279
809.89508	885.0791
809.89911	884.5791
809.90314	883.11279
809.90717	882.5791
809.91125	880.0791
809.91528	880.0791
809.91931	882.11279
809.92334	882.5791
809.92737	881.0791
809.9314	879.5791
809.93542	880.5791
809.93945	885.11279
809.94354	881
809.94757	887.0791
809.9516	887
809.95563	879.11279
809.95966	888.11279
809.96368	884.5
809.96771	886.5791
809.97174	881.0791
809.97577	881.11279
809.97986	886.11279
809.98389	884.0791
809.98792	882.11279
809.99194	882.11279
809.99597	880.11279
810	885.5
810.00403	884.0791
810.00806	885.0791
810.01208	883.11279
810.01611	887.5791
810.02014	883.11279
810.02423	890.5791
810.02826	883.11279
810.03229	886
810.03632	883.0791
810.04034	885.19189
810.04437	888.0791
810.0484	885.5
810.05243	890.5
810.05646	891.11279
810.06049	891.69189
810.06451	891.69189
810.06854	893.19189
810.07257	888.11279
810.07666	886.5
810.08069	888.11279
810.08472	891.0791
810.08875	897.11279
810.09277	888.11279
810.0968	895.19189
810.10083	882.11279
810.10486	892.69189
810.10889	889.11279
810.11292	892.11279
810.11694	899.11279
810.12097	888.69189
810.125	898.11279
810.12903	898.0791
810.13306	897.5791
810.13708	904.5791
810.14111	901.11279
810.14514	906.0791
810.14923	902.11279
810.15326	903.0791
810.15729	903.0791
810.16132	900.5
810.16534	906.11279
810.16937	909.5791
810.1734	910.0791
810.17743	910.69189
810.18146	908.11279
810.18549	912.5791
810.18951	908.11279
810.19354	917.11279
810.19757	912.5791
810.2016	913.5791
810.20563	922
810.20966	930.19189
810.21368	920.11279
810.21771	915.11279
810.22174	917.11279
810.22577	923.11279
810.2298	918.5791
810.23383	925.5791
810.23785	919.11279
810.24188	928.11279
810.24591	925.0791
810.24994	930.69189
810.25397	930.5791
810.258	923.5791
810.26202	922.5
810.26605	923.0791
810.27008	919.69189
810.27411	920.19189
810.27814	923.0791
810.28217	914.0791
810.28619	918.5791
810.29022	912.5
810.29425	915.69189
810.29828	918.11279
810.30231	915.5791
810.30634	914.11279
810.31036	906.5791
810.31439	900.11279
810.31842	903.69189
810.32245	911.11279
810.32648	907.5791
810.33051	903.69189
810.33453	895.11279
810.33856	900.11279
810.34259	894.69189
810.34662	896.11279
810.35065	893.11279
810.35468	896.11279
810.3587	892.5
810.36273	891.11279
810.36676	898.0791
810.37079	890.69189
810.37482	892.69189
810.37885	899.5
810.38287	895.0791
810.3869	890.11279
810.39087	893.11279
810.3949	889.0791
810.39893	892.11279
810.40295	892.11279
810.40698	885.11279
810.41101	888.11279
810.41504	888.5791
810.41907	891.0791
810.4231	887.5791
810.42712	883.11279
810.43115	887.5
810.43518	883.0791
810.43921	883.11279
810.44324	886.11279
810.44727	888.5
810.45129	884.11279
810.45532	887.0791
810.45935	886.19189
810.46332	887.11279
810.46735	883.11279
810.47137	886.11279
810.4754	889.0791
810.47943	887.5
810.48346	882.11279
810.48749	880.11279
810.49152	883.0791
810.49554	882.19189
810.49957	887
810.5036	881.11279
810.50763	880.69189
810.51166	882.11279
810.51563	883.69189
810.51965	877.11279
810.52368	884.69189
810.52771	883.11279
810.53174	880.11279
810.53577	882.0791
810.53979	883.19189
810.54382	880.19189
810.54785	881.0791
810.55188	885.0791
810.55591	880
810.55988	880.0791
810.5639	882
810.56793	885
810.57196	885
810.57599	882
810.58002	881.69189
810.58405	879.11279
810.58807	882.5791
810.5921	877.5791
810.59607	879
810.6001	879.11279
810.60413	882.19189
810.60815	881.5
810.61218	882.11279
810.61621	880.19189
810.62024	875.11279
810.62427	884.5791
810.62823	878.11279
810.63226	882
810.63629	883.0791
810.64032	877.11279
810.64435	876.11279
810.64838	884
810.6524	877.11279
810.65643	881.5791
810.6604	879.11279
810.66443	878.11279
810.66846	881.5
810.67249	878.0791
810.67651	881.11279
810.68054	880.11279
810.68457	881.5791
810.68854	882.0791
810.69257	880.11279
810.69659	883.0791
810.70062	879.11279
810.70465	878.5791
810.70868	880.19189
810.71265	878.19189
810.71667	877.0791
810.7207	884
810.72473	874.11279
810.72876	878.5
810.73279	877.0791
810.73682	878.5791
810.74078	880.11279
810.74481	878.5791
810.74884	882.5
810.75287	881.5
810.7569	884.11279
810.76093	879.11279
810.76489	881.0791
810.76892	881.19189
810.77295	880
810.77698	879.11279
810.78101	882.11279
810.78497	880.5
810.789	883.0791
810.79303	880.11279
810.79706	875.11279
810.80109	878.0791
810.80511	877.11279
810.80908	878.11279
810.81311	879.5791
810.81714	879.0791
810.82117	878.5791
810.8252	880.0791
810.82916	881.11279
810.83319	880
810.83722	881.5
810.84125	879.5791
810.84528	880.0791
810.84924	882.5791
810.85327	882.11279
810.8573	877.11279
810.86133	880.11279
810.86536	882.11279
810.86932	879.69189
810.87335	878.11279
810.87738	881.5791
810.88141	880.5
810.88538	877.11279
810.8894	879.11279
810.89343	883
810.89746	880
810.90149	877.69189
810.90546	882.11279
810.90948	882.0791
810.91351	877.11279
810.91754	878.11279
810.92151	879.11279
810.92554	875.0791
810.92957	882.69189
810.93359	880.19189
810.93762	884.0791
810.94159	883.11279
810.94562	877.0791
810.94965	876.11279
810.95367	882.11279
810.95764	880.11279
810.96167	881.0791
810.9657	881
810.96973	880.11279
810.97369	882.5791
810.97772	880.5791
810.98175	878.5791
810.98578	880.69189
810.98975	878.11279
810.99377	881.11279
810.9978	882.5
811.00183	879.69189
811.0058	885.0791
811.00983	879.11279
811.01385	880.0791
811.01788	881
811.02185	884.5
811.02588	883.5791
811.02991	880.0791
811.03387	880.69189
811.0379	880.0791
811.04193	883.0791
811.04596	883.11279
811.04993	880.0791
811.05396	884.5791
811.05798	881.0791
811.06201	883.5791
811.06598	883.19189
811.07001	883.5791
811.07404	881.5791
811.078	880.5791
811.08203	886.0791
811.08606	883.69189
811.09009	882.0791
811.09406	884.69189
811.09808	888.5791
811.10211	884.0791
811.10608	885.5791
811.11011	889.5791
811.11414	888.5
811.1181	882.0791
811.12213	884.5791
811.12616	883.5791
811.13019	887
811.13416	884.5791
811.13818	888.69189
811.14221	883.11279
811.14618	886.69189
811.15021	883
811.15424	885.0791
811.1582	885.5
811.16223	887.69189
811.16626	891.5791
811.17023	890.11279
811.17426	887.11279
811.17828	886
811.18231	893.5791
811.18628	892
811.19031	890.0791
811.19434	886.11279
811.1983	889.0791
811.20233	891.19189
811.20636	892.5791
811.21033	890.69189
811.21436	893.11279
811.21838	896.11279
811.22235	891.5791
811.22638	896.69189
811.23041	899.11279
811.23438	898.5
811.2384	896.11279
811.24243	902.5791
811.2464	904
811.25043	905.19189
811.25439	904.0791
811.25842	905
811.26245	910.11279
811.26642	905.11279
811.27045	911.5791
811.27448	911.5791
811.27844	913.19189
811.28247	920.0791
811.2865	911.5791
811.29047	917
811.29449	914.0791
811.29852	917.5
811.30249	911.69189
811.30652	920.0791
811.31049	907.0791
811.31451	914.19189
811.31854	909.5791
811.32251	915.0791
811.32654	916.19189
811.33057	908.11279
811.33453	906.11279
811.33856	901
811.34259	900.19189
811.34656	912.0791
811.35059	903.11279
811.35455	905.0791
811.35858	906.0791
811.36261	899.5791
811.36658	899.0791
811.37061	901
811.37457	904.0791
811.3786	891.11279
811.38263	899.19189
811.3866	895.11279
811.39063	896.5791
811.39459	888.11279
811.39862	890.19189
811.40265	886.69189
811.40662	893
811.41064	887
811.41461	890.11279
811.41864	893.11279
811.42267	886.11279
811.42664	884.11279
811.43066	887.11279
811.43463	880.11279
811.43866	885.11279
811.44269	892.5791
811.44666	886.11279
811.45068	887.5791
811.45465	889.11279
811.45868	881.5791
811.46271	884.11279
811.46667	884.5
811.4707	888.5791
811.47467	890.19189
811.4787	885.69189
811.48267	881.5
811.48669	885.5791
811.49072	882.11279
811.49469	882.5
811.49872	886.5791
811.50269	885.11279
811.50671	877.11279
811.51068	879.11279
811.51471	884.5791
811.51868	880.19189
811.52271	881.0791
811.52673	882.5791
811.5307	888.69189
811.53473	887.5791
811.5387	886.0791
811.54272	880.11279
811.54669	879
811.55072	881.11279
811.55469	882.5
811.55872	882.5791
811.56274	884.5791
811.56671	882
811.57074	886.19189
811.57471	878.11279
811.57874	883
811.5827	884.19189
811.58673	879.0791
811.5907	879.11279
811.59473	881.11279
811.59869	881.0791
811.60272	877.11279
811.60669	880.5
811.61072	880.11279
811.61469	879.5791
811.61871	880.11279
811.62274	882
811.62671	879.19189
811.63074	876.5
811.6347	879
811.63873	879.11279
811.6427	882.5791
811.64673	880.5791
811.6507	878.19189
811.65472	879.5
811.65869	880.11279
811.66272	881.11279
811.66669	879.5791
811.67072	879.11279
811.67468	878.0791
811.67871	877.19189
811.68268	880.11279
811.68671	881.5791
811.69067	882.11279
811.6947	878
811.69867	874.0791
811.7027	878.11279
811.70667	880
811.71069	883
811.71466	880.0791
811.71869	878.69189
811.72266	880.19189
811.72668	875.11279
811.73065	878.5791
811.73468	877.0791
811.73865	881.11279
811.74268	878.11279
811.74664	881.5791
811.75061	875.11279
811.75464	881.19189
811.75861	878.69189
811.76263	877
811.7666	880
811.77063	879.5791
811.7746	882.11279
811.77863	879.11279
811.78259	880.69189
811.78662	875.5
811.79059	877.0791
811.79462	879.0791
811.79858	881.11279
811.80261	875.19189
811.80658	876.11279
811.81055	878.11279
811.81458	876.11279
811.81854	878.11279
811.82257	875.5791
811.82654	880.11279
811.83057	880.5791
811.83453	874.11279
811.83856	877.5791
811.84253	877.69189
811.8465	877
811.85052	877.0791
811.85449	879
811.85852	875.5
811.86249	878.11279
811.86652	877.11279
811.87048	876.11279
811.87451	877.5
811.87848	875.5
811.88245	875.0791
811.88647	878.5
811.89044	875.69189
811.89447	879.0791
811.89844	879.0791
811.90247	875.5
811.90643	874.5791
811.9104	874.0791
811.91443	875.11279
811.9184	880.11279
811.92242	879.11279
811.92639	876.19189
811.93036	875.11279
811.93439	880
811.93835	872.69189
811.94238	876.69189
811.94635	881.0791
811.95032	875.0791
811.95435	878.69189
811.95831	881
811.96234	875.5791
811.96631	877.5791
811.97028	877.19189
811.9743	876.69189
811.97827	877.5791
811.9823	877.69189
811.98627	880.69189
811.99023	878.0791
811.99426	876.5791
811.99823	876
812.00226	876.5
812.00623	874.11279
812.01019	878.0791
812.01422	881.5791
812.01819	874.11279
812.02222	879.5
812.02618	874.0791
812.03015	878.19189
812.03418	875.69189
812.03815	873.69189
812.04211	877.5791
812.04614	878.0791
812.05011	878.11279
812.05414	878.5791
812.05811	874.69189
