808.7453	890.85693
808.74939	899.15137
808.75342	902.29443
808.75751	892.85693
808.7616	905.29443
808.76563	899.79443
808.76971	906.29443
808.77374	895.85693
808.77783	901.29443
808.78186	892.85693
808.78595	894.85693
808.78998	899.85693
808.79407	895.29443
808.7981	900.29443
808.80219	891.79443
808.80621	901.65137
808.8103	894.5
808.81433	896.85693
808.81842	895
808.82245	897.29443
808.82654	893.5
808.83057	887.85693
808.83466	890.85693
808.83868	895
808.84277	899.65137
808.8468	894.29443
808.85089	891.5
808.85492	885.79443
808.85901	896.79443
808.86304	887.29443
808.86713	895.5
808.87115	895.15137
808.87524	900.85693
808.87927	895.29443
808.88336	896.79443
808.88739	893.79443
808.89148	890.65137
808.89551	894
808.8996	900.5
808.90363	898.29443
808.90765	890.65137
808.91174	894.79443
808.91577	893.5
808.91986	893.85693
808.92389	894.79443
808.92798	888.65137
808.93201	888.85693
808.9361	894.79443
808.94012	888.85693
808.94421	895.79443
808.94824	894.85693
808.95233	886.85693
808.95636	896
808.96039	890.85693
808.96448	892.85693
808.96851	892.29443
808.9726	888.85693
808.97662	895.85693
808.98071	894.29443
808.98474	890
808.98883	895.85693
808.99286	892
808.99695	894.79443
809.00098	895.5
809.005	892.85693
809.00909	895.85693
809.01312	894.85693
809.01721	895
809.02124	893.29443
809.02533	891.29443
809.02936	900.85693
809.03339	892.79443
809.03748	888.65137
809.0415	893.79443
809.04559	895.29443
809.04962	896.15137
809.05371	896.85693
809.05774	902.15137
809.06177	897.15137
809.06586	900.15137
809.06989	902.15137
809.07397	903
809.078	896.79443
809.08203	907.5
809.08612	903.29443
809.09015	905.79443
809.09424	911.15137
809.09827	910.79443
809.10236	912.5
809.10638	898.85693
809.11041	918
809.1145	910.65137
809.11853	915.5
809.12262	918.29443
809.12665	913.85693
809.13068	916.5
809.13477	921.79443
809.13879	917.79443
809.14288	909.85693
809.14691	930.5
809.15094	932.79443
809.15503	941.85693
809.15906	929.85693
809.16309	931.79443
809.16718	937.79443
809.1712	942.65137
809.17529	939.85693
809.17932	942.15137
809.18335	941.85693
809.18744	942.65137
809.19147	935.29443
809.1955	942.29443
809.19958	943.85693
809.20361	936.79443
809.2077	937.79443
809.21173	927.29443
809.21576	938.85693
809.21985	928.29443
809.22388	934.15137
809.22791	922
809.23199	929.5
809.23602	926.5
809.24011	933.5
809.24414	915.85693
809.24817	926.79443
809.25226	919.85693
809.25629	919
809.26031	909.85693
809.2644	911.85693
809.26843	912.29443
809.27246	907
809.27655	912.85693
809.28058	901
809.28461	909.79443
809.2887	908.79443
809.29272	912.29443
809.29675	912.29443
809.30084	901.79443
809.30487	898
809.3089	902.29443
809.31299	904.85693
809.31702	902.29443
809.32104	902.65137
809.32513	903.79443
809.32916	900.85693
809.33319	895.85693
809.33728	897.79443
809.34131	895.5
809.34534	899.85693
809.34943	889.85693
809.35345	897.5
809.35748	889.85693
809.36157	896.5
809.3656	894.79443
809.36963	895.29443
809.37372	898.29443
809.37775	892
809.38177	890.29443
809.3858	886
809.38989	894.85693
809.39392	887.85693
809.39795	895.79443
809.40204	889.79443
809.40607	889.5
809.4101	887.15137
809.41418	889
809.41821	890.79443
809.42224	887.79443
809.42627	887.15137
809.43036	885.85693
809.43439	884.65137
809.43842	888.5
809.4425	884.79443
809.44653	883.85693
809.45056	888.85693
809.45465	885.5
809.45868	886.79443
809.46271	884.15137
809.46674	889.5
809.47083	885.85693
809.47485	884.5
809.47888	887.5
809.48291	885.29443
809.487	883.5
809.49103	885.15137
809.49506	882.29443
809.49915	881.29443
809.50317	885.85693
809.5072	881.85693
809.51123	888.79443
809.51532	887.15137
809.51935	881.85693
809.52338	885.5
809.5274	882.85693
809.53149	883.15137
809.53552	881.85693
809.53955	878.85693
809.54358	883.79443
809.54767	877.79443
809.5517	881.5
809.55573	880.29443
809.55975	881.85693
809.56384	884
809.56787	882.85693
809.5719	888.29443
809.57593	882.29443
809.58002	881.15137
809.58405	886.79443
809.58807	880.79443
809.5921	879.85693
809.59619	882.29443
809.60022	883.85693
809.60425	880.5
809.60828	884.29443
809.61237	877.79443
809.61639	877.85693
809.62042	879.85693
809.62445	884.79443
809.62848	884.85693
809.63257	882
809.6366	885.85693
809.64063	884.15137
809.64465	882.29443
809.64874	880.85693
809.65277	879.85693
809.6568	883.29443
809.66083	885.5
809.66486	882.29443
809.66895	876.85693
809.67297	882.29443
809.677	882.29443
809.68103	880.85693
809.68506	882.29443
809.68915	881.5
809.69318	880.29443
809.6972	883.65137
809.70123	880.5
809.70526	884.15137
809.70935	882.5
809.71338	878.85693
809.71741	884.15137
809.72144	880.85693
809.72546	882.79443
809.72955	884.29443
809.73358	876.79443
809.73761	882.29443
809.74164	883.65137
809.74567	882.79443
809.74969	883.29443
809.75378	883
809.75781	877
809.76184	880.29443
809.76587	880.79443
809.7699	877.85693
809.77399	878.5
809.77802	885.79443
809.78204	883.79443
809.78607	879.15137
809.7901	883.79443
809.79413	877.85693
809.79822	881.29443
809.80225	883
809.80627	883.29443
809.8103	881.85693
809.81433	879.5
809.81836	878.85693
809.82245	883.5
809.82648	879.79443
809.83051	881.29443
809.83453	882.29443
809.83856	881.29443
809.84259	881.85693
809.84662	880.15137
809.85071	881.65137
809.85474	880.85693
809.85876	881.85693
809.86279	879.85693
809.86682	882.65137
809.87085	878.5
809.87488	882.65137
809.87897	883.85693
809.883	882.65137
809.88702	882.65137
809.89105	881.29443
809.89508	879.85693
809.89911	881.29443
809.90314	883.85693
809.90717	891.65137
809.91125	887.15137
809.91528	884.85693
809.91931	885.65137
809.92334	885.15137
809.92737	882.85693
809.9314	885.79443
809.93542	881.15137
809.93945	881.79443
809.94354	885.5
809.94757	880.85693
809.9516	886.79443
809.95563	885.29443
809.95966	882.85693
809.96368	885.65137
809.96771	884.85693
809.97174	892.15137
809.97577	881.29443
809.97986	884.79443
809.98389	886
809.98792	886.85693
809.99194	881.29443
809.99597	885.85693
810	883.85693
810.00403	885.5
810.00806	885.5
810.01208	887.79443
810.01611	886
810.02014	888.29443
810.02423	889.29443
810.02826	889.65137
810.03229	886.29443
810.03632	887.5
810.04034	886.85693
810.04437	886.29443
810.0484	883.85693
810.05243	889.79443
810.05646	890.5
810.06049	887.5
810.06451	888.79443
810.06854	884.85693
810.07257	892.85693
810.07666	887.85693
810.08069	891.79443
810.08472	889.5
810.08875	892.29443
810.09277	889.5
810.0968	900.29443
810.10083	893.85693
810.10486	896.85693
810.10889	891.85693
810.11292	899.79443
810.11694	897.85693
810.12097	897.79443
810.125	899.15137
810.12903	905.5
810.13306	901.65137
810.13708	902.65137
810.14111	903.85693
810.14514	909.79443
810.14923	907.85693
810.15326	901.79443
810.15729	903.29443
810.16132	905.5
810.16534	912.79443
810.16937	911.79443
810.1734	906.79443
810.17743	916.79443
810.18146	907.85693
810.18549	913
810.18951	909.5
810.19354	915.79443
810.19757	924
810.2016	922.65137
810.20563	926.65137
810.20966	919.29443
810.21368	927.65137
810.21771	921.85693
810.22174	913.85693
810.22577	927.79443
810.2298	927
810.23383	932.85693
810.23785	935.29443
810.24188	931.79443
810.24591	923.79443
810.24994	925.15137
810.25397	919.85693
810.258	926.79443
810.26202	925.85693
810.26605	926.85693
810.27008	922.29443
810.27411	922.65137
810.27814	919.29443
810.28217	908.5
810.28619	918.85693
810.29022	911.85693
810.29425	913.15137
810.29828	913.29443
810.30231	907.5
810.30634	914.15137
810.31036	909.85693
810.31439	905.79443
810.31842	901.65137
810.32245	911.85693
810.32648	906.29443
810.33051	904.29443
810.33453	893.79443
810.33856	900.29443
810.34259	899.85693
810.34662	901.85693
810.35065	896.85693
810.35468	899
810.3587	894.29443
810.36273	895.85693
810.36676	891.85693
810.37079	891.29443
810.37482	896.79443
810.37885	893.5
810.38287	895.65137
810.3869	889.65137
810.39087	887.65137
810.3949	893.85693
810.39893	896.15137
810.40295	889.85693
810.40698	889.65137
810.41101	884.85693
810.41504	886.85693
810.41907	891.79443
810.4231	881.29443
810.42712	885.79443
810.43115	887.5
810.43518	886.5
810.43921	886
810.44324	880.85693
810.44727	882.15137
810.45129	883
810.45532	886.79443
810.45935	886.5
810.46332	887.29443
810.46735	884.79443
810.47137	883.85693
810.4754	882.85693
810.47943	886
810.48346	886.65137
810.48749	877.85693
810.49152	887.29443
810.49554	883.79443
810.49957	884.65137
810.5036	883.79443
810.50763	880.85693
810.51166	879.85693
810.51563	880.29443
810.51965	886.79443
810.52368	883.29443
810.52771	881.79443
810.53174	883.29443
810.53577	883.15137
810.53979	882.65137
810.54382	883.85693
810.54785	881.29443
810.55188	882.65137
810.55591	881.79443
810.55988	881.29443
810.5639	879.85693
810.56793	880.65137
810.57196	882.5
810.57599	879.85693
810.58002	880.29443
810.58405	880.85693
810.58807	886.79443
810.5921	883.85693
810.59607	886
810.6001	882.5
810.60413	880.29443
810.60815	883.29443
810.61218	885
810.61621	880
810.62024	880.85693
810.62427	880.85693
810.62823	877.79443
810.63226	884.79443
810.63629	883.79443
810.64032	879
810.64435	883.85693
810.64838	881.85693
810.6524	878.79443
810.65643	878.79443
810.6604	878.79443
810.66443	885.15137
810.66846	880.5
810.67249	874.85693
810.67651	881.5
810.68054	879.15137
810.68457	884.29443
810.68854	879.85693
810.69257	880.15137
810.69659	875.85693
810.70062	882.85693
810.70465	882.5
810.70868	878.79443
810.71265	880.65137
810.71667	876.85693
810.7207	874.85693
810.72473	880.5
810.72876	878.15137
810.73279	876.85693
810.73682	883.15137
810.74078	875.85693
810.74481	876.85693
810.74884	882
810.75287	883.29443
810.7569	880.5
810.76093	880.85693
810.76489	881.29443
810.76892	877.79443
810.77295	882.79443
810.77698	880.79443
810.78101	882
810.78497	879.5
810.789	879.29443
810.79303	880.5
810.79706	883.29443
810.80109	882.65137
810.80511	885.85693
810.80908	882.85693
810.81311	882.85693
810.81714	884.15137
810.82117	881.79443
810.8252	882.29443
810.82916	882
810.83319	881.85693
810.83722	883.5
810.84125	880.85693
810.84528	883.85693
810.84924	879.5
810.85327	877.29443
810.8573	878.29443
810.86133	880.29443
810.86536	881.29443
810.86932	883.29443
810.87335	882.29443
810.87738	880.85693
810.88141	878.85693
810.88538	879.5
810.8894	885.29443
810.89343	879.5
810.89746	879.29443
810.90149	881.85693
810.90546	883.5
810.90948	878.5
810.91351	882.85693
810.91754	884.65137
810.92151	882.29443
810.92554	879.85693
810.92957	882.5
810.93359	880.85693
810.93762	882.79443
810.94159	878.85693
810.94562	879.85693
810.94965	880.79443
810.95367	884
810.95764	882.65137
810.96167	885.29443
810.9657	881.29443
810.96973	879.29443
810.97369	886.29443
810.97772	878.85693
810.98175	883.29443
810.98578	878.79443
810.98975	881.29443
810.99377	878.79443
810.9978	882.5
811.00183	879.79443
811.0058	881.29443
811.00983	880.85693
811.01385	887.79443
811.01788	883.5
811.02185	879.15137
811.02588	881.79443
811.02991	881.65137
811.03387	881.79443
811.0379	883.79443
811.04193	882.85693
811.04596	886.85693
811.04993	883.85693
811.05396	881.85693
811.05798	885.79443
811.06201	885.29443
811.06598	880.85693
811.07001	880.85693
811.07404	884.29443
811.078	883
811.08203	881.79443
811.08606	880.79443
811.09009	885.29443
811.09406	888.29443
811.09808	882.29443
811.10211	888.29443
811.10608	883.65137
811.11011	885.85693
811.11414	885.29443
811.1181	884.85693
811.12213	881.85693
811.12616	882.79443
811.13019	885.79443
811.13416	886.79443
811.13818	881.85693
811.14221	882.85693
811.14618	887.85693
811.15021	887.65137
811.15424	888
811.1582	880.85693
811.16223	887.85693
811.16626	887.15137
811.17023	887.79443
811.17426	886.85693
811.17828	889.79443
811.18231	889.15137
811.18628	886.5
811.19031	887.65137
811.19434	894.29443
811.1983	894.65137
811.20233	895.85693
811.20636	895.79443
811.21033	895
811.21436	897
811.21838	895
811.22235	893.65137
811.22638	897.15137
811.23041	898.5
811.23438	898
811.2384	907
811.24243	906.65137
811.2464	904.79443
811.25043	903.5
811.25439	908.5
811.25842	905.85693
811.26245	908.65137
811.26642	910.65137
811.27045	910.85693
811.27448	907
811.27844	919.79443
811.28247	915.85693
811.2865	911.79443
811.29047	913.79443
811.29449	915.5
811.29852	918.79443
811.30249	914.85693
811.30652	919.29443
811.31049	913.85693
811.31451	916.65137
811.31854	912.79443
811.32251	910.85693
811.32654	906.85693
811.33057	911.29443
811.33453	909.65137
811.33856	903.85693
811.34259	905.85693
811.34656	900.15137
811.35059	908.79443
811.35455	905.85693
811.35858	898.29443
811.36261	897.15137
811.36658	902.29443
811.37061	897.29443
811.37457	901.65137
811.3786	892.85693
811.38263	897.79443
811.3866	888.85693
811.39063	896.85693
811.39459	899.79443
811.39862	893.85693
811.40265	896.29443
811.40662	891.29443
811.41064	888.85693
811.41461	885.79443
811.41864	890.79443
811.42267	890.79443
811.42664	886.79443
811.43066	891.65137
811.43463	883.85693
811.43866	888.79443
811.44269	889
811.44666	889.65137
811.45068	883.79443
811.45465	889.79443
811.45868	887.85693
811.46271	885.79443
811.46667	883.5
811.4707	882.85693
811.47467	883.79443
811.4787	879.85693
811.48267	881.85693
811.48669	887.15137
811.49072	887.15137
811.49469	885.79443
811.49872	884.29443
811.50269	885.65137
811.50671	885.5
811.51068	886.85693
811.51471	886.65137
811.51868	880.85693
811.52271	886
811.52673	876.85693
811.5307	879.79443
811.53473	879.85693
811.5387	881.79443
811.54272	879
811.54669	880.85693
811.55072	882.5
811.55469	885.29443
811.55872	887.29443
811.56274	882.5
811.56671	879.85693
811.57074	882
811.57471	880.5
811.57874	882.65137
811.5827	879.85693
811.58673	884.65137
811.5907	882.29443
811.59473	878.85693
811.59869	880.5
811.60272	880.85693
811.60669	881.85693
811.61072	879.79443
811.61469	882.85693
811.61871	878.85693
811.62274	878.79443
811.62671	882.79443
811.63074	875.85693
811.6347	883.29443
811.63873	883.79443
811.6427	881.85693
811.64673	884.29443
811.6507	882.15137
811.65472	882
811.65869	884.85693
811.66272	880
811.66669	882
811.67072	882.15137
811.67468	878.85693
811.67871	880.15137
811.68268	877.29443
811.68671	881.29443
811.69067	876.29443
811.6947	881.65137
811.69867	877.85693
811.7027	881.85693
811.70667	880.85693
811.71069	876.29443
811.71466	883.29443
811.71869	879.79443
811.72266	878.85693
811.72668	877.85693
811.73065	879.85693
811.73468	879.15137
811.73865	880.85693
811.74268	879.15137
811.74664	878.5
811.75061	879.29443
811.75464	877.85693
811.75861	878.15137
811.76263	880.65137
811.7666	881.5
811.77063	875.29443
811.7746	878.85693
811.77863	880.85693
811.78259	879.79443
811.78662	878.15137
811.79059	878
811.79462	880.29443
811.79858	880.29443
811.80261	879.29443
811.80658	882.85693
811.81055	882.5
811.81458	878.5
811.81854	877.65137
811.82257	879
811.82654	877.79443
811.83057	880.29443
811.83453	877.29443
811.83856	880.29443
811.84253	875.85693
811.8465	879.5
811.85052	878
811.85449	871.85693
811.85852	876.29443
811.86249	875.29443
811.86652	879.29443
811.87048	878
811.87451	877.85693
811.87848	876.29443
811.88245	880.85693
811.88647	877.29443
811.89044	874.79443
811.89447	877
811.89844	880.79443
811.90247	877.79443
811.90643	880.29443
811.9104	880.79443
811.91443	874.29443
811.9184	881.29443
811.92242	880.5
811.92639	874.85693
811.93036	875.85693
811.93439	879
811.93835	878.5
811.94238	878.85693
811.94635	876.85693
811.95032	876.85693
811.95435	870.85693
811.95831	878.15137
811.96234	876.5
811.96631	877.85693
811.97028	875.79443
811.9743	879
811.97827	876.29443
811.9823	877
811.98627	875.79443
811.99023	874.85693
811.99426	877
811.99823	877
812.00226	877.65137
812.00623	874.29443
812.01019	877.79443
812.01422	875.85693
812.01819	880
812.02222	877.15137
812.02618	874.5
812.03015	880.29443
812.03418	878.29443
812.03815	876.29443
812.04211	875.5
812.04614	877.79443
812.05011	875.85693
812.05414	876.79443
812.05811	880.65137
