808.7453	906.42676
808.74939	915.74707
808.75342	913.92676
808.75751	915.74707
808.7616	902.74707
808.76563	907.92676
808.76971	916
808.77374	907.42676
808.77783	908.42676
808.78186	907.74707
808.78595	903.67383
808.78998	898.74707
808.79407	905.74707
808.7981	908.92676
808.80219	907.17383
808.80621	901.74707
808.8103	912.17383
808.81433	907.74707
808.81842	906.74707
808.82245	907.42676
808.82654	890.74707
808.83057	898.42676
808.83466	904.67383
808.83868	906.74707
808.84277	902
808.8468	904.74707
808.85089	898.74707
808.85492	899.92676
808.85901	901.42676
808.86304	896.74707
808.86713	899.74707
808.87115	905.74707
808.87524	901.74707
808.87927	905.42676
808.88336	906.92676
808.88739	899.67383
808.89148	896.92676
808.89551	902.92676
808.8996	907.92676
808.90363	903.74707
808.90765	903.92676
808.91174	904.67383
808.91577	904.17383
808.91986	902.92676
808.92389	894.5
808.92798	907.42676
808.93201	909.5
808.9361	905.42676
808.94012	904.92676
808.94421	898.74707
808.94824	905.92676
808.95233	905.74707
808.95636	912
808.96039	905.92676
808.96448	901.92676
808.96851	907.42676
808.9726	907.92676
808.97662	903.5
808.98071	907
808.98474	908
808.98883	905.92676
808.99286	910.42676
808.99695	912.42676
809.00098	902
809.005	907.74707
809.00909	905.67383
809.01312	910
809.01721	911.92676
809.02124	912.92676
809.02533	908.67383
809.02936	907.17383
809.03339	916.42676
809.03748	904.74707
809.0415	917.42676
809.04559	918.92676
809.04962	921.5
809.05371	911.42676
809.05774	909.74707
809.06177	920.74707
809.06586	922.92676
809.06989	919.67383
809.07397	926.74707
809.078	930.74707
809.08203	931.67383
809.08612	944.74707
809.09015	931.74707
809.09424	935.42676
809.09827	944.92676
809.10236	944
809.10638	947.67383
809.11041	939.92676
809.1145	938.74707
809.11853	952.42676
809.12262	954.74707
809.12665	950.42676
809.13068	949.74707
809.13477	958.92676
809.13879	960.42676
809.14288	954.92676
809.14691	971.67383
809.15094	968.74707
809.15503	972.42676
809.15906	970.74707
809.16309	975.42676
809.16718	970.42676
809.1712	979.92676
809.17529	981
809.17932	974.5
809.18335	970
809.18744	967.92676
809.19147	965.67383
809.1955	972.74707
809.19958	965.42676
809.20361	957.74707
809.2077	963.74707
809.21173	960.74707
809.21576	953.92676
809.21985	938.74707
809.22388	944.17383
809.22791	937.74707
809.23199	947.92676
809.23602	936.42676
809.24011	930.42676
809.24414	933.92676
809.24817	947.92676
809.25226	935.42676
809.25629	927.42676
809.26031	924.92676
809.2644	927.92676
809.26843	916.92676
809.27246	928.17383
809.27655	916.74707
809.28058	917.74707
809.28461	916.74707
809.2887	911.74707
809.29272	918.5
809.29675	918.67383
809.30084	908.74707
809.30487	902.74707
809.3089	917.17383
809.31299	907.92676
809.31702	910.74707
809.32104	907.74707
809.32513	914.42676
809.32916	903.42676
809.33319	907.74707
809.33728	904.74707
809.34131	899.74707
809.34534	903.92676
809.34943	904.74707
809.35345	904.5
809.35748	908.42676
809.36157	906.92676
809.3656	907.5
809.36963	894.92676
809.37372	904.92676
809.37775	900.92676
809.38177	899.17383
809.3858	897.92676
809.38989	895.92676
809.39392	899.42676
809.39795	893.74707
809.40204	902.42676
809.40607	894.74707
809.4101	889.74707
809.41418	898.74707
809.41821	898.67383
809.42224	898.42676
809.42627	893.74707
809.43036	895.92676
809.43439	888.92676
809.43842	893.74707
809.4425	894.5
809.44653	889.74707
809.45056	888.5
809.45465	890.67383
809.45868	888.74707
809.46271	895
809.46674	891.42676
809.47083	888.5
809.47485	887.42676
809.47888	888.42676
809.48291	901.74707
809.487	890.92676
809.49103	885.92676
809.49506	887.42676
809.49915	890.5
809.50317	886.74707
809.5072	884.74707
809.51123	888.92676
809.51532	878.74707
809.51935	884
809.52338	882.74707
809.5274	885.74707
809.53149	890.42676
809.53552	886.42676
809.53955	893.92676
809.54358	889
809.54767	885.42676
809.5517	887.42676
809.55573	881.67383
809.55975	887.74707
809.56384	886.67383
809.56787	889.74707
809.5719	888.17383
809.57593	887.74707
809.58002	883.17383
809.58405	884.42676
809.58807	886.92676
809.5921	885.92676
809.59619	888.74707
809.60022	887
809.60425	881.74707
809.60828	883.5
809.61237	886.74707
809.61639	886
809.62042	882.74707
809.62445	886.74707
809.62848	886.67383
809.63257	885.67383
809.6366	884.92676
809.64063	881.74707
809.64465	885.92676
809.64874	886.5
809.65277	886.74707
809.6568	887.92676
809.66083	881.92676
809.66486	888.42676
809.66895	886.74707
809.67297	885.5
809.677	880.74707
809.68103	884.67383
809.68506	884.17383
809.68915	883.74707
809.69318	891.5
809.6972	882.42676
809.70123	884.74707
809.70526	880.74707
809.70935	881.5
809.71338	885
809.71741	882.42676
809.72144	888.17383
809.72546	887.42676
809.72955	881.92676
809.73358	885.74707
809.73761	886.67383
809.74164	886.67383
809.74567	881.74707
809.74969	881.74707
809.75378	883.74707
809.75781	887.92676
809.76184	883.5
809.76587	881.17383
809.7699	879.74707
809.77399	883.74707
809.77802	886.92676
809.78204	885
809.78607	878.74707
809.7901	888
809.79413	883.74707
809.79822	886.92676
809.80225	883.74707
809.80627	890.92676
809.8103	880.92676
809.81433	885.5
809.81836	886.67383
809.82245	883.74707
809.82648	889.74707
809.83051	885.67383
809.83453	885.67383
809.83856	882.74707
809.84259	887.92676
809.84662	883.74707
809.85071	887.5
809.85474	886.42676
809.85876	886.67383
809.86279	887.42676
809.86682	883.74707
809.87085	883.92676
809.87488	885
809.87897	890.42676
809.883	886.42676
809.88702	884.74707
809.89105	891.92676
809.89508	887.74707
809.89911	888.42676
809.90314	889.5
809.90717	883.74707
809.91125	889.74707
809.91528	882.74707
809.91931	886.42676
809.92334	890.74707
809.92737	888.42676
809.9314	889.42676
809.93542	885.67383
809.93945	894.42676
809.94354	886.74707
809.94757	884.42676
809.9516	889.67383
809.95563	887.74707
809.95966	889.92676
809.96368	884.67383
809.96771	892.92676
809.97174	891.42676
809.97577	891
809.97986	890.74707
809.98389	888.42676
809.98792	896.74707
809.99194	890.42676
809.99597	891.74707
810	889.74707
810.00403	897.92676
810.00806	895
810.01208	894.42676
810.01611	896.67383
810.02014	894.5
810.02423	887.5
810.02826	891.74707
810.03229	893.74707
810.03632	896.42676
810.04034	895
810.04437	897.74707
810.0484	897.42676
810.05243	897.17383
810.05646	897.67383
810.06049	901.67383
810.06451	896.42676
810.06854	901.67383
810.07257	901.42676
810.07666	900.42676
810.08069	908.17383
810.08472	903.67383
810.08875	904.92676
810.09277	905.17383
810.0968	898.74707
810.10083	910.5
810.10486	905.5
810.10889	915.42676
810.11292	916.74707
810.11694	914.74707
810.12097	921.92676
810.125	921.42676
810.12903	924.92676
810.13306	922.42676
810.13708	923.5
810.14111	921.74707
810.14514	933.92676
810.14923	930.74707
810.15326	922.74707
810.15729	932.17383
810.16132	935
810.16534	929.74707
810.16937	939.92676
810.1734	929.74707
810.17743	950.17383
810.18146	943.74707
810.18549	943.74707
810.18951	950.42676
810.19354	954.42676
810.19757	953
810.2016	961
810.20563	956
810.20966	960.17383
810.21368	955.74707
810.21771	964.42676
810.22174	948.5
810.22577	963.74707
810.2298	961.5
810.23383	960.42676
810.23785	952.92676
810.24188	934.74707
810.24591	947.42676
810.24994	947.92676
810.25397	947.92676
810.258	947
810.26202	942.42676
810.26605	936.74707
810.27008	931.74707
810.27411	929.5
810.27814	927.92676
810.28217	930.17383
810.28619	924.74707
810.29022	920.74707
810.29425	917.74707
810.29828	921.42676
810.30231	917
810.30634	911
810.31036	905.74707
810.31439	909.92676
810.31842	910.42676
810.32245	916.74707
810.32648	907.74707
810.33051	912.17383
810.33453	902.5
810.33856	903.17383
810.34259	898.74707
810.34662	905.74707
810.35065	901.74707
810.35468	894.74707
810.3587	896.67383
810.36273	899.67383
810.36676	900.74707
810.37079	899.92676
810.37482	897.74707
810.37885	897
810.38287	899.5
810.3869	900.42676
810.39087	895.74707
810.3949	898.74707
810.39893	888.74707
810.40295	894
810.40698	892.92676
810.41101	900.17383
810.41504	890
810.41907	897.42676
810.4231	893.42676
810.42712	893.92676
810.43115	891.92676
810.43518	892
810.43921	884.74707
810.44324	887.74707
810.44727	890.42676
810.45129	887.74707
810.45532	889.67383
810.45935	882.74707
810.46332	881.74707
810.46735	883.74707
810.47137	888.42676
810.4754	883.74707
810.47943	884.42676
810.48346	881.74707
810.48749	887.42676
810.49152	891.74707
810.49554	887.92676
810.49957	883.74707
810.5036	887.67383
810.50763	885.17383
810.51166	882.5
810.51563	887.42676
810.51965	880.17383
810.52368	882.74707
810.52771	884.74707
810.53174	886.92676
810.53577	883.92676
810.53979	884.42676
810.54382	882.17383
810.54785	881.92676
810.55188	889.5
810.55591	885.74707
810.55988	882.74707
810.5639	886.17383
810.56793	888.92676
810.57196	885.92676
810.57599	877.74707
810.58002	884.42676
810.58405	882.74707
810.58807	882
810.5921	882.74707
810.59607	881.74707
810.6001	877.74707
810.60413	884.17383
810.60815	882.42676
810.61218	883.42676
810.61621	883.92676
810.62024	881.74707
810.62427	885.42676
810.62823	880.17383
810.63226	881.67383
810.63629	881.17383
810.64032	884.5
810.64435	883.74707
810.64838	881.67383
810.6524	883.42676
810.65643	879
810.6604	880.92676
810.66443	883
810.66846	881.42676
810.67249	882.92676
810.67651	879.92676
810.68054	880.74707
810.68457	882.92676
810.68854	876.74707
810.69257	881.42676
810.69659	887.74707
810.70062	877.74707
810.70465	886.42676
810.70868	881
810.71265	883.92676
810.71667	880
810.7207	883.92676
810.72473	875.42676
810.72876	882.42676
810.73279	881.92676
810.73682	884
810.74078	877.74707
810.74481	882.42676
810.74884	882.17383
810.75287	882.67383
810.7569	884.17383
810.76093	883.42676
810.76489	880.67383
810.76892	880.92676
810.77295	881.67383
810.77698	881.17383
810.78101	885.67383
810.78497	881.74707
810.789	886.67383
810.79303	882.67383
810.79706	880.74707
810.80109	883.92676
810.80511	884
810.80908	879.92676
810.81311	881.5
810.81714	882.74707
810.82117	885.92676
810.8252	880.92676
810.82916	881.74707
810.83319	879.92676
810.83722	878.74707
810.84125	880.42676
810.84528	881.92676
810.84924	876.74707
810.85327	880.67383
810.8573	882.74707
810.86133	881.74707
810.86536	884.17383
810.86932	877.74707
810.87335	883.92676
810.87738	879.17383
810.88141	879.42676
810.88538	879.42676
810.8894	885.92676
810.89343	880.74707
810.89746	884.5
810.90149	880.5
810.90546	879.74707
810.90948	877.74707
810.91351	879.67383
810.91754	879.74707
810.92151	882.42676
810.92554	885.67383
810.92957	881.92676
810.93359	887.67383
810.93762	879.5
810.94159	880.42676
810.94562	879.42676
810.94965	882.92676
810.95367	881.42676
810.95764	876.67383
810.96167	885.42676
810.9657	884.42676
810.96973	878.74707
810.97369	878.92676
810.97772	883.67383
810.98175	880.5
810.98578	888.5
810.98975	885.42676
810.99377	881.17383
810.9978	883.42676
811.00183	882.42676
811.0058	886.42676
811.00983	882.92676
811.01385	891.92676
811.01788	881.67383
811.02185	886.67383
811.02588	888.17383
811.02991	880.74707
811.03387	881.74707
811.0379	886.74707
811.04193	886.5
811.04596	884.92676
811.04993	885.17383
811.05396	890.74707
811.05798	884.92676
811.06201	885.74707
811.06598	887.42676
811.07001	883.74707
811.07404	889.67383
811.078	884.17383
811.08203	887.42676
811.08606	888.17383
811.09009	886.5
811.09406	888.92676
811.09808	888.5
811.10211	886
811.10608	889.92676
811.11011	886.42676
811.11414	889.5
811.1181	889.92676
811.12213	888.92676
811.12616	889.42676
811.13019	892.5
811.13416	891.5
811.13818	882.74707
811.14221	893.42676
811.14618	897.5
811.15021	884.74707
811.15424	888.74707
811.1582	898.42676
811.16223	894.42676
811.16626	890.42676
811.17023	896.42676
811.17426	900.92676
811.17828	900.5
811.18231	894.74707
811.18628	894.74707
811.19031	907.5
811.19434	906.42676
811.1983	903
811.20233	895.42676
811.20636	908.92676
811.21033	912.42676
811.21436	913
811.21838	917.17383
811.22235	916.42676
811.22638	914.42676
811.23041	924.5
811.23438	920.42676
811.2384	928.74707
811.24243	927.42676
811.2464	930.42676
811.25043	941.5
811.25439	933.42676
811.25842	928.74707
811.26245	935.42676
811.26642	924.74707
811.27045	922.74707
811.27448	942.42676
811.27844	924.92676
811.28247	937.5
811.2865	931.74707
811.29047	927.74707
811.29449	933.74707
811.29852	925.74707
811.30249	928.92676
811.30652	928.67383
811.31049	929.42676
811.31451	924.92676
811.31854	924.67383
811.32251	926.17383
811.32654	920
811.33057	919
811.33453	909.74707
811.33856	913.74707
811.34259	903.74707
811.34656	909.74707
811.35059	907.74707
811.35455	910
811.35858	906.67383
811.36261	902.17383
811.36658	899.74707
811.37061	899.74707
811.37457	904.92676
811.3786	900.42676
811.38263	900
811.3866	902.92676
811.39063	894.42676
811.39459	897.5
811.39862	895.92676
811.40265	895.92676
811.40662	892.74707
811.41064	894.74707
811.41461	893.74707
811.41864	896
811.42267	888.5
811.42664	895.17383
811.43066	888.67383
811.43463	889
811.43866	885.92676
811.44269	889.74707
811.44666	887.74707
811.45068	886.42676
811.45465	890.74707
811.45868	888.42676
811.46271	884.74707
811.46667	881.5
811.4707	883.42676
811.47467	882.74707
811.4787	888
811.48267	884.42676
811.48669	886.74707
811.49072	883.17383
811.49469	883.17383
811.49872	884.67383
811.50269	887.67383
811.50671	883.42676
811.51068	884.74707
811.51471	884.5
811.51868	881.74707
811.52271	880.74707
811.52673	889
811.5307	880.74707
811.53473	882.67383
811.5387	882.17383
811.54272	881.67383
811.54669	879.42676
811.55072	880.42676
811.55469	880.17383
811.55872	878.74707
811.56274	877.74707
811.56671	879.74707
811.57074	880.42676
811.57471	878.5
811.57874	881.17383
811.5827	883.42676
811.58673	884.17383
811.5907	873.74707
811.59473	879.5
811.59869	879.17383
811.60272	878
811.60669	875.92676
811.61072	879.74707
811.61469	879.92676
811.61871	876.74707
811.62274	878.17383
811.62671	883.5
811.63074	880.5
811.6347	881.92676
811.63873	882.42676
811.6427	884.92676
811.64673	881.74707
811.6507	879.67383
811.65472	879.42676
811.65869	877.74707
811.66272	874.74707
811.66669	877.17383
811.67072	878.67383
811.67468	875.74707
811.67871	880.42676
811.68268	877.42676
811.68671	877.42676
811.69067	878.42676
811.6947	873.67383
811.69867	878
811.7027	883.42676
811.70667	877.74707
811.71069	877.42676
811.71466	876.17383
811.71869	879.42676
811.72266	879.42676
811.72668	879
811.73065	884.5
811.73468	880.74707
811.73865	879
811.74268	874.74707
811.74664	877.74707
811.75061	877.74707
811.75464	879.74707
811.75861	878.5
811.76263	879.74707
811.7666	881.42676
811.77063	880.17383
811.7746	883.42676
811.77863	871.74707
811.78259	877
811.78662	875.74707
811.79059	875.74707
811.79462	876.74707
811.79858	877.74707
811.80261	879.5
811.80658	875.92676
811.81055	871.74707
811.81458	876.74707
811.81854	872.74707
811.82257	872
811.82654	877.74707
811.83057	874
811.83453	874.74707
811.83856	875.74707
811.84253	879.74707
811.8465	875.5
811.85052	878.17383
811.85449	876.17383
811.85852	875.74707
811.86249	877.5
811.86652	875.67383
811.87048	873.74707
811.87451	873.74707
811.87848	874.74707
811.88245	873.74707
811.88647	870.5
811.89044	872.74707
811.89447	875.5
811.89844	874.74707
811.90247	872.74707
811.90643	877.92676
811.9104	877
811.91443	873.5
811.9184	876.5
811.92242	877
811.92639	873.74707
811.93036	875.67383
811.93439	876.74707
811.93835	877.5
811.94238	873.5
811.94635	875.74707
811.95032	875.17383
811.95435	874.5
811.95831	878.42676
811.96234	875.74707
811.96631	875.92676
811.97028	877.5
811.9743	874.74707
811.97827	876.67383
811.9823	873.17383
811.98627	872.74707
811.99023	872.67383
811.99426	874.67383
811.99823	877.5
812.00226	873.74707
812.00623	874.92676
812.01019	875.5
812.01422	872.74707
812.01819	877.74707
812.02222	873.92676
812.02618	876.74707
812.03015	876.67383
812.03418	873.74707
812.03815	878.67383
812.04211	875.17383
812.04614	876
812.05011	877.92676
812.05414	875.74707
812.05811	880.74707
