808.7453	924.96045
808.74939	932.42383
808.75342	928.46338
808.75751	924.42383
808.7616	929.46338
808.76563	932.96338
808.76971	932.5
808.77374	925
808.77783	922.96045
808.78186	929.96338
808.78595	929.92383
808.78998	923.46338
808.79407	921.46338
808.7981	921.96045
808.80219	927.5
808.80621	921.46338
808.8103	922.5
808.81433	918.96045
808.81842	920.96045
808.82245	918.96045
808.82654	918.42383
808.83057	915.96045
808.83466	923.46338
808.83868	911.96045
808.84277	926.92383
808.8468	917.96045
808.85089	931.96045
808.85492	911.96045
808.85901	917.42383
808.86304	921.5
808.86713	922.46338
808.87115	931.46338
808.87524	923.96045
808.87927	925.5
808.88336	915.96045
808.88739	922.46338
808.89148	916.96338
808.89551	919.46338
808.8996	920.96045
808.90363	922.96045
808.90765	923.5
808.91174	917.96338
808.91577	919.96045
808.91986	934.96338
808.92389	929.96338
808.92798	925.42383
808.93201	922
808.9361	929.5
808.94012	940.5
808.94421	921.96045
808.94824	938.96338
808.95233	929.92383
808.95636	931.46338
808.96039	931.92383
808.96448	940.96045
808.96851	935.46338
808.9726	941.46338
808.97662	936.96338
808.98071	953.42383
808.98474	935.96338
808.98883	943.92383
808.99286	932.96045
808.99695	944.46338
809.00098	935.5
809.005	959.96338
809.00909	953.96045
809.01312	955.96045
809.01721	946.96045
809.02124	952.96338
809.02533	965.96045
809.02936	963.46338
809.03339	966.96045
809.03748	962.96045
809.0415	976.96045
809.04559	967.96045
809.04962	976.92383
809.05371	969.96045
809.05774	993.5
809.06177	985.96045
809.06586	998.46338
809.06989	1005.9238
809.07397	995.46338
809.078	997.96045
809.08203	1005.9604
809.08612	1028.9634
809.09015	1039.5
809.09424	1032.9604
809.09827	1017.9604
809.10236	1036.4634
809.10638	1032.9604
809.11041	1029.9604
809.1145	1031.9604
809.11853	1039.9604
809.12262	1042.4634
809.12665	1039.4634
809.13068	1043.9604
809.13477	1033.9604
809.13879	1039
809.14288	1043.4634
809.14691	1046.4634
809.15094	1038.9604
809.15503	1040.9604
809.15906	1024.4634
809.16309	1022.9634
809.16718	1027.9604
809.1712	1022.4238
809.17529	1013.9634
809.17932	1007.9634
809.18335	1012.4238
809.18744	997.96045
809.19147	1007.9604
809.1955	987.42383
809.19958	1007.5
809.20361	977.96338
809.2077	981.96045
809.21173	971.96045
809.21576	972.96338
809.21985	952.96045
809.22388	961.96045
809.22791	951.96045
809.23199	948.5
809.23602	950.46338
809.24011	954.96045
809.24414	947.96045
809.24817	952.42383
809.25226	952.96338
809.25629	927.96045
809.26031	939.96338
809.2644	941
809.26843	929.96045
809.27246	931.46338
809.27655	936
809.28058	939.5
809.28461	931
809.2887	924.96338
809.29272	938.46338
809.29675	930.96045
809.30084	935.92383
809.30487	932.92383
809.3089	931.96045
809.31299	920.96045
809.31702	919.96338
809.32104	926.46338
809.32513	926
809.32916	918.96338
809.33319	915.42383
809.33728	911.92383
809.34131	914.42383
809.34534	911.96045
809.34943	919.96045
809.35345	914.5
809.35748	907.96045
809.36157	917.96338
809.3656	918.92383
809.36963	912.5
809.37372	906.96045
809.37775	913.96338
809.38177	910.96338
809.3858	908.46338
809.38989	908.46338
809.39392	905.96338
809.39795	903.96045
809.40204	909.96338
809.40607	904.96338
809.4101	907.46338
809.41418	902.96338
809.41821	893.96045
809.42224	907.46338
809.42627	897.96338
809.43036	901.92383
809.43439	897.5
809.43842	901.96338
809.4425	896.92383
809.44653	899.96338
809.45056	895.96045
809.45465	893.92383
809.45868	903.96338
809.46271	896.96338
809.46674	906.92383
809.47083	897
809.47485	897.96338
809.47888	893.96045
809.48291	889.96045
809.487	897.96045
809.49103	896.96045
809.49506	897.96045
809.49915	895.96045
809.50317	892.42383
809.5072	895.42383
809.51123	892.5
809.51532	899.96045
809.51935	894.46338
809.52338	895.96045
809.5274	893.96338
809.53149	892.96338
809.53552	892.42383
809.53955	891.96338
809.54358	893.92383
809.54767	892.92383
809.5517	892.46338
809.55573	893.96338
809.55975	895
809.56384	898.96338
809.56787	889.42383
809.5719	892.96338
809.57593	893.96045
809.58002	898.96045
809.58405	890.5
809.58807	891
809.5921	895.46338
809.59619	891.96045
809.60022	889.96045
809.60425	898.92383
809.60828	892
809.61237	895.96338
809.61639	893
809.62042	886
809.62445	889.92383
809.62848	880.96045
809.63257	890.96338
809.6366	891.96338
809.64063	890.46338
809.64465	897.5
809.64874	886.96338
809.65277	891.46338
809.6568	891.92383
809.66083	892.46338
809.66486	889.96045
809.66895	889.42383
809.67297	893.46338
809.677	895.96338
809.68103	894.96338
809.68506	885.46338
809.68915	890.92383
809.69318	889.92383
809.6972	891.92383
809.70123	894.42383
809.70526	892.96045
809.70935	891.46338
809.71338	886.96338
809.71741	887.42383
809.72144	892
809.72546	894.46338
809.72955	892.96338
809.73358	892.92383
809.73761	889.96338
809.74164	885.96045
809.74567	883.96045
809.74969	887.96045
809.75378	890.46338
809.75781	888.96045
809.76184	893.5
809.76587	884.96045
809.7699	891.46338
809.77399	884.96045
809.77802	892.96338
809.78204	895.96338
809.78607	896.46338
809.7901	886.96045
809.79413	889.96338
809.79822	890.96338
809.80225	892.5
809.80627	896.46338
809.8103	891.5
809.81433	894.96338
809.81836	888.96338
809.82245	890.92383
809.82648	891.92383
809.83051	888.92383
809.83453	890.96045
809.83856	894.96338
809.84259	894.46338
809.84662	891.96045
809.85071	899
809.85474	891.96045
809.85876	888.96045
809.86279	899.46338
809.86682	901.96338
809.87085	893.46338
809.87488	894.46338
809.87897	893.92383
809.883	895.42383
809.88702	895.46338
809.89105	901.96338
809.89508	900.96045
809.89911	896.96045
809.90314	896.46338
809.90717	897.92383
809.91125	901.96045
809.91528	890
809.91931	901.96045
809.92334	901.96338
809.92737	902.42383
809.9314	895.92383
809.93542	902.5
809.93945	898.96338
809.94354	901
809.94757	898.42383
809.9516	907.96045
809.95563	894.5
809.95966	902.96045
809.96368	895.96045
809.96771	900.46338
809.97174	904.96338
809.97577	911.5
809.97986	900.5
809.98389	903.96045
809.98792	908.5
809.99194	907.96338
809.99597	903.96045
810	914.46338
810.00403	911.46338
810.00806	913.96045
810.01208	912.46338
810.01611	913.96045
810.02014	913.96045
810.02423	922.42383
810.02826	907.96045
810.03229	913.96045
810.03632	913.96045
810.04034	920.46338
810.04437	919.96045
810.0484	931.96338
810.05243	926.96045
810.05646	928.42383
810.06049	938.5
810.06451	935
810.06854	943.46338
810.07257	941.46338
810.07666	936.96045
810.08069	950.92383
810.08472	952.46338
810.08875	946.96338
810.09277	966.96045
810.0968	966.96338
810.10083	976.46338
810.10486	970.96045
810.10889	972.96045
810.11292	983.96338
810.11694	982.96045
810.12097	986.46338
810.125	989
810.12903	999.96045
810.13306	982.96045
810.13708	1001.9604
810.14111	1000.9238
810.14514	1006.4238
810.14923	1008.5
810.15326	1015.9604
810.15729	1006.5
810.16132	1007.9604
810.16534	1015.5
810.16937	1019.9634
810.1734	1013.9634
810.17743	1039.9604
810.18146	1000.9604
810.18549	1014.4634
810.18951	1021.5
810.19354	1008.9604
810.19757	1009.9604
810.2016	1017.4634
810.20563	1015.4238
810.20966	1005.9604
810.21368	1007.9604
810.21771	985.5
810.22174	991.96045
810.22577	989.5
810.2298	980.96045
810.23383	982.46338
810.23785	973.96045
810.24188	969.96045
810.24591	955.46338
810.24994	956.92383
810.25397	964.46338
810.258	952.46338
810.26202	955.96338
810.26605	950.42383
810.27008	941.46338
810.27411	950.42383
810.27814	931.96045
810.28217	942.92383
810.28619	939.96045
810.29022	937
810.29425	931.96338
810.29828	920.96338
810.30231	923.42383
810.30634	926.96338
810.31036	927.46338
810.31439	920.96045
810.31842	930.96045
810.32245	922.46338
810.32648	916.46338
810.33051	918.96338
810.33453	913.92383
810.33856	909.96338
810.34259	916.96045
810.34662	911.96045
810.35065	911.5
810.35468	914.96045
810.3587	906.46338
810.36273	911.5
810.36676	910.96338
810.37079	906.96045
810.37482	905
810.37885	905.96045
810.38287	902.96338
810.3869	900.5
810.39087	903.96338
810.3949	899.46338
810.39893	897.46338
810.40295	905
810.40698	899.46338
810.41101	897.96338
810.41504	900.96045
810.41907	897.96045
810.4231	898.96338
810.42712	900.42383
810.43115	898
810.43518	893.96338
810.43921	897.42383
810.44324	898.42383
810.44727	892.96338
810.45129	893.96338
810.45532	892.96045
810.45935	891.42383
810.46332	890.96045
810.46735	893.46338
810.47137	889.5
810.4754	889.42383
810.47943	894.46338
810.48346	888.42383
810.48749	892
810.49152	888.92383
810.49554	894
810.49957	894.96045
810.5036	884.96045
810.50763	881.96045
810.51166	891.42383
810.51563	884.96045
810.51965	890.92383
810.52368	892.42383
810.52771	887.42383
810.53174	884.96338
810.53577	877.96045
810.53979	887.96045
810.54382	886.5
810.54785	887.96045
810.55188	887.96045
810.55591	881.46338
810.55988	882.96045
810.5639	884.46338
810.56793	883.96338
810.57196	887
810.57599	887.46338
810.58002	883
810.58405	887.92383
810.58807	885.96338
810.5921	886
810.59607	889.46338
810.6001	889.46338
810.60413	889.46338
810.60815	881.46338
810.61218	883.42383
810.61621	886.96338
810.62024	885.96338
810.62427	884.96338
810.62823	883.46338
810.63226	887.46338
810.63629	883.42383
810.64032	885
810.64435	878.46338
810.64838	886
810.6524	885.96338
810.65643	880.96338
810.6604	882
810.66443	883.5
810.66846	885.92383
810.67249	883
810.67651	890.5
810.68054	883
810.68457	885.92383
810.68854	882.5
810.69257	883.96338
810.69659	886
810.70062	877.96045
810.70465	882.96338
810.70868	881
810.71265	886.96045
810.71667	882.96045
810.7207	876.96045
810.72473	880.96045
810.72876	878.96045
810.73279	884.46338
810.73682	878.5
810.74078	886.42383
810.74481	887.46338
810.74884	884.42383
810.75287	884.96338
810.7569	883.42383
810.76093	884
810.76489	883.46338
810.76892	884.46338
810.77295	882.5
810.77698	885.96045
810.78101	884.96045
810.78497	883.46338
810.789	884.96338
810.79303	884.42383
810.79706	885
810.80109	885.92383
810.80511	885.96045
810.80908	884.92383
810.81311	887.42383
810.81714	884.96045
810.82117	887.42383
810.8252	884.46338
810.82916	884.96338
810.83319	885.96045
810.83722	888.42383
810.84125	885.42383
810.84528	882.96045
810.84924	883.96338
810.85327	885.96045
810.8573	883
810.86133	886.96045
810.86536	886.46338
810.86932	888.42383
810.87335	887.46338
810.87738	892.42383
810.88141	885.5
810.88538	877.96045
810.8894	888.96338
810.89343	886.46338
810.89746	892.96045
810.90149	879.96045
810.90546	886
810.90948	885.46338
810.91351	885.96338
810.91754	884.46338
810.92151	882.96338
810.92554	885.5
810.92957	885.92383
810.93359	886.96045
810.93762	891.96338
810.94159	886.96338
810.94562	883.96045
810.94965	889.92383
810.95367	885
810.95764	887.96045
810.96167	884.96338
810.9657	886.96045
810.96973	890.46338
810.97369	889.92383
810.97772	893
810.98175	890.92383
810.98578	887.42383
810.98975	890.96338
810.99377	885.96045
810.9978	884.96045
811.00183	890.96338
811.0058	889.5
811.00983	894.5
811.01385	889.92383
811.01788	884.96045
811.02185	891
811.02588	891.92383
811.02991	896.96338
811.03387	893.96045
811.0379	890.96045
811.04193	892.96338
811.04596	893.96338
811.04993	897.96338
811.05396	896.92383
811.05798	888
811.06201	898.96338
811.06598	900.96338
811.07001	901
811.07404	895.42383
811.078	899.92383
811.08203	900.96045
811.08606	906.96338
811.09009	902.96045
811.09406	904.46338
811.09808	900.96045
811.10211	904.42383
811.10608	903.92383
811.11011	904.96045
811.11414	906
811.1181	903.46338
811.12213	913.96045
811.12616	911.46338
811.13019	909.46338
811.13416	916.96045
811.13818	911.96045
811.14221	913
811.14618	921
811.15021	919.96338
811.15424	917.46338
811.1582	918.92383
811.16223	924.96338
811.16626	917.96338
811.17023	919.96045
811.17426	936.96045
811.17828	937.46338
811.18231	933.92383
811.18628	931.96045
811.19031	952.46338
811.19434	945.46338
811.1983	956.42383
811.20233	959.42383
811.20636	951
811.21033	945.96045
811.21436	965
811.21838	964.96045
811.22235	961.96045
811.22638	979.46338
811.23041	974.96045
811.23438	969.46338
811.2384	970
811.24243	959.96045
811.2464	971.46338
811.25043	971.96045
811.25439	969.5
811.25842	973.46338
811.26245	970.96045
811.26642	974.96045
811.27045	961.46338
811.27448	957.46338
811.27844	939.96045
811.28247	954.46338
811.2865	947.96338
811.29047	946.46338
811.29449	943.96045
811.29852	942.96338
811.30249	940.96338
811.30652	939.96045
811.31049	934.96338
811.31451	936.92383
811.31854	931.96045
811.32251	921.96045
811.32654	922.96045
811.33057	924.96045
811.33453	928.42383
811.33856	925.42383
811.34259	921.92383
811.34656	905.46338
811.35059	915.96338
811.35455	910.96045
811.35858	914.46338
811.36261	910.96045
811.36658	910.96045
811.37061	913.96045
811.37457	916.46338
811.3786	905.96045
811.38263	894.96045
811.3866	898.96045
811.39063	899.42383
811.39459	897.96045
811.39862	905.42383
811.40265	904.96045
811.40662	899.92383
811.41064	895.92383
811.41461	894.96045
811.41864	900.46338
811.42267	894.46338
811.42664	894.96045
811.43066	893.96045
811.43463	895
811.43866	895.42383
811.44269	893.96045
811.44666	892.96045
811.45068	894.46338
811.45465	887.96338
811.45868	895.5
811.46271	894.96045
811.46667	889.96338
811.4707	882.96045
811.47467	891.92383
811.4787	888.96338
811.48267	890
811.48669	888.96338
811.49072	895.42383
811.49469	886.96338
811.49872	891.96338
811.50269	889.96045
811.50671	882.96045
811.51068	887.96338
811.51471	889.5
811.51868	886.96338
811.52271	879.96045
811.52673	888.96045
811.5307	887.42383
811.53473	887.42383
811.5387	888.92383
811.54272	880.46338
811.54669	881.96338
811.55072	888.42383
811.55469	887.96338
811.55872	888.96338
811.56274	884.96045
811.56671	882.96045
811.57074	885.5
811.57471	882.96045
811.57874	885.46338
811.5827	886.46338
811.58673	880.92383
811.5907	881.96338
811.59473	881.5
811.59869	886.42383
811.60272	882.92383
811.60669	878.96045
811.61072	881.46338
811.61469	882.96045
811.61871	880.5
811.62274	884.96045
811.62671	874.96045
811.63074	881.92383
811.6347	882.96338
811.63873	880.46338
811.6427	879.96338
811.64673	878.96338
811.6507	881.96338
811.65472	879.96338
811.65869	881.46338
811.66272	878.46338
811.66669	882.46338
811.67072	875.96045
811.67468	881.46338
811.67871	881.42383
811.68268	882.5
811.68671	881.46338
811.69067	878
811.6947	882.96338
811.69867	880.96045
811.7027	878.96045
811.70667	877.96045
811.71069	877.42383
811.71466	884.42383
811.71869	880
811.72266	879.96338
811.72668	880.42383
811.73065	879.96045
811.73468	875.96045
811.73865	877.92383
811.74268	878.42383
811.74664	880.42383
811.75061	877.96045
811.75464	881.46338
811.75861	878
811.76263	879.46338
811.7666	879.96338
811.77063	880.42383
811.7746	878.42383
811.77863	879.96045
811.78259	879.96338
811.78662	877.5
811.79059	882.96338
811.79462	876.96045
811.79858	881.5
811.80261	874.96045
811.80658	878.96045
811.81055	880.5
811.81458	877.46338
811.81854	875.92383
811.82257	877.5
811.82654	875.46338
811.83057	880.96338
811.83453	881.92383
811.83856	877.92383
811.84253	878.46338
811.8465	873.96338
811.85052	874.46338
811.85449	874.96045
811.85852	878.96338
811.86249	873.92383
811.86652	878.42383
811.87048	872.96045
811.87451	876
811.87848	876.46338
811.88245	878.96338
811.88647	875.96045
811.89044	875.96045
811.89447	877.46338
811.89844	874.96338
811.90247	875.96045
811.90643	880.96338
811.9104	875.5
811.91443	874.5
811.9184	872.46338
811.92242	873.96338
811.92639	877.46338
811.93036	874.42383
811.93439	872.96045
811.93835	880.46338
811.94238	877.46338
811.94635	877.46338
811.95032	877.5
811.95435	875.46338
811.95831	875.42383
811.96234	872.96338
811.96631	873.96045
811.97028	875.92383
811.9743	874.5
811.97827	877.46338
811.9823	869.96045
811.98627	878.46338
811.99023	876.42383
811.99426	874.46338
811.99823	878.46338
812.00226	878.96338
812.00623	876.92383
812.01019	879.42383
812.01422	876.92383
812.01819	871.96045
812.02222	874.96045
812.02618	872.96045
812.03015	874.96045
812.03418	876
812.03815	876.42383
812.04211	872.96045
812.04614	876.46338
812.05011	873.46338
812.05414	872.42383
812.05811	873.96338
