808.60724	1208.6836
808.61127	1216.104
808.61536	1258.104
808.61938	1249.104
808.62347	1230.104
808.6275	1257.104
808.63159	1262.0796
808.63568	1273
808.63971	1254.6836
808.6438	1264.104
808.64783	1294.104
808.65192	1286.104
808.65594	1326.5
808.66003	1292.104
808.66412	1309.0796
808.66815	1329.5796
808.67224	1359
808.67627	1363.6836
808.68036	1374.0796
808.68439	1368.104
808.68848	1411.6836
808.6925	1406.104
808.69659	1453
808.70068	1452.5
808.70471	1467.5
808.7088	1504.104
808.71283	1535.0796
808.71692	1538
808.72095	1547.0796
808.72504	1604.5
808.72906	1628.1836
808.73315	1640.0796
808.73718	1684.5796
808.74127	1686
808.7453	1748.1836
808.74939	1794.6836
808.75342	1820
808.75751	1869.5796
808.7616	1913
808.76563	1957.5
808.76971	2026.5796
808.77374	2073.6836
808.77783	2136.0796
808.78186	2183.104
808.78595	2222
808.78998	2299
808.79407	2347
808.7981	2439.5
808.80219	2488.5796
808.80621	2524.5
808.8103	2629.0796
808.81433	2660
808.81842	2693.5
808.82245	2813
808.82654	2837.0796
808.83057	2847.5
808.83466	2852.5796
808.83868	2860.5
808.84277	2847.5
808.8468	2876.5
808.85089	2867
808.85492	2789
808.85901	2818.0796
808.86304	2762.5
808.86713	2682.0796
808.87115	2587.104
808.87524	2569.5796
808.87927	2478.5
808.88336	2422.5796
808.88739	2396.0796
808.89148	2297.5796
808.89551	2254.5796
808.8996	2215
808.90363	2132.0796
808.90765	2057.0796
808.91174	1995.5796
808.91577	1941.6836
808.91986	1878
808.92389	1898.6836
808.92798	1796.5796
808.93201	1733.0796
808.9361	1700.1836
808.94012	1668.104
808.94421	1615
808.94824	1565.5796
808.95233	1564.6836
808.95636	1525.5
808.96039	1483.104
808.96448	1433.104
808.96851	1443.0796
808.9726	1398.104
808.97662	1371.104
808.98071	1405.6836
808.98474	1376.1836
808.98883	1345.1836
808.99286	1324.104
808.99695	1327.5796
809.00098	1296.0796
809.005	1292.0796
809.00909	1264.104
809.01312	1269
809.01721	1251.104
809.02124	1250.1836
809.02533	1261.5796
809.02936	1238.5796
809.03339	1259.0796
809.03748	1233.104
809.0415	1211.1836
809.04559	1214.104
809.04962	1190.104
809.05371	1224.5
809.05774	1190.104
809.06177	1157.104
809.06586	1191.104
809.06989	1191.6836
809.07397	1166.104
809.078	1156.104
809.08203	1183.5
809.08612	1167.6836
809.09015	1159.0796
809.09424	1174.1836
809.09827	1167.5
809.10236	1160.5796
809.10638	1167.1836
809.11041	1162.104
809.1145	1169
809.11853	1155.1836
809.12262	1138.0796
809.12665	1130.5796
809.13068	1131.104
809.13477	1157.5796
809.13879	1124.104
809.14288	1141.5796
809.14691	1141.5796
809.15094	1130.104
809.15503	1109.104
809.15906	1129.104
809.16309	1122.104
809.16718	1133.5796
809.1712	1126.104
809.17529	1133.0796
809.17932	1134.5796
809.18335	1120.104
809.18744	1110.104
809.19147	1126.104
809.1955	1120.5796
809.19958	1122.0796
809.20361	1122.6836
809.2077	1108.104
809.21173	1073.104
809.21576	1081.104
809.21985	1115.5796
809.22388	1086.5796
809.22791	1104.0796
809.23199	1074.5796
809.23602	1083.5796
809.24011	1090.104
809.24414	1089.5
809.24817	1081.5796
809.25226	1070.104
809.25629	1069.104
809.26031	1055.104
809.2644	1049.6836
809.26843	1042.1836
809.27246	1016.104
809.27655	1040.6836
809.28058	1034.0796
809.28461	1046.0796
809.2887	1032.104
809.29272	1042.104
809.29675	1041.1836
809.30084	1031.1836
809.30487	1041.0796
809.3089	1010.104
809.31299	1037.104
809.31702	1040.6836
809.32104	1005.5796
809.32513	1019.6836
809.32916	1020.104
809.33319	1017.5796
809.33728	1022.6836
809.34131	1009.5796
809.34534	1007.1836
809.34943	1017.6836
809.35345	1018.5796
809.35748	1003
809.36157	1018.5
809.3656	1003.6836
809.36963	993.104
809.37372	988.104
809.37775	995.57959
809.38177	998.68359
809.3858	1005.5796
809.38989	985.104
809.39392	989.68359
809.39795	996.68359
809.40204	987.07959
809.40607	1000.104
809.4101	991.68359
809.41418	987.57959
809.41821	997.18359
809.42224	983.68359
809.42627	962.104
809.43036	983.104
809.43439	992.07959
809.43842	979.68359
809.4425	991
809.44653	976.104
809.45056	983.07959
809.45465	978.104
809.45868	985.5
809.46271	964.104
809.46674	985.57959
809.47083	997.68359
809.47485	985.68359
809.47888	987.104
809.48291	979.68359
809.487	1000.5796
809.49103	979.68359
809.49506	1001.6836
809.49915	978.07959
809.50317	1000.104
809.5072	989.104
809.51123	991.104
809.51532	982.104
809.51935	990.104
809.52338	994.104
809.5274	993.18359
809.53149	990.104
809.53552	996.104
809.53955	996.104
809.54358	988.68359
809.54767	994.07959
809.5517	983.57959
809.55573	992.104
809.55975	995.104
809.56384	999.5
809.56787	1003.104
809.5719	998.104
809.57593	1005.6836
809.58002	1004.0796
809.58405	1014.104
809.58807	1013
809.5921	993.68359
809.59619	1016.5796
809.60022	1010.104
809.60425	1010.0796
809.60828	1013.104
809.61237	1019.104
809.61639	1024.104
809.62042	1025.104
809.62445	1012.104
809.62848	1005.6836
809.63257	1020
809.6366	1030
809.64063	1020.0796
809.64465	1043
809.64874	1026.104
809.65277	1045.104
809.6568	1034.1836
809.66083	1053.6836
809.66486	1034.6836
809.66895	1013.104
809.67297	1050.1836
809.677	1080.1836
809.68103	1051.104
809.68506	1071.1836
809.68915	1079.0796
809.69318	1071.104
809.6972	1072.104
809.70123	1074.5796
809.70526	1088
809.70935	1092.6836
809.71338	1098.104
809.71741	1111.5796
809.72144	1108.0796
809.72546	1130.5
809.72955	1138.5796
809.73358	1150.104
809.73761	1149.0796
809.74164	1158.104
809.74567	1159.104
809.74969	1197.5
809.75378	1193.104
809.75781	1188.5796
809.76184	1237.1836
809.76587	1237.1836
809.7699	1232.104
809.77399	1281.5
809.77802	1285.104
809.78204	1306.0796
809.78607	1323.104
809.7901	1333
809.79413	1363.104
809.79822	1384.5
809.80225	1433.5796
809.80627	1438.6836
809.8103	1508.0796
809.81433	1488
809.81836	1527.0796
809.82245	1608.104
809.82648	1623.104
809.83051	1642.104
809.83453	1713.1836
809.83856	1703.104
809.84259	1804.0796
809.84662	1843.104
809.85071	1923.0796
809.85474	1969.5
809.85876	2008.5796
809.86279	2075
809.86682	2127.104
809.87085	2225
809.87488	2321
809.87897	2360.104
809.883	2443
809.88702	2522
809.89105	2551
809.89508	2660.5
809.89911	2740
809.90314	2847.5
809.90717	2907.104
809.91125	2921
809.91528	3062
809.91931	3053.5
809.92334	3075.5
809.92737	3150.5796
809.9314	3095.104
809.93542	3043.5
809.93945	3022.5796
809.94354	2982.5796
809.94757	2873.0796
809.9516	2824.0796
809.95563	2734.104
809.95966	2612.0796
809.96368	2531.104
809.96771	2431.104
809.97174	2383.104
809.97577	2273.6836
809.97986	2178.0796
809.98389	2111.104
809.98792	2001.5796
809.99194	1942.104
809.99597	1885.104
810	1752.1836
810.00403	1730.5
810.00806	1689.104
810.01208	1627.1836
810.01611	1604.5796
810.02014	1576.0796
810.02423	1549.6836
810.02826	1477.0796
810.03229	1436.0796
810.03632	1423.104
810.04034	1393.104
810.04437	1401.5
810.0484	1352.5796
810.05243	1325.104
810.05646	1323.104
810.06049	1309
810.06451	1291.104
810.06854	1271.5
810.07257	1243.104
810.07666	1245.5796
810.08069	1215.104
810.08472	1205.5796
810.08875	1218.0796
810.09277	1186.5
810.0968	1189.5796
810.10083	1179.6836
810.10486	1153.1836
810.10889	1151.0796
810.11292	1142
810.11694	1148.104
810.12097	1121.104
810.125	1133.104
810.12903	1125.104
810.13306	1126
810.13708	1110.0796
810.14111	1109.5796
810.14514	1109.0796
810.14923	1094.104
810.15326	1098.5796
810.15729	1098.104
810.16132	1085.104
810.16534	1081.0796
810.16937	1098.0796
810.1734	1093.5796
810.17743	1073.104
810.18146	1093.0796
810.18549	1056.6836
810.18951	1077.0796
810.19354	1086.0796
810.19757	1078
810.2016	1064.104
810.20563	1052.1836
810.20966	1081
810.21368	1052.0796
810.21771	1064.104
810.22174	1057.104
810.22577	1047.104
810.2298	1048.1836
810.23383	1056.104
810.23785	1044.0796
810.24188	1047.6836
810.24591	1040.104
810.24994	1060.0796
810.25397	1045
810.258	1035.0796
810.26202	1033.104
810.26605	1040.1836
810.27008	1023.104
810.27411	1021.104
810.27814	1029.0796
810.28217	1025.5
810.28619	1029.6836
810.29022	1009.5796
810.29425	1018.1836
810.29828	1011.5796
810.30231	998
810.30634	994.104
810.31036	997.104
810.31439	998.57959
810.31842	999.68359
810.32245	988.104
810.32648	984.68359
810.33051	983.68359
810.33453	989.07959
810.33856	974.07959
810.34259	992.68359
810.34662	975.68359
810.35065	977.104
810.35468	970.104
810.3587	959.104
810.36273	975.104
810.36676	969.68359
810.37079	971.104
810.37482	949.104
810.37885	958.68359
810.38287	962.104
810.3869	960.18359
810.39087	956.57959
810.3949	959.104
810.39893	957.104
810.40295	946.104
810.40698	956.57959
810.41101	944.57959
810.41504	952.68359
810.41907	952.18359
810.4231	956.104
810.42712	948.07959
810.43115	934.104
810.43518	941.68359
810.43921	943.68359
810.44324	944.18359
810.44727	941.07959
810.45129	943.07959
810.45532	940.57959
810.45935	951.07959
810.46332	937.07959
810.46735	954.18359
810.47137	928.104
810.4754	942.104
810.47943	936.57959
810.48346	945.104
810.48749	943.07959
810.49152	944.57959
810.49554	948.18359
810.49957	934.104
810.5036	942.104
810.50763	939.57959
810.51166	938.104
810.51563	936.104
810.51965	940.68359
810.52368	946.07959
810.52771	944.07959
810.53174	938.104
810.53577	942.18359
810.53979	945.07959
810.54382	938.104
810.54785	940.18359
810.55188	939.57959
810.55591	944.104
810.55988	939.68359
810.5639	945.104
810.56793	941.18359
810.57196	935.68359
810.57599	947.07959
810.58002	950.07959
810.58405	947.104
810.58807	933.07959
810.5921	942.18359
810.59607	947.68359
810.6001	935.104
810.60413	935.07959
810.60815	954.104
810.61218	946.104
810.61621	939.68359
810.62024	928.18359
810.62427	945.68359
810.62823	945.68359
810.63226	938.18359
810.63629	940.68359
810.64032	946.104
810.64435	952.68359
810.64838	945.104
810.6524	941.57959
810.65643	942.68359
810.6604	943.104
810.66443	949.104
810.66846	944.57959
810.67249	950.18359
810.67651	944.57959
810.68054	944.57959
810.68457	950.57959
810.68854	946.104
810.69257	957.5
810.69659	948.57959
810.70062	967.18359
810.70465	958.68359
810.70868	944.68359
810.71265	954.57959
810.71667	961.68359
810.7207	955.68359
810.72473	972.07959
810.72876	961.104
810.73279	973.68359
810.73682	959.07959
810.74078	965.57959
810.74481	976.18359
810.74884	973.104
810.75287	995.18359
810.7569	974.68359
810.76093	980.104
810.76489	986.07959
810.76892	990.68359
810.77295	991
810.77698	998.68359
810.78101	1001.5
810.78497	1004.0796
810.789	1014.5796
810.79303	1023.104
810.79706	1009.6836
810.80109	1021.0796
810.80511	1023.5
810.80908	1028.5796
810.81311	1025.104
810.81714	1047.104
810.82117	1057.5
810.8252	1034.104
810.82916	1029.104
810.83319	1046.5796
810.83722	1062.104
810.84125	1064.0796
810.84528	1077.104
810.84924	1083.6836
810.85327	1078.6836
810.8573	1078.104
810.86133	1080.104
810.86536	1092.5
810.86932	1117.104
810.87335	1119.6836
810.87738	1142.0796
810.88141	1128.6836
810.88538	1145.0796
810.8894	1151.104
810.89343	1184.5
810.89746	1214.0796
810.90149	1201.104
810.90546	1221.104
810.90948	1260.6836
810.91351	1264.104
810.91754	1291
810.92151	1325
810.92554	1320.5796
810.92957	1389.104
810.93359	1395.1836
810.93762	1423.104
810.94159	1476.104
810.94562	1529
810.94965	1574.104
810.95367	1543.104
810.95764	1673
810.96167	1727
810.9657	1705.104
810.96973	1844.104
810.97369	1863.104
810.97772	1974.104
810.98175	2012.5796
810.98578	2025.104
810.98975	2122.5796
810.99377	2182.104
810.9978	2277.104
811.00183	2298
811.0058	2312.5796
811.00983	2389.1836
811.01385	2329.1836
811.01788	2386.104
811.02185	2374.5
811.02588	2350.104
811.02991	2321.104
811.03387	2266.5796
811.0379	2171.104
811.04193	2178.5796
811.04596	2097
811.04993	2051.0796
811.05396	1986.104
811.05798	1925.104
811.06201	1885.5796
811.06598	1775.5
811.07001	1729.6836
811.07404	1663.104
811.078	1636
811.08203	1575.104
811.08606	1534.6836
811.09009	1495.0796
811.09406	1447.6836
811.09808	1396.104
811.10211	1386.0796
811.10608	1345.104
811.11011	1327.6836
811.11414	1292.1836
811.1181	1265.1836
811.12213	1238.5796
811.12616	1220.5
811.13019	1217.1836
811.13416	1181.104
811.13818	1182.6836
811.14221	1163
811.14618	1139.5796
811.15021	1133.0796
811.15424	1115.104
811.1582	1116.104
811.16223	1103.104
811.16626	1104.104
811.17023	1077.6836
811.17426	1082.5
811.17828	1086.0796
811.18231	1065
811.18628	1044.0796
811.19031	1059.0796
811.19434	1063.0796
811.1983	1052.6836
811.20233	1032.104
811.20636	1040.5796
811.21033	1046.5
811.21436	1039.5796
811.21838	1039.6836
811.22235	1038.104
811.22638	1027.104
811.23041	1013.104
811.23438	1024.104
811.2384	1026.6836
811.24243	1010.6836
811.2464	1017.104
811.25043	1007.5796
811.25439	1015.5796
811.25842	1012.5796
811.26245	1020.0796
811.26642	1012.6836
811.27045	1015.0796
811.27448	1006.1836
811.27844	999.5
811.28247	1012.5
811.2865	1007.6836
811.29047	1000.0796
811.29449	994.68359
811.29852	1006.104
811.30249	1001.0796
811.30652	1001.0796
811.31049	980.104
811.31451	994.68359
811.31854	982.68359
811.32251	991.104
811.32654	993.57959
811.33057	980.07959
811.33453	982.18359
811.33856	986.18359
811.34259	975.68359
811.34656	974.68359
811.35059	980.5
811.35455	970.07959
811.35858	969.07959
811.36261	968.104
811.36658	967.18359
811.37061	963.57959
811.37457	958.104
811.3786	956.104
811.38263	955.104
811.3866	947.104
811.39063	952.104
811.39459	946.57959
811.39862	956.07959
811.40265	939
811.40662	936.18359
811.41064	937.104
811.41461	942.18359
811.41864	932.18359
811.42267	935.57959
811.42664	945.18359
811.43066	932.57959
811.43463	933.57959
811.43866	924.104
811.44269	935.104
811.44666	931.57959
811.45068	928.18359
811.45465	928.68359
811.45868	933.18359
811.46271	916.68359
811.46667	924.104
811.4707	920.57959
811.47467	930.07959
811.4787	917.104
811.48267	924
811.48669	913.57959
811.49072	916.104
811.49469	912.07959
811.49872	911.104
811.50269	918.57959
811.50671	911.57959
811.51068	906.104
811.51471	915.18359
811.51868	914.07959
811.52271	910
811.52673	904
811.5307	907.5
811.53473	903.104
811.5387	907.68359
811.54272	897.104
811.54669	902.18359
811.55072	899.57959
811.55469	906.57959
811.55872	901.07959
811.56274	910.07959
811.56671	900.18359
811.57074	904.07959
811.57471	899.18359
811.57874	900.68359
811.5827	901.104
811.58673	893.18359
811.5907	895.104
811.59473	902.18359
811.59869	898.104
811.60272	900.18359
811.60669	897.57959
811.61072	899.57959
811.61469	895.07959
811.61871	891.104
811.62274	888.104
811.62671	896.104
811.63074	893.5
811.6347	896.18359
811.63873	891.68359
811.6427	887.104
811.64673	891.18359
811.6507	893.18359
811.65472	894.104
811.65869	894.18359
811.66272	894.18359
811.66669	884.104
811.67072	895.104
811.67468	880.104
811.67871	888.68359
811.68268	893.18359
811.68671	892.104
811.69067	894.68359
811.6947	891.104
811.69867	891.104
811.7027	888.57959
811.70667	885.68359
811.71069	896.57959
811.71466	890.104
811.71869	885.68359
811.72266	893.68359
811.72668	894.57959
811.73065	897.57959
811.73468	895.104
811.73865	893.68359
811.74268	899.68359
811.74664	902.68359
811.75061	906.18359
811.75464	902.68359
811.75861	909.104
811.76263	907.57959
811.7666	896.07959
811.77063	896.57959
811.7746	896.18359
811.77863	893.68359
811.78259	887.07959
811.78662	884.68359
811.79059	886.104
811.79462	888.68359
811.79858	883.57959
811.80261	882.104
811.80658	890.18359
811.81055	891.68359
811.81458	883.68359
811.81854	882.57959
811.82257	884.18359
811.82654	880.07959
811.83057	884.07959
811.83453	885.57959
811.83856	883
811.84253	879.07959
811.8465	874.68359
811.85052	872.68359
811.85449	871.68359
811.85852	871.104
811.86249	869.104
811.86652	864.104
811.87048	870.68359
811.87451	874.104
811.87848	870.18359
811.88245	870.104
811.88647	867.104
811.89044	871.68359
811.89447	869.18359
811.89844	869.68359
811.90247	872.18359
811.90643	870.68359
811.9104	868.68359
811.91443	866.18359
811.9184	867.68359
811.92242	872.18359
811.92639	869.07959
811.93036	871.07959
811.93439	873.68359
811.93835	872.68359
811.94238	870.18359
811.94635	870.18359
811.95032	872.68359
811.95435	873.18359
811.95831	874.18359
811.96234	874.68359
811.96631	867.104
811.97028	870.68359
811.9743	869.104
811.97827	868.104
811.9823	871.68359
811.98627	874.18359
811.99023	874.104
811.99426	871.18359
811.99823	870.18359
812.00226	869.104
812.00623	870.57959
812.01019	871.18359
812.01422	874.104
812.01819	870.18359
812.02222	874.18359
812.02618	870.18359
812.03015	869.104
812.03418	871.18359
812.03815	870.68359
812.04211	872.18359
812.04614	871.68359
812.05011	872.68359
812.05414	869.18359
812.05811	871.68359
