807.93152	851.90039
807.93561	862.90039
807.93964	862.90039
807.94373	869.90039
807.94781	875.90039
807.9519	865.90039
807.95599	869.90039
807.96002	869.90039
807.96411	872.90039
807.9682	875.6875
807.97229	874
807.97638	872.90039
807.98041	871.90039
807.9845	869.90039
807.98859	875.90039
807.99268	869.90039
807.99677	873.90039
808.00079	870.90039
808.00488	874.90039
808.00897	878.5
808.01306	872.90039
808.01709	870.90039
808.02118	875.90039
808.02527	867.90039
808.02936	874.90039
808.03345	877.1875
808.03748	866.90039
808.04156	869.90039
808.04565	868.90039
808.04974	874.90039
808.05377	869.90039
808.05786	873.90039
808.06195	868.90039
808.06604	876.90039
808.07007	872.90039
808.07416	868.90039
808.07825	874
808.08234	875.90039
808.08636	877.90039
808.09045	870.90039
808.09454	871.90039
808.09863	869.90039
808.10266	864.90039
808.10675	871.90039
808.11084	870.90039
808.11493	874.90039
808.11896	878.6875
808.12305	869.90039
808.12714	870.90039
808.13123	875.90039
808.13525	868.90039
808.13934	875.5
808.14343	869.90039
808.14752	867.90039
808.15155	869.90039
808.15564	867.90039
808.15973	873.90039
808.16382	877.90039
808.16785	889.90039
808.17194	926.90039
808.17603	952.90039
808.18005	1000.9004
808.18414	1001.9004
808.18823	1004.9004
808.19232	1012.9004
808.19635	1005.6875
808.20044	996.90039
808.20453	994.90039
808.20856	993.1875
808.21265	1004.7871
808.21674	987.90039
808.22083	985.90039
808.22485	983.90039
808.22894	981.5
808.23303	974.90039
808.23706	978.1875
808.24115	976.90039
808.24524	960.90039
808.24933	972.6875
808.25336	957.28711
808.25745	971.28711
808.26154	960.5
808.26556	962.5
808.26965	954.90039
808.27374	945.90039
808.27777	955.90039
808.28186	960.6875
808.28595	952.28711
808.28998	949.28711
808.29407	955.1875
808.29816	950.78711
808.30219	956.90039
808.30627	945.90039
808.31036	949.90039
808.31445	926.90039
808.31848	943.78711
808.32257	940.90039
808.32666	950.28711
808.33069	943.90039
808.33478	922.90039
808.33887	943.90039
808.3429	941.78711
808.34698	946.5
808.35107	930.90039
808.3551	939
808.35919	941.5
808.36328	949
808.36731	935.90039
808.3714	937.90039
808.37549	949.90039
808.37952	941
808.38361	943.5
808.38763	946
808.39172	935.5
808.39581	943
808.39984	941.1875
808.40393	939.5
808.40802	952.90039
808.41205	939.90039
808.41614	962.1875
808.42023	944.90039
808.42426	949
808.42834	951.28711
808.43243	947.5
808.43646	940.90039
808.44055	941.90039
808.44458	947.90039
808.44867	959.90039
808.45276	962.1875
808.45679	963.78711
808.46088	958.90039
808.46497	960.5
808.46899	963.90039
808.47308	973
808.47711	959.90039
808.4812	964.90039
808.48529	972.28711
808.48932	977.90039
808.49341	981.5
808.4975	982.90039
808.50153	979.90039
808.50562	998
808.50964	995.5
808.51373	987.90039
808.51782	1004.2871
808.52185	1004.9004
808.52594	1003.9004
808.52997	1027.2871
808.53406	1031.9004
808.53815	1047.5
808.54218	1036.6875
808.54626	1045.9004
808.55029	1053.9004
808.55438	1052.6875
808.55847	1093.5
808.5625	1089
808.56659	1110
808.57062	1107.9004
808.57471	1130.9004
808.5788	1158.9004
808.58282	1178.6875
808.58691	1191.9004
808.59094	1227.9004
808.59503	1278.7871
808.59906	1334.6875
808.60315	1372.9004
808.60724	1491.9004
808.61127	1571.9004
808.61536	1684.9004
808.61938	1821.7871
808.62347	2010.2871
808.6275	2215.7871
808.63159	2370.9004
808.63568	2657.2871
808.63971	2895.2871
808.6438	3232.1875
808.64783	3669.7871
808.65192	4099.7871
808.65594	4611.7871
808.66003	5041.2871
808.66412	5373.2871
808.66815	5444.2871
808.67224	5284.7871
808.67627	4847.7871
808.68036	4401.2871
808.68439	3851.5
808.68848	3379.2871
808.6925	2989.2871
808.69659	2711.5
808.70068	2459.2871
808.70471	2364.9004
808.7088	2215.2871
808.71283	2111
808.71692	2056
808.72095	2051.5
808.72504	1937.2871
808.72906	1877.5
808.73315	1804.2871
808.73718	1721.2871
808.74127	1658.7871
808.7453	1536.9004
808.74939	1490
808.75342	1394.5
808.75751	1329.9004
808.7616	1284
808.76563	1221.9004
808.76971	1176.2871
808.77374	1128.9004
808.77783	1131.7871
808.78186	1099.9004
808.78595	1088.2871
808.78998	1063.6875
808.79407	1063
808.7981	1035.2871
808.80219	1029.7871
808.80621	1022
808.8103	1018.9004
808.81433	1009.9004
808.81842	993.90039
808.82245	996.78711
808.82654	985.90039
808.83057	976.28711
808.83466	974.90039
808.83868	966.90039
808.84277	957.90039
808.8468	958.90039
808.85089	972.90039
808.85492	964.90039
808.85901	956.6875
808.86304	951.90039
808.86713	948.90039
808.87115	952.28711
808.87524	941
808.87927	958.28711
808.88336	946.5
808.88739	946.78711
808.89148	926.90039
808.89551	944.6875
808.8996	947.78711
808.90363	934.6875
808.90765	936
808.91174	925.90039
808.91577	920.90039
808.91986	939.78711
808.92389	938.28711
808.92798	925.90039
808.93201	935.78711
808.9361	929.90039
808.94012	937.5
808.94421	933
808.94824	931.90039
808.95233	936.90039
808.95636	934.1875
808.96039	927.1875
808.96448	934.90039
808.96851	930.90039
808.9726	939.78711
808.97662	938
808.98071	938.5
808.98474	929.90039
808.98883	943.5
808.99286	941.6875
808.99695	936.1875
809.00098	949.90039
809.005	947.28711
809.00909	937.90039
809.01312	953.28711
809.01721	946.90039
809.02124	938.28711
809.02533	953.28711
809.02936	951.90039
809.03339	937.90039
809.03748	946.90039
809.0415	957.6875
809.04559	959.78711
809.04962	941.90039
809.05371	958.1875
809.05774	946.90039
809.06177	948.90039
809.06586	949.90039
809.06989	954.5
809.07397	960.90039
809.078	965.78711
809.08203	951.90039
809.08612	951.6875
809.09015	949.90039
809.09424	952.5
809.09827	950.78711
809.10236	941.90039
809.10638	946.90039
809.11041	951.28711
809.1145	947.5
809.11853	932.90039
809.12262	929.78711
809.12665	930.90039
809.13068	941.6875
809.13477	929.90039
809.13879	931.90039
809.14288	935.90039
809.14691	925.90039
809.15094	935
809.15503	934.1875
809.15906	929.78711
809.16309	928.90039
809.16718	916.90039
809.1712	924.90039
809.17529	909.90039
809.17932	922.5
809.18335	917.78711
809.18744	918.78711
809.19147	920.90039
809.1955	909.90039
809.19958	906.90039
809.20361	921.90039
809.2077	914.90039
809.21173	915
809.21576	918.1875
809.21985	913.6875
809.22388	903.90039
809.22791	909.90039
809.23199	906.90039
809.23602	915.6875
809.24011	899.90039
809.24414	912.90039
809.24817	916.28711
809.25226	907.90039
809.25629	907.90039
809.26031	905.28711
809.2644	898.90039
809.26843	900.90039
809.27246	910.28711
809.27655	892.90039
809.28058	893.90039
809.28461	892.90039
809.2887	910.1875
809.29272	905.90039
809.29675	906.90039
809.30084	910.6875
809.30487	901.90039
809.3089	898.90039
809.31299	908.6875
809.31702	893.90039
809.32104	903
809.32513	905.6875
809.32916	903.90039
809.33319	906.6875
809.33728	905.90039
809.34131	902.6875
809.34534	907
809.34943	902.90039
809.35345	905.6875
809.35748	899.78711
809.36157	901.1875
809.3656	900
809.36963	893.90039
809.37372	898.6875
809.37775	903
809.38177	905.90039
809.3858	909
809.38989	914.28711
809.39392	896.90039
809.39795	915.90039
809.40204	892.90039
809.40607	905.90039
809.4101	904.6875
809.41418	907
809.41821	900.90039
809.42224	910.78711
809.42627	901.90039
809.43036	906.90039
809.43439	909.6875
809.43842	905.5
809.4425	902.90039
809.44653	901
809.45056	913.90039
809.45465	900.90039
809.45868	903.90039
809.46271	907
809.46674	907
809.47083	916.90039
809.47485	907.6875
809.47888	908.6875
809.48291	901.90039
809.487	913
809.49103	913
809.49506	912.90039
809.49915	923.6875
809.50317	916
809.5072	902.90039
809.51123	916.6875
809.51532	915.90039
809.51935	917.6875
809.52338	914.5
809.5274	917
809.53149	918.78711
809.53552	918.78711
809.53955	928.78711
809.54358	922.6875
809.54767	922.90039
809.5517	923.6875
809.55573	927.28711
809.55975	928.6875
809.56384	937.78711
809.56787	928.90039
809.5719	932.90039
809.57593	928.90039
809.58002	940.78711
809.58405	939.78711
809.58807	935
809.5921	941.5
809.59619	931.90039
809.60022	955
809.60425	948.90039
809.60828	955.90039
809.61237	960.6875
809.61639	972.90039
809.62042	963.78711
809.62445	978
809.62848	970.90039
809.63257	985
809.6366	1000.6875
809.64063	1007.6875
809.64465	1003.9004
809.64874	1015.2871
809.65277	1017.9004
809.6568	1027.5
809.66083	1050.9004
809.66486	1065.6875
809.66895	1085.7871
809.67297	1085.9004
809.677	1116.9004
809.68103	1150.2871
809.68506	1189.7871
809.68915	1230.1875
809.69318	1244.1875
809.6972	1287.2871
809.70123	1316.2871
809.70526	1364
809.70935	1435.2871
809.71338	1469.2871
809.71741	1517.9004
809.72144	1587.9004
809.72546	1673.6875
809.72955	1807.1875
809.73358	1889.9004
809.73761	2060.9004
809.74164	2261.1875
809.74567	2583.6875
809.74969	2933.7871
809.75378	3288.6875
809.75781	3722.9004
809.76184	4195.6875
809.76587	4667.2871
809.7699	5048.7871
809.77399	5430.2871
809.77802	5604.2871
809.78204	5488.2871
809.78607	5219.2871
809.7901	4699.2871
809.79413	4031.7871
809.79822	3448.5
809.80225	2990.2871
809.80627	2584.5
809.8103	2237
809.81433	1967.9004
809.81836	1807.7871
809.82245	1669.7871
809.82648	1555.7871
809.83051	1463.2871
809.83453	1386.9004
809.83856	1342.1875
809.84259	1283.9004
809.84662	1233.9004
809.85071	1216.2871
809.85474	1175.7871
809.85876	1149.5
809.86279	1096.9004
809.86682	1096.6875
809.87085	1086.2871
809.87488	1069.5
809.87897	1061.2871
809.883	1034.9004
809.88702	1028.9004
809.89105	1029.1875
809.89508	1019.7871
809.89911	1020
809.90314	993.5
809.90717	991.90039
809.91125	982.90039
809.91528	986.6875
809.91931	969.90039
809.92334	957.90039
809.92737	961.90039
809.9314	959.78711
809.93542	951.90039
809.93945	947.6875
809.94354	950.78711
809.94757	949.90039
809.9516	951.90039
809.95563	943.78711
809.95966	938.90039
809.96368	943
809.96771	945.78711
809.97174	931.90039
809.97577	938.78711
809.97986	929.90039
809.98389	929.90039
809.98792	932.90039
809.99194	916.90039
809.99597	912.90039
810	924.90039
810.00403	923.28711
810.00806	927.90039
810.01208	918.90039
810.01611	924.90039
810.02014	931.1875
810.02423	918
810.02826	923.1875
810.03229	918.78711
810.03632	921.90039
810.04034	925.28711
810.04437	923.6875
810.0484	917.90039
810.05243	926.78711
810.05646	922.90039
810.06049	929.78711
810.06451	938.78711
810.06854	927.6875
810.07257	921.6875
810.07666	930.90039
810.08069	929.90039
810.08472	928.5
810.08875	934.90039
810.09277	907.90039
810.0968	929.1875
810.10083	937.78711
810.10486	940.28711
810.10889	930.90039
810.11292	930.28711
810.11694	940.28711
810.12097	937.6875
810.125	936.5
810.12903	933.1875
810.13306	925.5
810.13708	928.90039
810.14111	932.90039
810.14514	917.90039
810.14923	927.6875
810.15326	930.90039
810.15729	927.78711
810.16132	922.90039
810.16534	917.6875
810.16937	927.90039
810.1734	919.90039
810.17743	929.28711
810.18146	912.5
810.18549	913.90039
810.18951	907.90039
810.19354	909.1875
810.19757	909.6875
810.2016	913.90039
810.20563	907.90039
810.20966	907.78711
810.21368	909.5
810.21771	911.90039
810.22174	905.1875
810.22577	910.1875
810.2298	910.28711
810.23383	904.5
810.23785	895.90039
810.24188	895.90039
810.24591	907
810.24994	902.1875
810.25397	896.6875
810.258	895.90039
810.26202	904.1875
810.26605	904.90039
810.27008	894.90039
810.27411	899.90039
810.27814	897.1875
810.28217	897.1875
810.28619	902.6875
810.29022	893.90039
810.29425	886.90039
810.29828	899.90039
810.30231	898.1875
810.30634	888.90039
810.31036	896.90039
810.31439	897.28711
810.31842	896
810.32245	900.28711
810.32648	900.1875
810.33051	894.6875
810.33453	899.28711
810.33856	896
810.34259	893.1875
810.34662	890.90039
810.35065	892.90039
810.35468	891
810.3587	893.90039
810.36273	892.6875
810.36676	894.1875
810.37079	895.90039
810.37482	888.90039
810.37885	893.5
810.38287	887.90039
810.3869	893
810.39087	893.90039
810.3949	895.90039
810.39893	893
810.40295	891.90039
810.40698	891.1875
810.41101	891.6875
810.41504	888.90039
810.41907	894.28711
810.4231	894.5
810.42712	889.78711
810.43115	891.1875
810.43518	887.6875
810.43921	892
810.44324	885.90039
810.44727	885.90039
810.45129	893.6875
810.45532	889.78711
810.45935	884.1875
810.46332	892.28711
810.46735	886
810.47137	894.90039
810.4754	896.28711
810.47943	887.90039
810.48346	886.5
810.48749	887.6875
810.49152	887.78711
810.49554	894.90039
810.49957	888.78711
810.5036	893.90039
810.50763	884.90039
810.51166	896.90039
810.51563	890.90039
810.51965	896.6875
810.52368	889.1875
810.52771	893
810.53174	893.90039
810.53577	895.90039
810.53979	897.78711
810.54382	894.90039
810.54785	895.90039
810.55188	894.1875
810.55591	899.6875
810.55988	894.6875
810.5639	900.78711
810.56793	897.78711
810.57196	895.1875
810.57599	885.90039
810.58002	905.5
810.58405	906.1875
810.58807	902.6875
810.5921	899.28711
810.59607	902.90039
810.6001	897.90039
810.60413	900.5
810.60815	897.90039
810.61218	907.1875
810.61621	902.90039
810.62024	900.90039
810.62427	900.90039
810.62823	910.90039
810.63226	903.1875
810.63629	910
810.64032	905.78711
810.64435	907.1875
810.64838	910.28711
810.6524	915
810.65643	913.28711
810.6604	908.90039
810.66443	909.90039
810.66846	914.1875
810.67249	902.90039
810.67651	921.78711
810.68054	912.90039
810.68457	919.90039
810.68854	912.90039
810.69257	916.90039
810.69659	918.5
810.70062	920.90039
810.70465	924.6875
810.70868	933.90039
810.71265	932.6875
810.71667	936
810.7207	933.28711
810.72473	938.90039
810.72876	936.90039
810.73279	953
810.73682	950.78711
810.74078	949.1875
810.74481	956.90039
810.74884	958.90039
810.75287	959.78711
810.7569	966.90039
810.76093	979.78711
810.76489	992.78711
810.76892	995.5
810.77295	1013
810.77698	1029.1875
810.78101	1028.1875
810.78497	1020.9004
810.789	1052.7871
810.79303	1040.9004
810.79706	1092.2871
810.80109	1110.6875
810.80511	1139.9004
810.80908	1162.6875
810.81311	1187.9004
810.81714	1248.5
810.82117	1281.2871
810.8252	1355.9004
810.82916	1394.1875
810.83319	1471.9004
810.83722	1539.9004
810.84125	1661.5
810.84528	1711.9004
810.84924	1837.2871
810.85327	1957.9004
810.8573	2053.9004
810.86133	2192.6875
810.86536	2228.7871
810.86932	2270.9004
810.87335	2275.9004
810.87738	2269.1875
810.88141	2274.2871
810.88538	2203.7871
810.8894	2119
810.89343	1975.5
810.89746	1853
810.90149	1749.1875
810.90546	1647.5
810.90948	1561.9004
810.91351	1479.6875
810.91754	1393.6875
810.92151	1367.2871
810.92554	1310.6875
810.92957	1252.5
810.93359	1207.9004
810.93762	1180.7871
810.94159	1154.2871
810.94562	1130.9004
810.94965	1111.9004
810.95367	1069.9004
810.95764	1085.7871
810.96167	1041.9004
810.9657	1039.1875
810.96973	1018.9004
810.97369	1006.7871
810.97772	991.90039
810.98175	990
810.98578	989.90039
810.98975	984.90039
810.99377	962.90039
810.9978	960.90039
811.00183	958.90039
811.0058	961.90039
811.00983	948.90039
811.01385	934.90039
811.01788	949
811.02185	945.90039
811.02588	948.28711
811.02991	943.6875
811.03387	927.90039
811.0379	935.1875
811.04193	931.90039
811.04596	926.90039
811.04993	922
811.05396	926.28711
811.05798	923.90039
811.06201	919.90039
811.06598	911.1875
811.07001	915
811.07404	930
811.078	914.90039
811.08203	915.6875
811.08606	916.90039
811.09009	913.5
811.09406	900.90039
811.09808	913.28711
811.10211	908.78711
811.10608	915.90039
811.11011	901.6875
811.11414	905.5
811.1181	902.78711
811.12213	904
811.12616	908.78711
811.13019	897.90039
811.13416	895.90039
811.13818	906.1875
811.14221	912.1875
811.14618	907.1875
811.15021	903.28711
811.15424	907.78711
811.1582	908.90039
811.16223	911.1875
811.16626	904.90039
811.17023	902.90039
811.17426	908.5
811.17828	905.5
811.18231	904.28711
811.18628	903.6875
811.19031	911.78711
811.19434	898.90039
811.1983	902.90039
811.20233	894.90039
811.20636	905.90039
811.21033	903.90039
811.21436	901.90039
811.21838	902.5
811.22235	902.78711
811.22638	906.1875
811.23041	896.90039
811.23438	901.90039
811.2384	903.90039
811.24243	905.6875
811.2464	905.78711
811.25043	896.90039
811.25439	898.90039
811.25842	888.90039
811.26245	894.5
811.26642	892.78711
811.27045	901.5
811.27448	897.6875
811.27844	895.90039
811.28247	898
811.2865	892.90039
811.29047	898.78711
811.29449	889.90039
811.29852	889.78711
811.30249	893.90039
811.30652	888.90039
811.31049	884.90039
811.31451	891.90039
811.31854	887.90039
811.32251	886.1875
811.32654	890.1875
811.33057	886.90039
811.33453	887.90039
811.33856	887.90039
811.34259	889.90039
811.34656	884.6875
811.35059	885.90039
811.35455	892.28711
811.35858	886.90039
811.36261	888.90039
811.36658	884.90039
811.37061	880.90039
811.37457	883.6875
811.3786	884.5
811.38263	882.90039
811.3866	881.1875
811.39063	884.78711
811.39459	881.90039
811.39862	882.6875
811.40265	883.5
811.40662	881.90039
811.41064	878.90039
811.41461	884.78711
811.41864	877.90039
811.42267	881.28711
811.42664	884.90039
811.43066	881.1875
811.43463	878.90039
811.43866	883.28711
811.44269	882.90039
811.44666	876.90039
811.45068	881.28711
811.45465	881.6875
811.45868	880.5
811.46271	879.90039
811.46667	886
811.4707	878.5
811.47467	879.90039
811.4787	880.28711
811.48267	880.1875
811.48669	880.6875
811.49072	878.1875
811.49469	879.28711
811.49872	878.90039
811.50269	880.28711
811.50671	871.90039
811.51068	876.1875
811.51471	880.28711
811.51868	874.90039
811.52271	878.90039
811.52673	878.78711
811.5307	878.6875
811.53473	879.28711
811.5387	879.6875
811.54272	880.6875
811.54669	879.28711
811.55072	881.90039
811.55469	878.28711
811.55872	880.6875
811.56274	881
811.56671	876.6875
811.57074	874.90039
811.57471	876.90039
811.57874	876.28711
811.5827	872.90039
811.58673	872.90039
811.5907	877.90039
811.59473	878.28711
811.59869	877.6875
811.60272	882.78711
811.60669	875.90039
811.61072	869.90039
811.61469	874.90039
811.61871	874.78711
811.62274	876.90039
811.62671	882.90039
811.63074	876.90039
811.6347	871.90039
811.63873	869.90039
811.6427	875.90039
811.64673	874.1875
811.6507	876.6875
811.65472	877.28711
811.65869	875.90039
811.66272	878.5
811.66669	873.90039
811.67072	876.78711
811.67468	876.90039
811.67871	875.90039
811.68268	876.6875
811.68671	878.28711
811.69067	876.78711
811.6947	875.1875
811.69867	871.90039
811.7027	877.78711
811.70667	875.90039
811.71069	870.90039
811.71466	877.6875
811.71869	877.90039
811.72266	878.28711
811.72668	876.78711
811.73065	876.6875
811.73468	878.78711
811.73865	870.90039
811.74268	876.90039
811.74664	872.90039
811.75061	870.90039
811.75464	876.90039
811.75861	877.28711
811.76263	882.28711
811.7666	879.78711
811.77063	876
811.7746	877.6875
811.77863	878.90039
811.78259	875.90039
811.78662	876.6875
811.79059	878.78711
811.79462	875.1875
811.79858	875.6875
811.80261	872.90039
811.80658	876.90039
811.81055	875.90039
811.81458	878.90039
811.81854	874.90039
811.82257	873.90039
811.82654	877.1875
811.83057	875.28711
811.83453	875.90039
811.83856	875.28711
811.84253	875.5
811.8465	874
811.85052	873.90039
811.85449	869.90039
811.85852	866.90039
811.86249	869.6875
811.86652	874.28711
811.87048	868.90039
811.87451	875.78711
811.87848	873.6875
811.88245	872.90039
811.88647	866.90039
811.89044	872.78711
811.89447	875.78711
811.89844	876.28711
811.90247	872.90039
811.90643	875.6875
811.9104	875.1875
811.91443	872.28711
811.9184	872.6875
811.92242	870.90039
811.92639	872.5
811.93036	876
811.93439	878
811.93835	870.90039
811.94238	868.6875
811.94635	870.6875
811.95032	872.78711
811.95435	868.6875
811.95831	871.6875
811.96234	872.78711
811.96631	876.5
811.97028	870.78711
811.9743	875.78711
811.97827	871.6875
811.9823	875.1875
811.98627	874.90039
811.99023	875.5
811.99426	876.78711
811.99823	876.28711
812.00226	864.90039
812.00623	871.6875
812.01019	870.6875
812.01422	872.78711
812.01819	869.90039
812.02222	871.78711
812.02618	872.1875
812.03015	872.90039
812.03418	871.28711
812.03815	871.1875
812.04211	871.6875
812.04614	870.90039
812.05011	873.6875
812.05414	871.1875
812.05811	873.6875
