806.6142	875.47363
806.61829	877
806.62231	875.47363
806.6264	885
806.63049	881
806.63458	877.47363
806.63867	875
806.64276	877.47363
806.64685	879
806.65094	877.47363
806.65503	880
806.65906	880
806.66315	874
806.66724	876.47363
806.67133	876
806.67542	883
806.6795	884
806.68359	877
806.68768	881.47363
806.69171	880
806.6958	878.47363
806.69989	875
806.70398	878
806.70807	877.47363
806.71216	878
806.71625	876.47363
806.72028	878
806.72437	881
806.72845	878.47363
806.73254	878.47363
806.73663	876
806.74072	878.47363
806.74481	878.47363
806.74884	880
806.75293	877
806.75702	873.47363
806.76111	880.47363
806.7652	877
806.76929	880.47363
806.77332	877.47363
806.7774	880.47363
806.78149	879
806.78558	875
806.78967	878.47363
806.79376	878.47363
806.79779	878
806.80188	877
806.80597	876
806.81006	879.47363
806.81415	874.47363
806.81824	874.47363
806.82227	873.47363
806.82635	878
806.83044	879.47363
806.83453	880
806.83862	881.47363
806.84265	880
806.84674	878.47363
806.85083	879.47363
806.85492	880
806.85901	880
806.8631	875
806.86713	879
806.87122	877
806.87531	875.47363
806.87939	876
806.88348	879.47363
806.88751	876
806.8916	878
806.89569	873.47363
806.89978	882.47363
806.90387	882
806.9079	878.47363
806.91199	878
806.91608	876.47363
806.92017	876
806.92426	879.47363
806.92828	881.47363
806.93237	877.47363
806.93646	879
806.94055	875.47363
806.94458	875
806.94867	876
806.95276	877.47363
806.95685	878
806.96094	873.47363
806.96497	874.47363
806.96906	878.47363
806.97314	877
806.97723	877
806.98126	875
806.98535	876
806.98944	877.47363
806.99353	880
806.99756	873.47363
807.00165	881.47363
807.00574	874.47363
807.00983	882.47363
807.01392	877
807.01794	875
807.02203	877
807.02612	879
807.03021	874.47363
807.03424	877
807.03833	870
807.04242	875
807.04651	878
807.05054	878.47363
807.05463	876.47363
807.05872	876
807.06274	875.47363
807.06683	880.47363
807.07092	880
807.07501	877
807.07904	879.47363
807.08313	875.47363
807.08722	876.47363
807.09131	873.47363
807.09534	875.47363
807.09943	877.47363
807.10352	882
807.1076	878
807.11163	880
807.11572	877
807.11981	882
807.12384	878.47363
807.12793	878.47363
807.13202	873.47363
807.13611	876
807.14014	881.47363
807.14423	880
807.14832	877
807.15234	874.47363
807.15643	876
807.16052	874.47363
807.16461	878
807.16864	879.47363
807.17273	881.47363
807.17682	881.47363
807.18085	881
807.18494	880.47363
807.18903	872.47363
807.19305	873
807.19714	876
807.20123	882
807.20532	878.47363
807.20935	879
807.21344	874.47363
807.21753	876
807.22156	878.47363
807.22565	880.47363
807.22974	878.47363
807.23376	877.47363
807.23785	881
807.24194	881
807.24597	878.47363
807.25006	879
807.25415	882.47363
807.25818	875.47363
807.26227	878
807.26636	878
807.27039	882
807.27448	877.47363
807.27856	883
807.28259	883
807.28668	884
807.29077	896.47363
807.2948	903
807.29889	910.47363
807.30298	928.47363
807.30701	924.47363
807.3111	909
807.31519	895.47363
807.31921	899.47363
807.3233	891.47363
807.32739	885
807.33142	884
807.33551	875.47363
807.3396	876
807.34363	881
807.34772	876
807.35181	876
807.35583	880.47363
807.35992	875
807.36395	876
807.36804	875
807.37213	881.47363
807.37616	877
807.38025	876.47363
807.38434	876.47363
807.38837	876.47363
807.39246	876
807.39648	884.47363
807.40057	877
807.40466	880
807.40869	876.47363
807.41278	875
807.41687	878
807.4209	876
807.42499	876.47363
807.42902	876
807.43311	873.47363
807.43719	878
807.44122	881
807.44531	877
807.44934	882
807.45343	881
807.45752	882
807.46155	881
807.46564	880.47363
807.46967	876
807.47375	877
807.47784	882
807.48187	877
807.48596	882.47363
807.48999	879
807.49408	879.47363
807.49817	878
807.5022	881
807.50629	877
807.51031	877.47363
807.5144	876.47363
807.51849	881.47363
807.52252	879.47363
807.52661	876.47363
807.53064	880
807.53473	875.47363
807.53876	876
807.54285	877.47363
807.54694	880.47363
807.55096	879.47363
807.55505	878.47363
807.55908	873
807.56317	875
807.5672	879
807.57129	879.47363
807.57538	871.47363
807.57941	882.47363
807.5835	877.47363
807.58752	876
807.59161	881
807.59564	877.47363
807.59973	878.47363
807.60382	878.47363
807.60785	871.47363
807.61194	877.47363
807.61597	876.47363
807.62006	878
807.62408	877
807.62817	884.47363
807.6322	885
807.63629	877
807.64032	873
807.64441	883.47363
807.6485	879
807.65253	882
807.65662	875.47363
807.66064	879
807.66473	884
807.66876	875.47363
807.67285	874
807.67688	877
807.68097	879
807.685	877.47363
807.68909	880.47363
807.69312	872.47363
807.6972	881
807.70123	880
807.70532	875
807.70935	877.47363
807.71344	876.47363
807.71747	874
807.72156	879.47363
807.72565	877
807.72968	876.47363
807.73376	875.47363
807.73779	879
807.74188	874.47363
807.74591	876.47363
807.75	877
807.75403	878
807.75812	883
807.76215	879
807.76624	881.47363
807.77026	874
807.77435	876
807.77838	879
807.78247	875.47363
807.7865	874.47363
807.79059	873
807.79462	879
807.79871	881.47363
807.80273	879
807.80676	880.47363
807.81085	876.47363
807.81488	877.47363
807.81897	878
807.823	878.47363
807.82709	879.47363
807.83112	877
807.83521	877.47363
807.83923	880.47363
807.84332	878
807.84735	878.47363
807.85144	881.47363
807.85547	875
807.85956	877.47363
807.86359	874.47363
807.86768	875
807.8717	877.47363
807.87579	877.47363
807.87982	878
807.88385	884.47363
807.88794	880.47363
807.89197	879.47363
807.89606	880
807.90009	875
807.90417	875
807.9082	875.47363
807.91229	878
807.91632	877.47363
807.92035	878.47363
807.92444	874
807.92847	877
807.93256	874
807.93658	880
807.94067	879
807.9447	880
807.94879	877
807.95282	878
807.95685	879
807.96094	881.47363
807.96497	872
807.96906	882.47363
807.97308	877.47363
807.97717	878
807.9812	876
807.98523	877.47363
807.98932	876.47363
807.99335	875
807.99744	878.47363
808.00146	879.47363
808.00549	876
808.00958	878.47363
808.01361	878.47363
808.0177	878.47363
808.02173	876.47363
808.02582	877.47363
808.02985	880
808.03387	878
808.03796	878
808.04199	878.47363
808.04608	875
808.05011	874
808.05414	874
808.05823	878
808.06226	881.47363
808.06635	875
808.07037	874.47363
808.0744	870
808.07849	874
808.08252	876.47363
808.08661	876.47363
808.09064	877.47363
808.09467	882.47363
808.09875	874
808.10278	879
808.10681	879.47363
808.1109	878
808.11493	870
808.11902	876
808.12305	879.47363
808.12708	877
808.13116	878.47363
808.13519	878
808.13922	879.47363
808.14331	878.47363
808.14734	879.47363
808.15143	875
808.15546	873
808.15948	877
808.16357	879.47363
808.1676	873
808.17163	874
808.17572	876
808.17975	878.47363
808.18378	878
808.18787	879.47363
808.19189	876.47363
808.19592	875
808.20001	874.47363
808.20404	877
808.20807	874
808.21216	871.47363
808.21619	879
808.22028	878.47363
808.2243	880.47363
808.22833	880.47363
808.23242	879.47363
808.23645	876.47363
808.24048	881
808.24457	878
808.2486	879
808.25262	877
808.25671	879
808.26074	880.47363
808.26477	876.47363
808.26886	877.47363
808.27289	877
808.27692	873
808.28094	878
808.28503	875.47363
808.28906	876.47363
808.29309	878.47363
808.29718	878
808.30121	882
808.30524	878.47363
808.30933	878.47363
808.31335	878
808.31738	878.47363
808.32147	876
808.3255	880.47363
808.32953	877.47363
808.33362	879.47363
808.33765	872.47363
808.34167	879.47363
808.3457	879
808.34979	878
808.35382	878.47363
808.35785	877.47363
808.36194	883
808.36597	878
808.37	877
808.37402	876
808.37811	879.47363
808.38214	875
808.38617	872
808.39026	879.47363
808.39429	876.47363
808.39832	879.47363
808.40234	880
808.40643	879
808.41046	876
808.41449	875
808.41858	876.47363
808.42261	880
808.42664	877
808.43066	872
808.43475	880
808.43878	877
808.44281	872
808.44684	876
808.45093	875.47363
808.45496	882
808.45898	881
808.46301	881
808.4671	874
808.47113	874
808.47516	874
808.47919	877
808.48328	872
808.4873	882.47363
808.49133	878.47363
808.49536	880.47363
808.49945	876.47363
808.50348	875
808.50751	875.47363
808.51154	878.47363
808.51563	876
808.51965	876.47363
808.52368	879.47363
808.52771	876.47363
808.5318	878.47363
808.53583	874.47363
808.53986	880
808.54388	876.47363
808.54791	880.47363
808.552	879
808.55603	877.47363
808.56006	882.47363
808.56409	880
808.56818	874
808.5722	881
808.57623	877
808.58026	878
808.58429	883.47363
808.58838	878
808.59241	876
808.59644	878.47363
808.60046	877
808.60455	885
808.60858	875
808.61261	879
808.61664	880
808.62067	881.47363
808.62476	877
808.62878	879.47363
808.63281	876
808.63684	879
808.64087	880
808.64496	886
808.64899	876.47363
808.65302	881
808.65704	882
808.66107	880
808.6651	881.47363
808.66919	889.47363
808.67322	891
808.67725	896
808.68127	886.47363
808.6853	901.47363
808.68939	900
808.69342	916
808.69745	954
808.70148	1103
808.70551	1517
808.70953	2407
808.71362	3149
808.71765	2988.4736
808.72168	2430.4736
808.72571	1737.4736
808.72974	1259.4736
808.73376	1036.4736
808.73785	934.47363
808.74188	914.47363
808.74591	902
808.74994	894.47363
808.75397	894
808.758	895
808.76202	888.47363
808.76611	886
808.77014	887
808.77417	883.47363
808.7782	880.47363
808.78223	889.47363
808.78625	879
808.79034	879.47363
808.79437	877.47363
808.7984	886
808.80243	879
808.80646	881
808.81049	875.47363
808.81451	878
808.81854	880.47363
808.82263	876
808.82666	882.47363
808.83069	883
808.83472	880
808.83875	880.47363
808.84277	878
808.8468	884
808.85083	878
808.85492	885
808.85895	875.47363
808.86298	878.47363
808.867	879
808.87103	877
808.87506	880
808.87909	878
808.88312	879
808.88721	885
808.89124	879.47363
808.89526	879.47363
808.89929	877
808.90332	883.47363
808.90735	879
808.91138	880.47363
808.91541	879
808.91943	878.47363
808.92346	879
808.92755	883.47363
808.93158	876
808.93561	882.47363
808.93964	880
808.94366	880.47363
808.94769	878.47363
808.95172	879.47363
808.95575	882
808.95978	884.47363
808.96381	880
808.96783	883.47363
808.97186	886
808.97595	878
808.97998	876.47363
808.98401	874
808.98804	875
808.99207	876.47363
808.99609	876
809.00012	877
809.00415	877
809.00818	874.47363
809.01221	877.47363
809.01624	877
809.02026	880
809.02429	878.47363
809.02832	879.47363
809.03235	879
809.03644	879.47363
809.04047	874
809.04449	880
809.04852	880.47363
809.05255	874.47363
809.05658	878.47363
809.06061	875.47363
809.06464	880
809.06866	877
809.07269	874.47363
809.07672	882
809.08075	877.47363
809.08478	879
809.08881	880.47363
809.09283	880.47363
809.09686	878
809.10089	879
809.10492	883.47363
809.10895	878.47363
809.11298	878
809.117	878
809.12103	876.47363
809.12506	879.47363
809.12909	875.47363
809.13312	880.47363
809.13715	879.47363
809.14124	874.47363
809.14526	876.47363
809.14929	873.47363
809.15332	874.47363
809.15735	876
809.16138	873.47363
809.16541	879
809.16943	875
809.17346	877.47363
809.17749	873.47363
809.18152	878.47363
809.18555	877
809.18958	881.47363
809.1936	873
809.19763	872.47363
809.20166	874.47363
809.20569	880
809.20972	878
809.21375	882
809.21777	876.47363
809.2218	879.47363
809.22583	877
809.22986	875
809.23389	877.47363
809.23792	881
809.24194	877.47363
809.24597	878
809.25	881
809.25397	877.47363
809.258	878.47363
809.26202	877.47363
809.26605	874.47363
809.27008	876
809.27411	880.47363
809.27814	877.47363
809.28217	879
809.28619	876.47363
809.29022	878.47363
809.29425	881
809.29828	876
809.30231	875
809.30634	879
809.31036	879
809.31439	876.47363
809.31842	876
809.32245	877.47363
809.32648	880.47363
809.33051	875
809.33453	876
809.33856	877
809.34259	876.47363
809.34662	879.47363
809.35065	875.47363
809.35468	872.47363
809.35864	878.47363
809.36267	881.47363
809.3667	875.47363
809.37073	879
809.37476	881.47363
809.37878	879.47363
809.38281	880.47363
809.38684	881
809.39087	879
809.3949	878.47363
809.39893	880
809.40295	874.47363
809.40698	877.47363
809.41101	877.47363
809.41504	873
809.41901	875
809.42303	881
809.42706	879.47363
809.43109	879.47363
809.43512	879
809.43915	877.47363
809.44318	875
809.4472	878
809.45123	878.47363
809.45526	880.47363
809.45929	880
809.46326	879
809.46729	877.47363
809.47131	881
809.47534	874
809.47937	880
809.4834	880.47363
809.48743	877
809.49146	884.47363
809.49548	879.47363
809.49951	877
809.50348	875
809.50751	879
809.51154	882
809.51556	880.47363
809.51959	881
809.52362	874.47363
809.52765	877.47363
809.53168	880
809.53571	881
809.53967	874
809.5437	877
809.54773	875.47363
809.55176	882.47363
809.55579	875.47363
809.55981	882.47363
809.56384	877
809.56787	877.47363
809.57184	876.47363
809.57587	879.47363
809.5799	876.47363
809.58392	876
809.58795	878.47363
809.59198	874.47363
809.59601	878
809.59998	882
809.604	877.47363
809.60803	873
809.61206	879
809.61609	880
809.62012	877.47363
809.62415	868.47363
809.62811	876
809.63214	874.47363
809.63617	876.47363
809.6402	879
809.64423	875
809.64825	872.47363
809.65222	876.47363
809.65625	873
809.66028	875
809.66431	877
809.66833	878.47363
809.67236	873
809.67633	877.47363
809.68036	879.47363
809.68439	878.47363
809.68842	878
809.69244	882.47363
809.69647	878.47363
809.70044	879
809.70447	880
809.7085	875
809.71252	877
809.71655	878
809.72058	881.47363
809.72455	879
809.72858	876.47363
809.7326	878
809.73663	877
809.74066	875
809.74463	876.47363
809.74866	880.47363
809.75269	874
809.75671	878
809.76074	880.47363
809.76471	879.47363
809.76874	875
809.77277	878.47363
809.77679	874
809.78082	874
809.78479	878
809.78882	875
809.79285	874.47363
809.79688	875.47363
809.8009	876.47363
809.80487	877
809.8089	873
809.81293	873.47363
809.81696	879.47363
809.82092	880
809.82495	877.47363
809.82898	877.47363
809.83301	871.47363
809.83704	874
809.841	878
809.84503	873.47363
809.84906	873.47363
809.85309	878.47363
809.85706	875.47363
809.86108	878
809.86511	877
809.86914	881.47363
809.87311	877
809.87714	876
809.88116	875
809.88519	877.47363
809.88916	874.47363
809.89319	876.47363
809.89722	877.47363
809.90125	878
809.90521	876.47363
809.90924	876.47363
809.91327	881.47363
809.9173	879.47363
809.92126	880.47363
809.92529	880.47363
809.92932	879.47363
809.93335	876
809.93732	877
809.94135	879
809.94537	876.47363
809.9494	878.47363
809.95337	876.47363
809.9574	876.47363
809.96143	876.47363
809.96545	874
809.96942	878
809.97345	876.47363
809.97748	882.47363
809.98145	879.47363
809.98547	874.47363
809.9895	876.47363
809.99353	880.47363
809.9975	876.47363
810.00153	878.47363
810.00555	879
810.00952	878
810.01355	877.47363
810.01758	880.47363
810.02161	873.47363
810.02557	879
810.0296	879
810.03363	874
810.0376	880.47363
810.04163	875.47363
810.04565	877.47363
810.04968	879.47363
810.05365	874
810.05768	878
810.06171	877
810.06567	883.47363
810.0697	879
810.07373	876.47363
810.0777	874
810.08173	879.47363
810.08575	879
810.08972	875
810.09375	879.47363
810.09778	876.47363
810.10175	877
810.10577	874
810.1098	877.47363
810.11383	882
810.1178	881.47363
810.12183	876.47363
810.12585	874.47363
810.12982	878.47363
810.13385	881
810.13788	877
810.14185	874.47363
810.14587	876
810.1499	876
810.15387	873
810.1579	881.47363
810.16193	876.47363
810.16589	877.47363
810.16992	878.47363
810.17389	870.47363
810.17792	877.47363
810.18195	882.47363
810.18591	882.47363
810.18994	879
810.19397	879.47363
810.19794	878
810.20197	875
810.20599	877
810.20996	881.47363
810.21399	882
810.21802	882
810.22198	877
810.22601	879.47363
810.23004	877.47363
810.23401	876.47363
810.23804	878
810.242	882.47363
810.24603	878.47363
810.25006	875.47363
810.25403	878
810.25806	878
810.26208	878
810.26605	877.47363
