19.600000 	 810.735983 	 0.023030 	 0.873549 	 0.076154 	 0.000062 	 0.000002 
19.350000 	 810.799516 	 0.015809 	 0.534723 	 0.049169 	 0.000076 	 0.000001 
19.250000 	 810.797905 	 0.022892 	 1.585621 	 0.071639 	 0.000089 	 0.000002 
19.150000 	 810.826055 	 0.014535 	 0.761702 	 0.044725 	 0.000127 	 0.000001 
19.050000 	 810.850009 	 0.013288 	 0.836671 	 0.041143 	 0.000149 	 0.000001 
18.950000 	 810.874857 	 0.012699 	 0.905502 	 0.039508 	 0.000185 	 0.000001 
18.850000 	 810.906368 	 0.010407 	 0.915366 	 0.032326 	 0.000233 	 0.000001 
18.750000 	 810.958166 	 0.008490 	 0.667808 	 0.025739 	 0.000292 	 0.000001 
18.650000 	 810.978938 	 0.009640 	 0.878074 	 0.029687 	 0.000406 	 0.000001 
18.550000 	 810.991853 	 0.009197 	 1.031912 	 0.028639 	 0.000491 	 0.000001 
18.450000 	 811.039749 	 0.007469 	 0.895526 	 0.022911 	 0.000668 	 0.000001 
18.350000 	 811.080318 	 0.007067 	 0.919160 	 0.021682 	 0.000817 	 0.000001 
18.250000 	 811.123251 	 0.005531 	 0.773950 	 0.016750 	 0.001047 	 0.000001 
18.150000 	 811.152405 	 0.004866 	 0.841777 	 0.014829 	 0.001358 	 0.000000 
18.050000 	 811.197251 	 0.004298 	 0.771818 	 0.013013 	 0.001701 	 0.000000 
17.950000 	 811.263032 	 0.003594 	 0.750040 	 0.010881 	 0.002341 	 0.000000 
17.850000 	 811.292058 	 0.003403 	 0.767249 	 0.010357 	 0.003174 	 0.000000 
17.750000 	 811.340739 	 0.002949 	 0.720830 	 0.008969 	 0.004225 	 0.000000 
17.650000 	 811.414714 	 0.002665 	 0.730595 	 0.008163 	 0.006126 	 0.000000 
17.550000 	 811.472081 	 0.002573 	 0.841182 	 0.008041 	 0.007829 	 0.000000 
17.450000 	 811.512412 	 0.002337 	 0.747356 	 0.007268 	 0.010112 	 0.000000 
17.350000 	 811.606766 	 0.002004 	 0.724178 	 0.006244 	 0.012664 	 0.000000 
17.250000 	 811.705679 	 0.001891 	 0.728814 	 0.005906 	 0.015618 	 0.000000 
17.150000 	 811.788580 	 0.001891 	 0.733672 	 0.005928 	 0.020112 	 0.000000 
17.050000 	 811.866885 	 0.001891 	 0.746051 	 0.005938 	 0.023995 	 0.000000 
16.950000 	 811.965012 	 0.002146 	 0.774289 	 0.006756 	 0.028292 	 0.000000 
16.850000 	 812.105664 	 0.002620 	 0.793090 	 0.008234 	 0.033356 	 0.000000 
16.750000 	 812.212892 	 0.003334 	 0.807224 	 0.010433 	 0.034847 	 0.000000 
16.650000 	 812.327338 	 0.003928 	 0.826148 	 0.012253 	 0.036169 	 0.000000 
16.550000 	 812.457847 	 0.004414 	 0.814331 	 0.013667 	 0.036367 	 0.000000 
16.450000 	 812.553801 	 0.004878 	 0.803117 	 0.015024 	 0.036155 	 0.000000 
16.350000 	 812.730851 	 0.005964 	 0.807136 	 0.018291 	 0.033722 	 0.000001 
16.250000 	 812.853754 	 0.007529 	 0.810256 	 0.023053 	 0.031074 	 0.000001 
16.150000 	 812.944662 	 0.010135 	 0.823660 	 0.031083 	 0.028999 	 0.000001 
16.050000 	 813.031395 	 0.012794 	 0.828396 	 0.039431 	 0.026579 	 0.000001 
15.950000 	 813.116086 	 0.019788 	 0.934744 	 0.073341 	 0.023942 	 0.000002 
15.850000 	 813.187858 	 0.002463 	 0.809038 	 0.007795 	 0.020820 	 0.000000 
15.750000 	 813.251893 	 0.002212 	 0.812045 	 0.007001 	 0.018662 	 0.000000 
15.650000 	 813.312743 	 0.001966 	 0.789432 	 0.006202 	 0.016973 	 0.000000 
15.550000 	 813.355872 	 0.001847 	 0.784774 	 0.005820 	 0.015343 	 0.000000 
15.450000 	 813.412494 	 0.001742 	 0.763650 	 0.005483 	 0.014203 	 0.000000 
15.350000 	 813.456154 	 0.001707 	 0.762763 	 0.005362 	 0.013520 	 0.000000 
15.250000 	 813.488563 	 0.001634 	 0.770243 	 0.005138 	 0.011575 	 0.000000 
14.750000 	 813.667267 	 0.001534 	 0.843166 	 0.004864 	 0.006784 	 0.000000 
14.550000 	 813.740093 	 0.001347 	 0.785715 	 0.004244 	 0.005627 	 0.000000 
14.250000 	 813.791824 	 0.001675 	 0.899975 	 0.005366 	 0.004910 	 0.000000 
14.050000 	 813.845370 	 0.001371 	 0.871005 	 0.004382 	 0.003982 	 0.000000 
13.750000 	 813.920282 	 0.001829 	 0.987658 	 0.005980 	 0.003913 	 0.000000 
13.550000 	 813.951329 	 0.001381 	 0.909591 	 0.004466 	 0.003475 	 0.000000 
13.250000 	 813.980607 	 0.001605 	 0.962323 	 0.005259 	 0.003239 	 0.000000 
13.050000 	 814.008995 	 0.001491 	 0.925104 	 0.004866 	 0.003609 	 0.000000 
12.750000 	 814.045219 	 0.001613 	 0.982342 	 0.005327 	 0.002828 	 0.000000 
12.550000 	 814.098497 	 0.001580 	 1.028014 	 0.005338 	 0.002710 	 0.000000 
12.250000 	 814.115431 	 0.001613 	 1.061737 	 0.005481 	 0.002379 	 0.000000 
12.050000 	 814.149556 	 0.001541 	 0.990283 	 0.005161 	 0.002058 	 0.000000 
11.750000 	 814.170769 	 0.001843 	 1.083810 	 0.006406 	 0.002172 	 0.000000 
11.550000 	 814.202107 	 0.001518 	 0.993646 	 0.005139 	 0.001755 	 0.000000 
11.250000 	 814.207716 	 0.001896 	 1.014225 	 0.006463 	 0.001821 	 0.000000 
11.050000 	 814.230498 	 0.001716 	 0.968891 	 0.005831 	 0.001524 	 0.000000 
10.750000 	 814.245630 	 0.001740 	 0.993459 	 0.005969 	 0.001639 	 0.000000 
10.550000 	 814.298931 	 0.001862 	 1.057036 	 0.006518 	 0.002263 	 0.000000 
10.250000 	 814.272861 	 0.001861 	 0.951887 	 0.006316 	 0.001545 	 0.000000 
10.050000 	 814.296980 	 0.002098 	 0.959886 	 0.007263 	 0.001266 	 0.000000 
9.740000 	 814.347452 	 0.002307 	 1.001679 	 0.008144 	 0.001412 	 0.000000 
8.780000 	 814.507262 	 0.002935 	 0.987017 	 0.009003 	 0.007700 	 0.000000 
8.500000 	 814.469481 	 0.002593 	 0.924962 	 0.008043 	 0.008291 	 0.000000 
8.250000 	 814.479083 	 0.002178 	 1.088496 	 0.006862 	 0.009642 	 0.000000 
8.000000 	 814.475600 	 0.002079 	 1.072429 	 0.006653 	 0.011269 	 0.000000 
7.750000 	 814.450254 	 0.002205 	 1.047589 	 0.006943 	 0.010078 	 0.000000 
7.500000 	 814.396943 	 0.009521 	 1.031460 	 0.007732 	 0.012132 	 0.000000 
7.250000 	 814.397683 	 0.008046 	 1.056901 	 0.008747 	 0.012317 	 0.000000 
7.000000 	 814.362443 	 0.013561 	 1.106141 	 0.007264 	 0.014090 	 0.000000 
6.750000 	 814.365604 	 0.014598 	 1.079103 	 0.007233 	 0.015546 	 0.000000 
6.500000 	 814.322832 	 0.051745 	 1.062300 	 0.032690 	 0.023918 	 0.000000 
6.250000 	 814.385415 	 0.009898 	 1.079412 	 0.005974 	 0.019208 	 0.000000 
6.000000 	 814.392860 	 0.008371 	 1.000755 	 0.010603 	 0.021273 	 0.000000 
5.750000 	 814.373161 	 0.040477 	 0.982461 	 0.057235 	 0.028578 	 0.000001 
5.500000 	 814.382429 	 0.021789 	 0.975445 	 0.027045 	 0.029913 	 0.000000 
5.250000 	 814.426966 	 0.001890 	 0.951832 	 0.005676 	 0.026729 	 0.000000 
5.000000 	 814.435628 	 0.003007 	 0.967622 	 0.006931 	 0.031082 	 0.000000 
4.750000 	 814.416315 	 0.002699 	 0.925518 	 0.006404 	 0.036148 	 0.000000 
4.500000 	 814.443367 	 0.002142 	 0.897702 	 0.005488 	 0.041988 	 0.000000 
4.250000 	 814.460291 	 0.002836 	 0.873500 	 0.006946 	 0.051806 	 0.000000 
4.000000 	 814.425087 	 0.002102 	 0.884985 	 0.005476 	 0.064642 	 0.000000 
3.750000 	 814.424495 	 0.002136 	 0.852431 	 0.005419 	 0.081637 	 0.000000 
3.500000 	 814.410818 	 0.002652 	 0.804697 	 0.006305 	 0.102383 	 0.000000 
3.250000 	 814.395138 	 0.001905 	 0.837614 	 0.005246 	 0.152268 	 0.000000 
3.000000 	 814.345684 	 0.001586 	 0.924116 	 0.004797 	 0.023050 	 0.000000 
2.750000 	 814.323559 	 0.001366 	 0.992235 	 0.004172 	 0.035683 	 0.000000 
2.000000 	 814.386257 	 0.001059 	 1.102026 	 0.003290 	 0.162833 	 0.000000 
1.000000 	 814.505637 	 0.001301 	 1.184568 	 0.005708 	 0.458950 	 0.000000 
0.000000 	 814.748642 	 0.001851 	 0.990347 	 0.011589 	 0.323787 	 0.000000 
