807.42932	867.5
807.43341	872
807.4375	880.5
807.44153	880
807.44562	882
807.44971	881.5
807.4538	880
807.45789	885
807.46198	887.5
807.46606	886
807.47015	882.5
807.47418	878.5
807.47827	886
807.48236	885.5
807.48645	888
807.49054	888.5
807.49463	882.5
807.49872	884
807.50275	883.5
807.50684	886.5
807.51093	885
807.51501	885.5
807.5191	884
807.52319	884
807.52728	885
807.53131	883
807.5354	889
807.53949	879
807.54358	881
807.54767	886.5
807.55176	887.5
807.55579	889
807.55988	878.5
807.56396	886
807.56805	888.5
807.57214	890.5
807.57623	888.5
807.58026	884.5
807.58435	887
807.58844	888.5
807.59253	881.5
807.59662	886.5
807.60065	889
807.60474	883
807.60883	887
807.61292	885.5
807.617	886.5
807.62109	885.5
807.62512	888.5
807.62921	891.5
807.6333	884.5
807.63739	893
807.64148	889
807.64551	896.5
807.6496	905
807.65369	915
807.65778	951.5
807.66187	986.5
807.66589	1127
807.66998	1454.5
807.67407	1986.6719
807.67816	2658.5
807.68225	3311.5
807.68628	3684.5
807.69037	3807.2578
807.69446	3766.5
807.69855	3775
807.70264	3804.5
807.70667	3774.7578
807.71075	3626.2578
807.71484	3643.5
807.71893	3580
807.72296	3593.7578
807.72705	3505.7578
807.73114	3375.5
807.73523	3442
807.73932	3371
807.74335	3265.5
807.74744	3255
807.75153	3279.2578
807.75562	3167.2578
807.75964	3138
807.76373	3119
807.76782	3056
807.77191	3081
807.77594	3015.5
807.78003	2937.5
807.78412	2946
807.78821	2878.2578
807.79224	2858.7578
807.79633	2865.7578
807.80042	2837
807.8045	2782.5
807.80853	2705.5
807.81262	2756.2578
807.81671	2683.2578
807.8208	2675
807.82483	2672.2578
807.82892	2600.5
807.83301	2644.7578
807.8371	2643.7578
807.84113	2558.6719
807.84521	2546.5
807.8493	2521.6719
807.85339	2530
807.85742	2469
807.86151	2482.6719
807.8656	2450.5
807.86969	2470.6719
807.87372	2498.7578
807.87781	2472.5
807.8819	2463.5
807.88593	2380.6719
807.89001	2445.5
807.8941	2432.5
807.89819	2356.7578
807.90222	2370.2578
807.90631	2362.7578
807.9104	2327.5
807.91443	2311.5
807.91852	2323.7578
807.92261	2328
807.9267	2310
807.93073	2267.5
807.93481	2264.5
807.9389	2192.6719
807.94293	2190.5
807.94702	2226.2578
807.95111	2235.2578
807.9552	2183.7578
807.95923	2134.6719
807.96332	2115
807.96741	2126.7578
807.97144	2144
807.97552	2048.5
807.97961	2123.5
807.98364	2090.5
807.98773	2084.7578
807.99182	2111
807.99585	2011.5
807.99994	2035.2578
808.00403	2062.6719
808.00806	2032.5
808.01215	2048.7578
808.01624	2012
808.02026	1990.5
808.02435	1984.5
808.02844	2011.6719
808.03253	2008.5
808.03656	1988.5
808.04065	1975.6719
808.04474	1981
808.04877	2028.5
808.05286	2029.5
808.05695	2057.5
808.06097	2126.7578
808.06506	2128
808.06915	2158
808.07318	2255
808.07727	2387.5
808.0813	2721.5
808.08539	3483
808.08948	4196
808.09351	4486
808.0976	4564
808.10168	4533.5
808.10571	4343.5
808.1098	4176
808.11389	4060.7578
808.11792	3944.2578
808.12201	3858.7578
808.1261	3933.7578
808.13013	4031.4297
808.13422	4204.4297
808.13831	4745.9297
808.14233	5681.4297
808.14642	6873.4297
808.15045	7905.7578
808.15454	8059.2578
808.15863	7826.7578
808.16266	7601.7578
808.16675	7187.7578
808.17084	6797.2578
808.17487	6356.2578
808.17896	5939
808.18298	5613
808.18707	5341.5
808.19116	5122.7578
808.19519	4888
808.19928	4759.6719
808.20337	4742.2578
808.2074	4612.2578
808.21149	4560.4297
808.21552	4493.6719
808.2196	4449.6719
808.22369	4494.6719
808.22772	4381.6719
808.23181	4432.9297
808.23584	4358.9297
808.23993	4394.9297
808.24402	4362.4297
808.24805	4304.9297
808.25214	4209.4297
808.25616	4185.9297
808.26025	4203.9297
808.26434	4224.9297
808.26837	4247.9297
808.27246	4296.9297
808.27649	4322.4297
808.28058	4382.4297
808.28461	4418.4297
808.2887	4537.9297
808.29279	4732.4297
808.29681	4780.4297
808.3009	4929.9297
808.30493	4979.4297
808.30902	5165.4297
808.31311	5268.4297
808.31714	5381.4297
808.32123	5500.9297
808.32526	5485.4297
808.32935	5430.4297
808.33337	5420.4297
808.33746	5419.4297
808.34155	5264.9297
808.34558	5035.4297
808.34967	4916.9297
808.3537	4714.7578
808.35779	4576.2578
808.36182	4313.5
808.36591	4146
808.36993	3834
808.37402	3694
808.37811	3488.5
808.38214	3354.5
808.38623	3174.7578
808.39026	3037
808.39435	2925.5
808.39838	2752.5
808.40247	2699.2578
808.40649	2611
808.41058	2519
808.41461	2412.5
808.4187	2383
808.42279	2318.5
808.42682	2257
808.43091	2217
808.43494	2169.7578
808.43903	2151.7578
808.44305	2137.7578
808.44714	2062
808.45117	2080.5
808.45526	2043.5
808.45929	2035
808.46338	2014
808.46741	1965.2578
808.4715	1978
808.47552	1945.7578
808.47961	1933.5
808.48364	1930.2578
808.48773	1952.7578
808.49182	1887.6719
808.49585	1876.6719
808.49994	1859.2578
808.50397	1877
808.50806	1860.5
808.51208	1852
808.51617	1824
808.5202	1834.2578
808.52429	1816
808.52832	1810.6719
808.53241	1814.7578
808.53644	1792.2578
808.54053	1804.2578
808.54456	1775.7578
808.54865	1783.5
808.55267	1761.2578
808.55676	1780.7578
808.56079	1764.7578
808.56488	1739.9297
808.56891	1777.6719
808.573	1770.2578
808.57703	1808.9297
808.58105	1810.4297
808.58514	1813.9297
808.58917	1823.9297
808.59326	1819.6719
808.59729	1832.9297
808.60138	1838.6719
808.60541	1880.4297
808.6095	1876.9297
808.61353	1900.9297
808.61761	1926.9297
808.62164	1950.9297
808.62573	1942.6719
808.62976	1919.6719
808.63385	1945.6719
808.63788	1969.6719
808.64197	1980.4297
808.646	2012.6719
808.65002	1970.6719
808.65411	1987.2578
808.65814	2001.6719
808.66223	1968.6719
808.66626	1990.2578
808.67035	1976.6719
808.67438	1962.4297
808.67847	1950.6719
808.6825	1912.6719
808.68658	1911.6719
808.69061	1860.6719
808.69464	1900.7578
808.69873	1849.6719
808.70276	1769.6719
808.70685	1773.4297
808.71088	1744.6719
808.71497	1691.2578
808.71899	1665.6719
808.72308	1644
808.72711	1628.5
808.73114	1585.6719
808.73523	1558.6719
808.73926	1548.9297
808.74335	1560.5
808.74738	1544
808.75146	1519.5
808.75549	1478
808.75952	1428.5
808.76361	1414.6719
808.76764	1385
808.77173	1358.6719
808.77576	1353.7578
808.77979	1382.5
808.78387	1359.2578
808.7879	1381.2578
808.79199	1345.6719
808.79602	1319
808.80011	1297.5
808.80414	1289
808.80817	1287.5
808.81226	1298
808.81628	1270.5
808.82037	1245.6719
808.8244	1244.5
808.82843	1249.5
808.83252	1233.5
808.83655	1232
808.84064	1232.5
808.84467	1193
808.84869	1231.6719
808.85278	1192.5
808.85681	1192
808.86084	1164.6719
808.86493	1178.5
808.86896	1167.5
808.87305	1159
808.87708	1170
808.8811	1167
808.88519	1154.5
808.88922	1168
808.89331	1145
808.89734	1138.5
808.90137	1131.5
808.90546	1125
808.90948	1137.6719
808.91351	1118.2578
808.9176	1116.5
808.92163	1098
808.92566	1114
808.92975	1105.5
808.93378	1095
808.93787	1104.5
808.94189	1079.5
808.94592	1102
808.95001	1092.7578
808.95404	1088.2578
808.95807	1085.5
808.96216	1096
808.96619	1066.5
808.97021	1082
808.9743	1071.6719
808.97833	1071
808.98236	1065.6719
808.98645	1064
808.99048	1069.2578
808.99451	1105.5
808.9986	1055.7578
809.00262	1053.5
809.00665	1053
809.01074	1062
809.01477	1058
809.0188	1056
809.02289	1052
809.02692	1047
809.03094	1061.5
809.03503	1064.5
809.03906	1053.5
809.04309	1044
809.04718	1047
809.05121	1044.5
809.05524	1039
809.05933	1032
809.06335	1056.7578
809.06738	1032
809.07147	1036
809.0755	1051
809.07953	1049.2578
809.08362	1035.5
809.08765	1025.5
809.09167	1039
809.09576	1039.2578
809.09979	1026.5
809.10382	1026
809.10785	1022.6719
809.11194	1031
809.11597	1024.5
809.12	1038.2578
809.12408	1040
809.12811	1033.6719
809.13214	1045.5
809.13623	1045.2578
809.14026	1033.5
809.14429	1042.7578
809.14832	1021
809.1524	1041.5
809.15643	1017
809.16046	1029
809.16455	1040
809.16858	1037
809.17261	1032
809.17664	1036.5
809.18073	1040.7578
809.18475	1037
809.18878	1019.5
809.19281	1032
809.1969	1025.5
809.20093	1047.5
809.20496	1044.5
809.20905	1019.5
809.21307	1036.5
809.2171	1059.5
809.22113	1046
809.22522	1048
809.22925	1051
809.23328	1030.5
809.2373	1047
809.24139	1047
809.24542	1046
809.24945	1052
809.25348	1053.2578
809.25757	1060
809.2616	1045
809.26563	1059.6719
809.26965	1040
809.27374	1041
809.27777	1054
809.2818	1061.5
809.28583	1075.2578
809.28992	1076.6719
809.29395	1073.7578
809.29797	1071
809.302	1082.5
809.30603	1095
809.31012	1094.5
809.31415	1098
809.31818	1090.2578
809.3222	1089
809.32629	1096
809.33032	1084
809.33435	1121.7578
809.33838	1117.5
809.34247	1119.6719
809.3465	1128.2578
809.35052	1130.5
809.35455	1146.5
809.35858	1134.5
809.36267	1124.6719
809.3667	1136.6719
809.37073	1146.6719
809.37476	1166
809.37878	1163.5
809.38287	1173.2578
809.3869	1182.6719
809.39093	1203
809.39496	1231
809.39899	1259
809.40308	1275.5
809.4071	1343
809.41113	1385
809.41516	1502
809.41919	1790.5
809.42328	2422.5
809.42731	3278.5
809.43134	3917
809.43536	4250
809.43939	4440.5
809.44348	4366
809.44751	4221.5
809.45154	3936.5
809.45557	3700.2578
809.45959	3408.2578
809.46362	3237
809.46771	2964.7578
809.47174	2776
809.47577	2698.7578
809.4798	2633.9297
809.48383	2624.4297
809.48792	2716.4297
809.49194	2930.4297
809.49597	3362.9297
809.5	4105.9297
809.50403	5214.4297
809.50806	6400.4297
809.51208	7365.4297
809.51617	7612.7578
809.5202	7646.2578
809.52423	7348.2578
809.52826	6991.7578
809.53229	6638.2578
809.53632	6287.2578
809.54041	5927.4297
809.54443	5594.4297
809.54846	5254.9297
809.55249	4976.9297
809.55652	4698.6719
809.56055	4432.4297
809.56458	4228.4297
809.56866	4019.9297
809.57269	3859.9297
809.57672	3721.9297
809.58075	3660.9297
809.58478	3589.4297
809.58881	3555.9297
809.59283	3534.4297
809.59692	3546.9297
809.60095	3599.4297
809.60498	3662.4297
809.60901	3794.4297
809.61304	3909.4297
809.61707	4040.4297
809.62109	4052.9297
809.62512	4303.9297
809.62921	4548.4297
809.63324	4721.9297
809.63727	4881.4297
809.6413	4969.4297
809.64532	5218.4297
809.64935	5198.4297
809.65338	5351.4297
809.65741	5303.4297
809.66144	5244.4297
809.66553	5093.4297
809.66956	4933.4297
809.67358	4732.4297
809.67761	4391.7578
809.68164	4171.7578
809.68567	3894.5
809.6897	3665
809.69373	3406
809.69775	3232.2578
809.70178	3047.5
809.70587	2868.2578
809.7099	2715.5
809.71393	2584
809.71796	2525
809.72198	2359.2578
809.72601	2241
809.73004	2205.5
809.73407	2090
809.7381	2069.5
809.74213	1995.5
809.74615	1928.5
809.75018	1910.7578
809.75427	1851
809.7583	1814
809.76233	1802
809.76636	1749.5
809.77039	1750.5
809.77441	1700
809.77844	1703.2578
809.78247	1688.6719
809.7865	1676
809.79053	1631.7578
809.79456	1567
809.79858	1575.6719
809.80261	1575.5
809.80664	1595
809.81067	1538.6719
809.81476	1557
809.81879	1560
809.82281	1518.5
809.82684	1544.7578
809.83087	1538.6719
809.8349	1537.5
809.83893	1521.6719
809.84296	1523.5
809.84698	1523.7578
809.85101	1481.6719
809.85504	1510.5
809.85907	1523.4297
809.8631	1502.6719
809.86713	1512.6719
809.87115	1538.6719
809.87518	1491.6719
809.87921	1552.9297
809.88324	1545.6719
809.88727	1561.9297
809.8913	1566.9297
809.89532	1554.6719
809.89935	1537.6719
809.90338	1560.6719
809.90741	1620.9297
809.91144	1584.9297
809.91547	1543.9297
809.91949	1587.9297
809.92352	1554.6719
809.92761	1574.4297
809.93164	1569.4297
809.93567	1509.6719
809.9397	1540.2578
809.94373	1520.2578
809.94775	1506.5
809.95178	1451.6719
809.95581	1453.2578
809.95984	1429.6719
809.96387	1406.5
809.9679	1378.2578
809.97192	1353.5
809.97595	1334
809.97998	1319.5
809.98401	1316.5
809.98804	1283.2578
809.99207	1251.6719
809.99609	1267.7578
810.00012	1228.5
810.00415	1221.5
810.00818	1213.7578
810.01221	1228.6719
810.01617	1178.6719
810.0202	1166.6719
810.02423	1165.5
810.02826	1148
810.03229	1162
810.03632	1138
810.04034	1109
810.04437	1112.6719
810.0484	1092.6719
810.05243	1092.5
810.05646	1089.2578
810.06049	1083
810.06451	1074
810.06854	1083.5
810.07257	1063
810.0766	1060.7578
810.08063	1041
810.08466	1056.5
810.08868	1045.2578
810.09271	1051
810.09674	1029
810.10077	1033.5
810.1048	1023.5
810.10883	1014.5
810.11285	1002
810.11688	1011
810.12091	1016
810.12494	1011
810.12891	1011.5
810.13293	1003.5
810.13696	991.5
810.14099	998.5
810.14502	981.5
810.14905	988
810.15308	988
810.1571	972
810.16113	987
810.16516	977.5
810.16919	972
810.17322	971.5
810.17725	967.5
810.18127	978.5
810.1853	955
810.18927	967.67188
810.1933	971.5
810.19733	966
810.20135	971.5
810.20538	953.5
810.20941	957.5
810.21344	960
810.21747	961
810.2215	947
810.22552	950.5
810.22955	956
810.23358	962.5
810.23755	945
810.24158	946
810.24561	939.5
810.24963	948
810.25366	936.5
810.25769	945
810.26172	946.25781
810.26575	940
810.26978	922
810.2738	942
810.27777	936.75781
810.2818	932
810.28583	940
810.28986	942
810.29388	936
810.29791	929
810.30194	922.5
810.30597	925.5
810.31	933
810.31396	927
810.31799	926.5
810.32202	932.5
810.32605	933.5
810.33008	930.5
810.33411	924.5
810.33813	929.5
810.34216	928
810.34613	926.5
810.35016	920
810.35419	931
810.35822	921
810.36224	925.5
810.36627	913.5
810.3703	913.5
810.37427	912
810.3783	923
810.38232	910.5
810.38635	921
810.39038	911.5
810.39441	907.5
810.39844	919.5
810.4024	918.5
810.40643	917.5
810.41046	917.5
810.41449	915.5
810.41852	911
810.42255	920.5
810.42651	915
810.43054	911.5
810.43457	913.5
810.4386	908.5
810.44263	911
810.44666	911.5
810.45062	922
810.45465	913
810.45868	915.5
810.46271	914.5
810.46674	913
810.47076	914
810.47473	906
810.47876	911.5
810.48279	910
810.48682	900.5
810.49084	904.5
810.49487	905.5
810.49884	906
810.50287	918
810.5069	904.5
810.51093	907
810.51495	914.5
810.51892	901.5
810.52295	901.5
810.52698	908.5
810.53101	898
810.53503	904
810.539	898.5
810.54303	906.5
810.54706	905.5
810.55109	900.5
810.55511	907.5
810.55908	907.5
810.56311	901.5
810.56714	899.5
810.57117	899.5
810.5752	911
810.57916	902
810.58319	899.5
810.58722	901
810.59125	895.5
810.59521	904.5
810.59924	908
810.60327	904
810.6073	902
810.61133	903.5
810.6153	903
810.61932	905
810.62335	903.5
810.62738	902.5
810.63135	904
810.63538	901
810.6394	896
810.64343	898.5
810.64746	900.5
810.65143	896
810.65546	898.5
810.65948	899
810.66351	902.5
810.66748	901
810.67151	895
810.67554	902
810.67957	897
810.68353	902.5
810.68756	903.5
810.69159	899
810.69562	896.5
810.69958	898
810.70361	900
810.70764	903
810.71167	899
810.71564	895.5
810.71967	889
810.72369	902.5
810.72766	899.5
810.73169	898
810.73572	901.5
810.73975	901
810.74371	895.5
810.74774	900.5
810.75177	893.5
810.7558	896
810.75977	894.5
810.76379	897.5
810.76782	894.5
810.77179	905.5
810.77582	896
810.77985	897.5
810.78387	901
810.78784	898.5
810.79187	899.5
810.7959	905
810.79987	895.5
810.80389	894
810.80792	895
810.81195	897
810.81592	888.5
810.81995	888
810.82397	901
810.82794	894.5
810.83197	890.5
810.836	897
810.83997	897
810.84399	897
810.84802	891
810.85199	892
810.85602	896.5
810.86005	901
810.86407	894
810.86804	893
810.87207	897
810.8761	893
810.88007	892
810.88409	894
810.88812	894.5
810.89209	893
810.89612	896
810.90015	884.5
810.90411	890
810.90814	889
810.91217	895
810.91614	895.5
810.92017	893.5
810.92419	894.5
810.92816	881.5
810.93219	898
810.93622	893
810.94019	893.5
810.94421	893
810.94824	889
810.95221	893
810.95624	889
810.96027	899.5
810.96423	890.5
810.96826	892
810.97229	894
810.97626	888
810.98029	891
810.98425	888
810.98828	889
810.99231	890
810.99628	885.5
811.00031	894
811.00433	890
811.0083	887.5
811.01233	887.5
811.01636	890
811.02032	884.5
811.02435	886.5
811.02832	891
811.03235	895
811.03638	890
811.04034	895.5
811.04437	894.5
811.0484	892
811.05237	892.5
811.0564	894.5
811.06036	890.5
811.06439	894
811.06842	890.5
811.07239	894.5
811.07642	891.5
811.08038	890
811.08441	895.5
811.08844	889.5
811.09241	891.5
811.09644	883.5
811.1004	885.5
811.10443	890
811.10846	885.5
811.11243	889.5
811.11646	888
811.12042	890.5
811.12445	891.5
811.12848	883.5
811.13245	887
811.13647	887.5
811.14044	890.5
811.14447	887.5
811.1485	885
811.15247	887.5
811.15649	883
811.16046	889.5
811.16449	887
811.16852	884
811.17249	889
811.17651	892
811.18048	890.5
811.18451	885.5
811.18848	882.5
811.1925	888
811.19653	888
811.2005	890.5
811.20453	884
811.2085	888
811.21252	889.5
811.21649	886.5
811.22052	884.5
811.22449	887.5
811.22852	887
811.23254	889.5
811.23651	884.5
811.24054	882
811.24451	885
811.24854	881.5
811.2525	890
811.25653	886.5
811.2605	885.5
811.26453	887
811.26849	891.5
811.27252	882.5
811.27655	886.5
811.28052	887.5
811.28455	891
811.28851	886
811.29254	883
811.29651	888.5
811.30054	889.5
811.3045	890
811.30853	889
811.3125	884.5
811.31653	887
811.3205	885.5
811.32452	886
811.32849	887.5
811.33252	885
811.33649	882.5
811.34052	885
811.34454	886
811.34851	877.5
811.35254	875.5
811.35651	878.5
811.36053	877.5
811.3645	882
811.36853	872
811.3725	878.5
811.37653	879
811.38049	877.5
811.38452	878
811.38849	877.5
811.39252	880
811.39648	875
811.40051	878.5
811.40448	879
811.40851	876
811.41248	879.5
811.4165	875
811.42047	879.5
811.4245	877
811.42847	880.5
811.43243	876.5
811.43646	881
811.44043	873.5
811.44446	875
811.44843	876
811.45245	876.5
811.45642	876.5
811.46045	876.5
811.46442	877.5
811.46844	875.5
811.47241	881.5
811.47644	880.5
811.48041	875
811.48444	877
811.4884	875.5
811.49243	875.5
811.4964	878
811.50037	875
811.50439	876.5
811.50836	876.5
811.51239	877.5
811.51636	878
811.52039	875
811.52435	872.5
811.52838	879
811.53235	878
811.53638	875.5
811.54034	875
811.54431	878
811.54834	875.5
811.55231	875.5
811.55634	876.5
811.5603	879
